schema_version,submission_id,method_id,method_name,configuration_id,candidate_group,selection_role,selection_metric,selected_from,base_format,format,algorithm,preprocess_policy,operator_id,dtype,backend_id,hardware,cpu_model,peak_gflops,job_id,dataset_id,matrix_id,matrix_name,rows,cols,nnz,rhs_columns,dense_layout,op_a,op_b,alpha,beta,input_seed,ranking_scope,status,validation_status,failed_elements,invalid_elements,operations,preprocess_ms,solve_ms,pre_plus_solve_ms,pre_amortized_ms,solve_gflops,pre_plus_solve_gflops,pre_amortized_gflops,solve_only_efficiency_percent,pre_plus_solve_efficiency_percent,pre_amortized_efficiency_percent,library_version,gpu_runtime,runtime_version,driver_version,timestamp,source_kind,selected_configuration_id,nan_elements,inf_elements,error,error_type,failure_stage,warmup,iterations,validation_safety_factor,public_ranked
3,A100-SXM4-80GB-suitesparse_all-fp64-n2-row-major-AlphaSparse-SpMM-CSR-pre-plus-solve,AlphaSparse-SpMM-CSR-best-pre-plus-solve,AlphaSparseLib CSR PER MATRIX BEST,per-matrix-best,AlphaSparse-SpMM-CSR,best,pre-plus-solve,"csr-alg1,csr-alg2,csr-alg3,csr-alg4,csr-alg5",manual-selection,csr,ALPHASPARSE_SPMM_CSR_ALG1,workspace-setup,spmm.csr.fp64,fp64,A100-SXM4-80GB,A100-SXM4-80GB,,9700.0,005fdebf-9ece-5bc0-9d3c-6fda0356699d,suitesparse_all,ACUSIM/Pres_Poisson,Pres_Poisson,14822,14822,715804,2,row-major,N,N,1.0,0.0,20260922,main,pass,pass,0,0,2863216.0,0.01383,0.0163328006864,0.0301628006864,0.0170243006864,175.3046556420751,94.92540264309692,168.18405952423663,1.8072644911554132,0.9786123983824424,1.7338562837550167,AlphaSparse 248af573c867cf4c7e05d40c611c7c34ebac4715,CUDA,13040,13000,2026-10-08T13:55:01.910523+00:00,derived,csr-alg1,0,0,,,,5,20,4,true
3,A100-SXM4-80GB-suitesparse_all-fp64-n2-row-major-AlphaSparse-SpMM-CSR-pre-plus-solve,AlphaSparse-SpMM-CSR-best-pre-plus-solve,AlphaSparseLib CSR PER MATRIX BEST,per-matrix-best,AlphaSparse-SpMM-CSR,best,pre-plus-solve,"csr-alg1,csr-alg2,csr-alg3,csr-alg4,csr-alg5",manual-selection,csr,ALPHASPARSE_SPMM_CSR_ALG1,workspace-setup,spmm.csr.fp64,fp64,A100-SXM4-80GB,A100-SXM4-80GB,,9700.0,d94c6f41-d28e-5f45-abb9-189a8a3b4f78,suitesparse_all,AG-Monien/3elt,3elt,4720,4720,27444,2,row-major,N,N,1.0,0.0,20260922,main,pass,pass,0,0,109776.0,0.01407,0.00650240033865,0.0205724003386,0.00720590033865,16.882381010516376,5.336081263887679,15.234182384010898,0.17404516505686987,0.05501114705038844,0.1570534266392876,AlphaSparse 248af573c867cf4c7e05d40c611c7c34ebac4715,CUDA,13040,13000,2026-10-06T02:01:17.096843+00:00,derived,csr-alg1,0,0,,,,5,20,4,true
3,A100-SXM4-80GB-suitesparse_all-fp64-n2-row-major-AlphaSparse-SpMM-CSR-pre-plus-solve,AlphaSparse-SpMM-CSR-best-pre-plus-solve,AlphaSparseLib CSR PER MATRIX BEST,per-matrix-best,AlphaSparse-SpMM-CSR,best,pre-plus-solve,"csr-alg1,csr-alg2,csr-alg3,csr-alg4,csr-alg5",manual-selection,csr,ALPHASPARSE_SPMM_CSR_ALG1,workspace-setup,spmm.csr.fp64,fp64,A100-SXM4-80GB,A100-SXM4-80GB,,9700.0,018f64fd-81d1-5f6a-986f-7d386c913e5c,suitesparse_all,AG-Monien/3elt_dual,3elt_dual,9000,9000,26556,2,row-major,N,N,1.0,0.0,20260922,main,pass,pass,0,0,106224.0,0.01735,0.00511999987066,0.0224699998707,0.00598749987066,20.746875524101736,4.7273698536381366,17.740960717263608,0.21388531468146116,0.0487357716869911,0.182896502239831,AlphaSparse 248af573c867cf4c7e05d40c611c7c34ebac4715,CUDA,13040,13000,2026-10-06T20:34:37.066609+00:00,derived,csr-alg1,0,0,,,,5,20,4,true
3,A100-SXM4-80GB-suitesparse_all-fp64-n2-row-major-AlphaSparse-SpMM-CSR-pre-plus-solve,AlphaSparse-SpMM-CSR-best-pre-plus-solve,AlphaSparseLib CSR PER MATRIX BEST,per-matrix-best,AlphaSparse-SpMM-CSR,best,pre-plus-solve,"csr-alg1,csr-alg2,csr-alg3,csr-alg4,csr-alg5",manual-selection,csr,ALPHASPARSE_SPMM_CSR_ALG1,workspace-setup,spmm.csr.fp64,fp64,A100-SXM4-80GB,A100-SXM4-80GB,,9700.0,752b02ae-c4ef-54eb-ad5c-0957985c94ee,suitesparse_all,AG-Monien/airfoil1_dual,airfoil1_dual,8034,8034,23626,2,row-major,N,N,1.0,0.0,20260922,main,pass,pass,0,0,94504.0,0.014711,0.00511999987066,0.0198309998707,0.00585554987066,18.45781296627608,4.7654682374149075,16.13921870489477,0.1902867316110936,0.04912853853005059,0.16638369798860586,AlphaSparse 248af573c867cf4c7e05d40c611c7c34ebac4715,CUDA,13040,13000,2026-10-08T03:41:27.670809+00:00,derived,csr-alg1,0,0,,,,5,20,4,true
3,A100-SXM4-80GB-suitesparse_all-fp64-n2-row-major-AlphaSparse-SpMM-CSR-pre-plus-solve,AlphaSparse-SpMM-CSR-best-pre-plus-solve,AlphaSparseLib CSR PER MATRIX BEST,per-matrix-best,AlphaSparse-SpMM-CSR,best,pre-plus-solve,"csr-alg1,csr-alg2,csr-alg3,csr-alg4,csr-alg5",manual-selection,csr,ALPHASPARSE_SPMM_CSR_ALG1,workspace-setup,spmm.csr.fp64,fp64,A100-SXM4-80GB,A100-SXM4-80GB,,9700.0,152f8cc9-7213-5fba-8430-8cd9341fa530,suitesparse_all,AG-Monien/big_dual,big_dual,30269,30269,89858,2,row-major,N,N,1.0,0.0,20260922,main,pass,pass,0,0,359432.0,0.0213,0.00573440007865,0.0270344000787,0.00679940007865,62.67996565817186,13.29535698789895,52.862310768947154,0.6461852129708439,0.13706553595772114,0.5449722759685274,AlphaSparse 248af573c867cf4c7e05d40c611c7c34ebac4715,CUDA,13040,13000,2026-10-07T22:30:54.472568+00:00,derived,csr-alg1,0,0,,,,5,20,4,true
3,A100-SXM4-80GB-suitesparse_all-fp64-n2-row-major-AlphaSparse-SpMM-CSR-pre-plus-solve,AlphaSparse-SpMM-CSR-best-pre-plus-solve,AlphaSparseLib CSR PER MATRIX BEST,per-matrix-best,AlphaSparse-SpMM-CSR,best,pre-plus-solve,"csr-alg1,csr-alg2,csr-alg3,csr-alg4,csr-alg5",manual-selection,csr,ALPHASPARSE_SPMM_CSR_ALG1,workspace-setup,spmm.csr.fp64,fp64,A100-SXM4-80GB,A100-SXM4-80GB,,9700.0,d94c6f41-d28e-5f45-abb9-189a8a3b4f78,suitesparse_all,AG-Monien/biplane-9,biplane-9,21701,21701,84076,2,row-major,N,N,1.0,0.0,20260922,main,pass,pass,0,0,336304.0,0.01335,0.00624639987946,0.0195963998795,0.00691389987946,53.83965267831579,17.16151956828617,48.641722596981914,0.5550479657558328,0.1769228821472801,0.5014610577008445,AlphaSparse 248af573c867cf4c7e05d40c611c7c34ebac4715,CUDA,13040,13000,2026-10-06T02:01:20.300242+00:00,derived,csr-alg1,0,0,,,,5,20,4,true
3,A100-SXM4-80GB-suitesparse_all-fp64-n2-row-major-AlphaSparse-SpMM-CSR-pre-plus-solve,AlphaSparse-SpMM-CSR-best-pre-plus-solve,AlphaSparseLib CSR PER MATRIX BEST,per-matrix-best,AlphaSparse-SpMM-CSR,best,pre-plus-solve,"csr-alg1,csr-alg2,csr-alg3,csr-alg4,csr-alg5",manual-selection,csr,ALPHASPARSE_SPMM_CSR_ALG1,workspace-setup,spmm.csr.fp64,fp64,A100-SXM4-80GB,A100-SXM4-80GB,,9700.0,018f64fd-81d1-5f6a-986f-7d386c913e5c,suitesparse_all,AG-Monien/brack2,brack2,62631,62631,733118,2,row-major,N,N,1.0,0.0,20260922,main,pass,pass,0,0,2932472.0,0.01738,0.0239616006613,0.0413416006613,0.0248306006613,122.38214138741529,70.93271554783064,118.09911648937417,1.2616715606950029,0.7312651087405221,1.217516664838909,AlphaSparse 248af573c867cf4c7e05d40c611c7c34ebac4715,CUDA,13040,13000,2026-10-06T20:34:38.463949+00:00,derived,csr-alg1,0,0,,,,5,20,4,true
3,A100-SXM4-80GB-suitesparse_all-fp64-n2-row-major-AlphaSparse-SpMM-CSR-pre-plus-solve,AlphaSparse-SpMM-CSR-best-pre-plus-solve,AlphaSparseLib CSR PER MATRIX BEST,per-matrix-best,AlphaSparse-SpMM-CSR,best,pre-plus-solve,"csr-alg1,csr-alg2,csr-alg3,csr-alg4,csr-alg5",manual-selection,csr,ALPHASPARSE_SPMM_CSR_ALG1,workspace-setup,spmm.csr.fp64,fp64,A100-SXM4-80GB,A100-SXM4-80GB,,9700.0,752b02ae-c4ef-54eb-ad5c-0957985c94ee,suitesparse_all,AG-Monien/cage,cage,366,366,5124,2,row-major,N,N,1.0,0.0,20260922,main,pass,pass,0,0,20496.0,0.01383,0.00819199979305,0.0220219997931,0.00888349979305,2.5019531882054697,0.9307056667225049,2.3071987929841606,0.025793331837169788,0.00959490378064438,0.023785554566847014,AlphaSparse 248af573c867cf4c7e05d40c611c7c34ebac4715,CUDA,13040,13000,2026-10-08T03:41:29.536035+00:00,derived,csr-alg1,0,0,,,,5,20,4,true
3,A100-SXM4-80GB-suitesparse_all-fp64-n2-row-major-AlphaSparse-SpMM-CSR-pre-plus-solve,AlphaSparse-SpMM-CSR-best-pre-plus-solve,AlphaSparseLib CSR PER MATRIX BEST,per-matrix-best,AlphaSparse-SpMM-CSR,best,pre-plus-solve,"csr-alg1,csr-alg2,csr-alg3,csr-alg4,csr-alg5",manual-selection,csr,ALPHASPARSE_SPMM_CSR_ALG1,workspace-setup,spmm.csr.fp64,fp64,A100-SXM4-80GB,A100-SXM4-80GB,,9700.0,152f8cc9-7213-5fba-8430-8cd9341fa530,suitesparse_all,AG-Monien/cca,cca,49152,49152,139264,2,row-major,N,N,1.0,0.0,20260922,main,pass,pass,0,0,557056.0,0.01857,0.00650240033865,0.0250724003386,0.00743090033865,85.66928687686024,22.21789667032355,74.96480569152708,0.8831885245037138,0.2290504811373562,0.7728330483662585,AlphaSparse 248af573c867cf4c7e05d40c611c7c34ebac4715,CUDA,13040,13000,2026-10-07T22:30:57.189346+00:00,derived,csr-alg1,0,0,,,,5,20,4,true
3,A100-SXM4-80GB-suitesparse_all-fp64-n2-row-major-AlphaSparse-SpMM-CSR-pre-plus-solve,AlphaSparse-SpMM-CSR-best-pre-plus-solve,AlphaSparseLib CSR PER MATRIX BEST,per-matrix-best,AlphaSparse-SpMM-CSR,best,pre-plus-solve,"csr-alg1,csr-alg2,csr-alg3,csr-alg4,csr-alg5",manual-selection,csr,ALPHASPARSE_SPMM_CSR_ALG1,workspace-setup,spmm.csr.fp64,fp64,A100-SXM4-80GB,A100-SXM4-80GB,,9700.0,a0827285-e98d-55a9-b486-73107367c8f5,suitesparse_all,AG-Monien/ccc,ccc,49152,49152,147456,2,row-major,N,N,1.0,0.0,20260922,main,pass,pass,0,0,589824.0,0.01915,0.00640000030398,0.025550000304,0.00735750030398,92.1599956226882,23.085087787950425,80.1663575441428,0.9501030476565795,0.23799059575206624,0.8264572942695133,AlphaSparse 248af573c867cf4c7e05d40c611c7c34ebac4715,CUDA,13040,13000,2026-10-06T07:10:48.102565+00:00,derived,csr-alg1,0,0,,,,5,20,4,true
3,A100-SXM4-80GB-suitesparse_all-fp64-n2-row-major-AlphaSparse-SpMM-CSR-pre-plus-solve,AlphaSparse-SpMM-CSR-best-pre-plus-solve,AlphaSparseLib CSR PER MATRIX BEST,per-matrix-best,AlphaSparse-SpMM-CSR,best,pre-plus-solve,"csr-alg1,csr-alg2,csr-alg3,csr-alg4,csr-alg5",manual-selection,csr,ALPHASPARSE_SPMM_CSR_ALG1,workspace-setup,spmm.csr.fp64,fp64,A100-SXM4-80GB,A100-SXM4-80GB,,9700.0,a0827285-e98d-55a9-b486-73107367c8f5,suitesparse_all,AG-Monien/crack,crack,10240,10240,60760,2,row-major,N,N,1.0,0.0,20260922,main,pass,pass,0,0,243040.0,0.01843,0.00773120000958,0.0261612000096,0.00865270000958,31.436258239191933,9.290093723178412,28.088342336023864,0.32408513648651477,0.0957741620946228,0.28957053954663775,AlphaSparse 248af573c867cf4c7e05d40c611c7c34ebac4715,CUDA,13040,13000,2026-10-06T07:10:45.932065+00:00,derived,csr-alg1,0,0,,,,5,20,4,true
3,A100-SXM4-80GB-suitesparse_all-fp64-n2-row-major-AlphaSparse-SpMM-CSR-pre-plus-solve,AlphaSparse-SpMM-CSR-best-pre-plus-solve,AlphaSparseLib CSR PER MATRIX BEST,per-matrix-best,AlphaSparse-SpMM-CSR,best,pre-plus-solve,"csr-alg1,csr-alg2,csr-alg3,csr-alg4,csr-alg5",manual-selection,csr,ALPHASPARSE_SPMM_CSR_ALG4,workspace-setup,spmm.csr.fp64,fp64,A100-SXM4-80GB,A100-SXM4-80GB,,9700.0,dd6a9a30-d69d-5ea7-834e-7b0f3242a57c,suitesparse_all,AG-Monien/crack_dual,crack_dual,20141,20141,60086,2,row-major,N,N,1.0,0.0,20260922,main,pass,pass,0,0,240344.0,0.01175,0.0134143993258,0.0251643993258,0.0140018993258,17.916866358506624,9.550953189396635,17.165099848785545,0.18470996245883117,0.09846343494223336,0.17695979225552108,AlphaSparse 248af573c867cf4c7e05d40c611c7c34ebac4715,CUDA,13040,13000,2026-10-06T21:50:32.090748+00:00,derived,csr-alg4,0,0,,,,5,20,4,true
3,A100-SXM4-80GB-suitesparse_all-fp64-n2-row-major-AlphaSparse-SpMM-CSR-pre-plus-solve,AlphaSparse-SpMM-CSR-best-pre-plus-solve,AlphaSparseLib CSR PER MATRIX BEST,per-matrix-best,AlphaSparse-SpMM-CSR,best,pre-plus-solve,"csr-alg1,csr-alg2,csr-alg3,csr-alg4,csr-alg5",manual-selection,csr,ALPHASPARSE_SPMM_CSR_ALG2,workspace-setup,spmm.csr.fp64,fp64,A100-SXM4-80GB,A100-SXM4-80GB,,9700.0,dd6a9a30-d69d-5ea7-834e-7b0f3242a57c,suitesparse_all,AG-Monien/debr,debr,1048576,1048576,4194298,2,row-major,N,N,1.0,0.0,20260922,main,pass,pass,0,0,16777192.0,0.19176,0.188108801842,0.379868801842,0.197696801842,89.18876647830561,44.165753856717586,84.86324434023162,0.9194718193639753,0.4553170500692535,0.8748788076312538,AlphaSparse 248af573c867cf4c7e05d40c611c7c34ebac4715,CUDA,13040,13000,2026-10-06T20:35:03.553051+00:00,derived,csr-alg2,0,0,,,,5,20,4,true
3,A100-SXM4-80GB-suitesparse_all-fp64-n2-row-major-AlphaSparse-SpMM-CSR-pre-plus-solve,AlphaSparse-SpMM-CSR-best-pre-plus-solve,AlphaSparseLib CSR PER MATRIX BEST,per-matrix-best,AlphaSparse-SpMM-CSR,best,pre-plus-solve,"csr-alg1,csr-alg2,csr-alg3,csr-alg4,csr-alg5",manual-selection,csr,ALPHASPARSE_SPMM_CSR_ALG1,workspace-setup,spmm.csr.fp64,fp64,A100-SXM4-80GB,A100-SXM4-80GB,,9700.0,752b02ae-c4ef-54eb-ad5c-0957985c94ee,suitesparse_all,AG-Monien/diag,diag,2559,2559,8184,2,row-major,N,N,1.0,0.0,20260922,main,pass,pass,0,0,32736.0,0.01539,0.00573440007865,0.0211244000787,0.00650390007865,5.708705278845272,1.5496771448202271,5.033287658809626,0.05885263174067291,0.015976053039383785,0.05188956349288274,AlphaSparse 248af573c867cf4c7e05d40c611c7c34ebac4715,CUDA,13040,13000,2026-10-08T03:41:28.934116+00:00,derived,csr-alg1,0,0,,,,5,20,4,true
3,A100-SXM4-80GB-suitesparse_all-fp64-n2-row-major-AlphaSparse-SpMM-CSR-pre-plus-solve,AlphaSparse-SpMM-CSR-best-pre-plus-solve,AlphaSparseLib CSR PER MATRIX BEST,per-matrix-best,AlphaSparse-SpMM-CSR,best,pre-plus-solve,"csr-alg1,csr-alg2,csr-alg3,csr-alg4,csr-alg5",manual-selection,csr,ALPHASPARSE_SPMM_CSR_ALG1,workspace-setup,spmm.csr.fp64,fp64,A100-SXM4-80GB,A100-SXM4-80GB,,9700.0,005fdebf-9ece-5bc0-9d3c-6fda0356699d,suitesparse_all,AG-Monien/grid1,grid1,252,252,952,2,row-major,N,N,1.0,0.0,20260922,main,pass,pass,0,0,3808.0,0.01294,0.00532479993999,0.01826479994,0.00597179993999,0.7151442388288397,0.20848845935949517,0.63766369239864,0.0073726210188540175,0.0021493655604071667,0.006573852498955052,AlphaSparse 248af573c867cf4c7e05d40c611c7c34ebac4715,CUDA,13040,13000,2026-10-08T14:04:44.128237+00:00,derived,csr-alg1,0,0,,,,5,20,4,true
3,A100-SXM4-80GB-suitesparse_all-fp64-n2-row-major-AlphaSparse-SpMM-CSR-pre-plus-solve,AlphaSparse-SpMM-CSR-best-pre-plus-solve,AlphaSparseLib CSR PER MATRIX BEST,per-matrix-best,AlphaSparse-SpMM-CSR,best,pre-plus-solve,"csr-alg1,csr-alg2,csr-alg3,csr-alg4,csr-alg5",manual-selection,csr,ALPHASPARSE_SPMM_CSR_ALG1,workspace-setup,spmm.csr.fp64,fp64,A100-SXM4-80GB,A100-SXM4-80GB,,9700.0,d94c6f41-d28e-5f45-abb9-189a8a3b4f78,suitesparse_all,AG-Monien/grid1_dual,grid1_dual,224,224,840,2,row-major,N,N,1.0,0.0,20260922,main,pass,pass,0,0,3360.0,0.01476,0.00547839999199,0.020238399992,0.00621639999199,0.6133177579060812,0.16602102939600802,0.5405057596566262,0.006322863483567848,0.0017115570040825568,0.005572224326356971,AlphaSparse 248af573c867cf4c7e05d40c611c7c34ebac4715,CUDA,13040,13000,2026-10-06T02:01:18.018719+00:00,derived,csr-alg1,0,0,,,,5,20,4,true
3,A100-SXM4-80GB-suitesparse_all-fp64-n2-row-major-AlphaSparse-SpMM-CSR-pre-plus-solve,AlphaSparse-SpMM-CSR-best-pre-plus-solve,AlphaSparseLib CSR PER MATRIX BEST,per-matrix-best,AlphaSparse-SpMM-CSR,best,pre-plus-solve,"csr-alg1,csr-alg2,csr-alg3,csr-alg4,csr-alg5",manual-selection,csr,ALPHASPARSE_SPMM_CSR_ALG1,workspace-setup,spmm.csr.fp64,fp64,A100-SXM4-80GB,A100-SXM4-80GB,,9700.0,018f64fd-81d1-5f6a-986f-7d386c913e5c,suitesparse_all,AG-Monien/grid2,grid2,3296,3296,12864,2,row-major,N,N,1.0,0.0,20260922,main,pass,pass,0,0,51456.0,0.01335,0.00721919983625,0.0205691998363,0.00788669983625,7.127659736141717,2.5016043603792384,6.524401976539088,0.07348102820764656,0.025789735674012767,0.06726187604679472,AlphaSparse 248af573c867cf4c7e05d40c611c7c34ebac4715,CUDA,13040,13000,2026-10-06T20:34:37.700880+00:00,derived,csr-alg1,0,0,,,,5,20,4,true
3,A100-SXM4-80GB-suitesparse_all-fp64-n2-row-major-AlphaSparse-SpMM-CSR-pre-plus-solve,AlphaSparse-SpMM-CSR-best-pre-plus-solve,AlphaSparseLib CSR PER MATRIX BEST,per-matrix-best,AlphaSparse-SpMM-CSR,best,pre-plus-solve,"csr-alg1,csr-alg2,csr-alg3,csr-alg4,csr-alg5",manual-selection,csr,ALPHASPARSE_SPMM_CSR_ALG1,workspace-setup,spmm.csr.fp64,fp64,A100-SXM4-80GB,A100-SXM4-80GB,,9700.0,152f8cc9-7213-5fba-8430-8cd9341fa530,suitesparse_all,AG-Monien/L,L,956,956,3640,2,row-major,N,N,1.0,0.0,20260922,main,pass,pass,0,0,14560.0,0.01836,0.00563200004399,0.023992000044,0.00655000004399,2.5852272525347755,0.6068689552058089,2.222900748429709,0.026651827345719335,0.006256380981503183,0.02291650256113102,AlphaSparse 248af573c867cf4c7e05d40c611c7c34ebac4715,CUDA,13040,13000,2026-10-07T22:30:56.346520+00:00,derived,csr-alg1,0,0,,,,5,20,4,true
3,A100-SXM4-80GB-suitesparse_all-fp64-n2-row-major-AlphaSparse-SpMM-CSR-pre-plus-solve,AlphaSparse-SpMM-CSR-best-pre-plus-solve,AlphaSparseLib CSR PER MATRIX BEST,per-matrix-best,AlphaSparse-SpMM-CSR,best,pre-plus-solve,"csr-alg1,csr-alg2,csr-alg3,csr-alg4,csr-alg5",manual-selection,csr,ALPHASPARSE_SPMM_CSR_ALG1,workspace-setup,spmm.csr.fp64,fp64,A100-SXM4-80GB,A100-SXM4-80GB,,9700.0,a0827285-e98d-55a9-b486-73107367c8f5,suitesparse_all,AG-Monien/L-9,L-9,17983,17983,71192,2,row-major,N,N,1.0,0.0,20260922,main,pass,pass,0,0,284768.0,0.01895,0.00624639987946,0.0251963998795,0.00719389987946,45.58914022401943,11.301932076085585,39.58464876791915,0.4699911363300972,0.11651476367098541,0.40808916255586747,AlphaSparse 248af573c867cf4c7e05d40c611c7c34ebac4715,CUDA,13040,13000,2026-10-06T07:10:47.397005+00:00,derived,csr-alg1,0,0,,,,5,20,4,true
3,A100-SXM4-80GB-suitesparse_all-fp64-n2-row-major-AlphaSparse-SpMM-CSR-pre-plus-solve,AlphaSparse-SpMM-CSR-best-pre-plus-solve,AlphaSparseLib CSR PER MATRIX BEST,per-matrix-best,AlphaSparse-SpMM-CSR,best,pre-plus-solve,"csr-alg1,csr-alg2,csr-alg3,csr-alg4,csr-alg5",manual-selection,csr,ALPHASPARSE_SPMM_CSR_ALG1,workspace-setup,spmm.csr.fp64,fp64,A100-SXM4-80GB,A100-SXM4-80GB,,9700.0,752b02ae-c4ef-54eb-ad5c-0957985c94ee,suitesparse_all,AG-Monien/netz4504,netz4504,1961,1961,5156,2,row-major,N,N,1.0,0.0,20260922,main,pass,pass,0,0,20624.0,0.01452,0.00634879991412,0.0208687999141,0.00707479991412,3.2484879471679915,0.988269573952137,2.915135445574692,0.03348956646564939,0.010188346123217907,0.03005294273788342,AlphaSparse 248af573c867cf4c7e05d40c611c7c34ebac4715,CUDA,13040,13000,2026-10-08T03:41:28.323760+00:00,derived,csr-alg1,0,0,,,,5,20,4,true
3,A100-SXM4-80GB-suitesparse_all-fp64-n2-row-major-AlphaSparse-SpMM-CSR-pre-plus-solve,AlphaSparse-SpMM-CSR-best-pre-plus-solve,AlphaSparseLib CSR PER MATRIX BEST,per-matrix-best,AlphaSparse-SpMM-CSR,best,pre-plus-solve,"csr-alg1,csr-alg2,csr-alg3,csr-alg4,csr-alg5",manual-selection,csr,ALPHASPARSE_SPMM_CSR_ALG1,workspace-setup,spmm.csr.fp64,fp64,A100-SXM4-80GB,A100-SXM4-80GB,,9700.0,152f8cc9-7213-5fba-8430-8cd9341fa530,suitesparse_all,AG-Monien/netz4504_dual,netz4504_dual,615,615,2342,2,row-major,N,N,1.0,0.0,20260922,main,pass,pass,0,0,9368.0,0.018011,0.00542719997466,0.0234381999747,0.00632774997466,1.7261202910782516,0.399689396374813,1.480463045713711,0.01779505454719847,0.004120509240977454,0.015262505625914547,AlphaSparse 248af573c867cf4c7e05d40c611c7c34ebac4715,CUDA,13040,13000,2026-10-07T22:30:55.289563+00:00,derived,csr-alg1,0,0,,,,5,20,4,true
3,A100-SXM4-80GB-suitesparse_all-fp64-n2-row-major-AlphaSparse-SpMM-CSR-pre-plus-solve,AlphaSparse-SpMM-CSR-best-pre-plus-solve,AlphaSparseLib CSR PER MATRIX BEST,per-matrix-best,AlphaSparse-SpMM-CSR,best,pre-plus-solve,"csr-alg1,csr-alg2,csr-alg3,csr-alg4,csr-alg5",manual-selection,csr,ALPHASPARSE_SPMM_CSR_ALG1,workspace-setup,spmm.csr.fp64,fp64,A100-SXM4-80GB,A100-SXM4-80GB,,9700.0,005fdebf-9ece-5bc0-9d3c-6fda0356699d,suitesparse_all,AG-Monien/se,se,32768,32768,98300,2,row-major,N,N,1.0,0.0,20260922,main,pass,pass,0,0,393200.0,0.01542,0.00496639981866,0.0203863998187,0.00573739981866,79.17203897331217,19.287368220813867,68.5327870512315,0.8162065873537337,0.19883884763725634,0.7065235778477474,AlphaSparse 248af573c867cf4c7e05d40c611c7c34ebac4715,CUDA,13040,13000,2026-10-08T14:04:47.507789+00:00,derived,csr-alg1,0,0,,,,5,20,4,true
3,A100-SXM4-80GB-suitesparse_all-fp64-n2-row-major-AlphaSparse-SpMM-CSR-pre-plus-solve,AlphaSparse-SpMM-CSR-best-pre-plus-solve,AlphaSparseLib CSR PER MATRIX BEST,per-matrix-best,AlphaSparse-SpMM-CSR,best,pre-plus-solve,"csr-alg1,csr-alg2,csr-alg3,csr-alg4,csr-alg5",manual-selection,csr,ALPHASPARSE_SPMM_CSR_ALG1,workspace-setup,spmm.csr.fp64,fp64,A100-SXM4-80GB,A100-SXM4-80GB,,9700.0,018f64fd-81d1-5f6a-986f-7d386c913e5c,suitesparse_all,AG-Monien/shock-9,shock-9,36476,36476,142580,2,row-major,N,N,1.0,0.0,20260922,main,pass,pass,0,0,570320.0,0.01862,0.00675840005279,0.0253784000528,0.00768940005279,84.38683646206482,22.472653863657435,74.16963561325785,0.8699673862068538,0.23167684395523128,0.7646354186933799,AlphaSparse 248af573c867cf4c7e05d40c611c7c34ebac4715,CUDA,13040,13000,2026-10-06T20:34:39.098062+00:00,derived,csr-alg1,0,0,,,,5,20,4,true
3,A100-SXM4-80GB-suitesparse_all-fp64-n2-row-major-AlphaSparse-SpMM-CSR-pre-plus-solve,AlphaSparse-SpMM-CSR-best-pre-plus-solve,AlphaSparseLib CSR PER MATRIX BEST,per-matrix-best,AlphaSparse-SpMM-CSR,best,pre-plus-solve,"csr-alg1,csr-alg2,csr-alg3,csr-alg4,csr-alg5",manual-selection,csr,ALPHASPARSE_SPMM_CSR_ALG1,workspace-setup,spmm.csr.fp64,fp64,A100-SXM4-80GB,A100-SXM4-80GB,,9700.0,dd6a9a30-d69d-5ea7-834e-7b0f3242a57c,suitesparse_all,AG-Monien/stufe,stufe,1036,1036,3736,2,row-major,N,N,1.0,0.0,20260922,main,pass,pass,0,0,14944.0,0.01556,0.00573440007865,0.0212944000787,0.00651240007865,2.6060267499714,0.7017807472748636,2.294699315079218,0.02686625515434433,0.007234853064689316,0.023656693969888842,AlphaSparse 248af573c867cf4c7e05d40c611c7c34ebac4715,CUDA,13040,13000,2026-10-06T19:57:24.134637+00:00,derived,csr-alg1,0,0,,,,5,20,4,true
3,A100-SXM4-80GB-suitesparse_all-fp64-n2-row-major-AlphaSparse-SpMM-CSR-pre-plus-solve,AlphaSparse-SpMM-CSR-best-pre-plus-solve,AlphaSparseLib CSR PER MATRIX BEST,per-matrix-best,AlphaSparse-SpMM-CSR,best,pre-plus-solve,"csr-alg1,csr-alg2,csr-alg3,csr-alg4,csr-alg5",manual-selection,csr,ALPHASPARSE_SPMM_CSR_ALG1,workspace-setup,spmm.csr.fp64,fp64,A100-SXM4-80GB,A100-SXM4-80GB,,9700.0,005fdebf-9ece-5bc0-9d3c-6fda0356699d,suitesparse_all,AG-Monien/stufe-10,stufe-10,24010,24010,92828,2,row-major,N,N,1.0,0.0,20260922,main,pass,pass,0,0,371312.0,0.0139,0.00660479962826,0.0205047996283,0.00729979962826,56.21851091610181,18.108540767573672,50.866053715026005,0.5795722774855857,0.18668598729457395,0.5243923063404743,AlphaSparse 248af573c867cf4c7e05d40c611c7c34ebac4715,CUDA,13040,13000,2026-10-08T14:04:45.981002+00:00,derived,csr-alg1,0,0,,,,5,20,4,true
3,A100-SXM4-80GB-suitesparse_all-fp64-n2-row-major-AlphaSparse-SpMM-CSR-pre-plus-solve,AlphaSparse-SpMM-CSR-best-pre-plus-solve,AlphaSparseLib CSR PER MATRIX BEST,per-matrix-best,AlphaSparse-SpMM-CSR,best,pre-plus-solve,"csr-alg1,csr-alg2,csr-alg3,csr-alg4,csr-alg5",manual-selection,csr,ALPHASPARSE_SPMM_CSR_ALG1,workspace-setup,spmm.csr.fp64,fp64,A100-SXM4-80GB,A100-SXM4-80GB,,9700.0,a0827285-e98d-55a9-b486-73107367c8f5,suitesparse_all,AG-Monien/ukerbe1,ukerbe1,5981,5981,15704,2,row-major,N,N,1.0,0.0,20260922,main,pass,pass,0,0,62816.0,0.01947,0.00650240033865,0.0259724003386,0.00747590033865,9.660432567743374,2.4185673707887254,8.402466212028628,0.09959208832725128,0.024933684234935315,0.08662336301060442,AlphaSparse 248af573c867cf4c7e05d40c611c7c34ebac4715,CUDA,13040,13000,2026-10-06T07:10:46.724143+00:00,derived,csr-alg1,0,0,,,,5,20,4,true
3,A100-SXM4-80GB-suitesparse_all-fp64-n2-row-major-AlphaSparse-SpMM-CSR-pre-plus-solve,AlphaSparse-SpMM-CSR-best-pre-plus-solve,AlphaSparseLib CSR PER MATRIX BEST,per-matrix-best,AlphaSparse-SpMM-CSR,best,pre-plus-solve,"csr-alg1,csr-alg2,csr-alg3,csr-alg4,csr-alg5",manual-selection,csr,ALPHASPARSE_SPMM_CSR_ALG1,workspace-setup,spmm.csr.fp64,fp64,A100-SXM4-80GB,A100-SXM4-80GB,,9700.0,dd6a9a30-d69d-5ea7-834e-7b0f3242a57c,suitesparse_all,AG-Monien/ukerbe1_dual,ukerbe1_dual,1866,1866,7076,2,row-major,N,N,1.0,0.0,20260922,main,pass,pass,0,0,28304.0,0.01798,0.00552960000932,0.0235096000093,0.00642860000932,5.118634250631931,1.2039337117094044,4.402824869950794,0.05276942526424672,0.01241168774958149,0.045389947112894784,AlphaSparse 248af573c867cf4c7e05d40c611c7c34ebac4715,CUDA,13040,13000,2026-10-06T19:57:22.268946+00:00,derived,csr-alg1,0,0,,,,5,20,4,true
3,A100-SXM4-80GB-suitesparse_all-fp64-n2-row-major-AlphaSparse-SpMM-CSR-pre-plus-solve,AlphaSparse-SpMM-CSR-best-pre-plus-solve,AlphaSparseLib CSR PER MATRIX BEST,per-matrix-best,AlphaSparse-SpMM-CSR,best,pre-plus-solve,"csr-alg1,csr-alg2,csr-alg3,csr-alg4,csr-alg5",manual-selection,csr,ALPHASPARSE_SPMM_CSR_ALG1,workspace-setup,spmm.csr.fp64,fp64,A100-SXM4-80GB,A100-SXM4-80GB,,9700.0,005fdebf-9ece-5bc0-9d3c-6fda0356699d,suitesparse_all,AG-Monien/whitaker3,whitaker3,9800,9800,57978,2,row-major,N,N,1.0,0.0,20260922,main,pass,pass,0,0,231912.0,0.014209,0.00711679980159,0.0213257998016,0.00782724980159,32.58655666387965,10.874715234952193,29.628797582631154,0.3359438831327799,0.11211046633971333,0.3054515214704243,AlphaSparse 248af573c867cf4c7e05d40c611c7c34ebac4715,CUDA,13040,13000,2026-10-08T14:04:44.741864+00:00,derived,csr-alg1,0,0,,,,5,20,4,true
3,A100-SXM4-80GB-suitesparse_all-fp64-n2-row-major-AlphaSparse-SpMM-CSR-pre-plus-solve,AlphaSparse-SpMM-CSR-best-pre-plus-solve,AlphaSparseLib CSR PER MATRIX BEST,per-matrix-best,AlphaSparse-SpMM-CSR,best,pre-plus-solve,"csr-alg1,csr-alg2,csr-alg3,csr-alg4,csr-alg5",manual-selection,csr,ALPHASPARSE_SPMM_CSR_ALG1,workspace-setup,spmm.csr.fp64,fp64,A100-SXM4-80GB,A100-SXM4-80GB,,9700.0,d94c6f41-d28e-5f45-abb9-189a8a3b4f78,suitesparse_all,AG-Monien/whitaker3_dual,whitaker3_dual,19190,19190,57162,2,row-major,N,N,1.0,0.0,20260922,main,pass,pass,0,0,228648.0,0.0148,0.00522239990532,0.0200223999053,0.00596239990532,43.78216991140009,11.41961009077019,38.34831672326892,0.45136257640618654,0.11772793908010504,0.3953434713739064,AlphaSparse 248af573c867cf4c7e05d40c611c7c34ebac4715,CUDA,13040,13000,2026-10-06T02:01:19.005945+00:00,derived,csr-alg1,0,0,,,,5,20,4,true
3,A100-SXM4-80GB-suitesparse_all-fp64-n2-row-major-AlphaSparse-SpMM-CSR-pre-plus-solve,AlphaSparse-SpMM-CSR-best-pre-plus-solve,AlphaSparseLib CSR PER MATRIX BEST,per-matrix-best,AlphaSparse-SpMM-CSR,best,pre-plus-solve,"csr-alg1,csr-alg2,csr-alg3,csr-alg4,csr-alg5",manual-selection,csr,ALPHASPARSE_SPMM_CSR_ALG1,workspace-setup,spmm.csr.fp64,fp64,A100-SXM4-80GB,A100-SXM4-80GB,,9700.0,752b02ae-c4ef-54eb-ad5c-0957985c94ee,suitesparse_all,AMD/G2_circuit,G2_circuit,150102,150102,726674,2,row-major,N,N,1.0,0.0,20260922,main,pass,pass,0,0,2906696.0,0.02523,0.0154624000192,0.0406924000192,0.0167239000192,187.98478867385995,71.43093055775836,173.80491372604152,1.937987512101649,0.7364013459562718,1.791803234289088,AlphaSparse 248af573c867cf4c7e05d40c611c7c34ebac4715,CUDA,13040,13000,2026-10-08T03:35:43.438981+00:00,derived,csr-alg1,0,0,,,,5,20,4,true
3,A100-SXM4-80GB-suitesparse_all-fp64-n2-row-major-AlphaSparse-SpMM-CSR-pre-plus-solve,AlphaSparse-SpMM-CSR-best-pre-plus-solve,AlphaSparseLib CSR PER MATRIX BEST,per-matrix-best,AlphaSparse-SpMM-CSR,best,pre-plus-solve,"csr-alg1,csr-alg2,csr-alg3,csr-alg4,csr-alg5",manual-selection,csr,ALPHASPARSE_SPMM_CSR_ALG1,workspace-setup,spmm.csr.fp64,fp64,A100-SXM4-80GB,A100-SXM4-80GB,,9700.0,152f8cc9-7213-5fba-8430-8cd9341fa530,suitesparse_all,AMD/G3_circuit,G3_circuit,1585478,1585478,7660826,2,row-major,N,N,1.0,0.0,20260922,main,pass,pass,0,0,30643304.0,0.37134,0.17940479517,0.55074479517,0.19797179517,170.80537881366595,55.639752329463676,154.78621070080385,1.7608801939553191,0.5736056941181822,1.5957341309361222,AlphaSparse 248af573c867cf4c7e05d40c611c7c34ebac4715,CUDA,13040,13000,2026-10-07T22:27:21.352971+00:00,derived,csr-alg1,0,0,,,,5,20,4,true
3,A100-SXM4-80GB-suitesparse_all-fp64-n2-row-major-AlphaSparse-SpMM-CSR-pre-plus-solve,AlphaSparse-SpMM-CSR-best-pre-plus-solve,AlphaSparseLib CSR PER MATRIX BEST,per-matrix-best,AlphaSparse-SpMM-CSR,best,pre-plus-solve,"csr-alg1,csr-alg2,csr-alg3,csr-alg4,csr-alg5",manual-selection,csr,ALPHASPARSE_SPMM_CSR_ALG5,workspace-setup,spmm.csr.fp64,fp64,A100-SXM4-80GB,A100-SXM4-80GB,,9700.0,752b02ae-c4ef-54eb-ad5c-0957985c94ee,suitesparse_all,Andrews/Andrews,Andrews,60000,60000,760154,2,row-major,N,N,1.0,0.0,20260922,main,pass,pass,0,0,3040616.0,0.01417,0.0335328012705,0.0477028012705,0.0342413012705,90.67587212509258,63.74082693295319,88.79966260568462,0.9348028054133256,0.6571219271438473,0.915460439233862,AlphaSparse 248af573c867cf4c7e05d40c611c7c34ebac4715,CUDA,13040,13000,2026-10-08T07:57:54.254581+00:00,derived,csr-alg5,0,0,,,,5,20,4,true
3,A100-SXM4-80GB-suitesparse_all-fp64-n2-row-major-AlphaSparse-SpMM-CSR-pre-plus-solve,AlphaSparse-SpMM-CSR-best-pre-plus-solve,AlphaSparseLib CSR PER MATRIX BEST,per-matrix-best,AlphaSparse-SpMM-CSR,best,pre-plus-solve,"csr-alg1,csr-alg2,csr-alg3,csr-alg4,csr-alg5",manual-selection,csr,ALPHASPARSE_SPMM_CSR_ALG5,workspace-setup,spmm.csr.fp64,fp64,A100-SXM4-80GB,A100-SXM4-80GB,,9700.0,752b02ae-c4ef-54eb-ad5c-0957985c94ee,suitesparse_all,Andrianov/fxm3_6,fxm3_6,5026,5026,94026,2,row-major,N,N,1.0,0.0,20260922,main,pass,pass,0,0,376104.0,0.01315,0.0148479998112,0.0279979998112,0.0155054998112,25.330280494501412,13.433245322387197,24.256167461840278,0.2611369123144476,0.13848706517924947,0.25006358208082763,AlphaSparse 248af573c867cf4c7e05d40c611c7c34ebac4715,CUDA,13040,13000,2026-10-08T08:00:06.424727+00:00,derived,csr-alg5,0,0,,,,5,20,4,true
3,A100-SXM4-80GB-suitesparse_all-fp64-n2-row-major-AlphaSparse-SpMM-CSR-pre-plus-solve,AlphaSparse-SpMM-CSR-best-pre-plus-solve,AlphaSparseLib CSR PER MATRIX BEST,per-matrix-best,AlphaSparse-SpMM-CSR,best,pre-plus-solve,"csr-alg1,csr-alg2,csr-alg3,csr-alg4,csr-alg5",manual-selection,csr,ALPHASPARSE_SPMM_CSR_ALG2,workspace-setup,spmm.csr.fp64,fp64,A100-SXM4-80GB,A100-SXM4-80GB,,9700.0,152f8cc9-7213-5fba-8430-8cd9341fa530,suitesparse_all,Andrianov/fxm4_6,fxm4_6,18892,18892,497844,2,row-major,N,N,1.0,0.0,20260922,main,pass,pass,0,0,1991376.0,0.01959,0.0287743985653,0.0483643985653,0.0297538985653,69.20652035457194,41.17441876820427,66.92823784518812,0.7134692820058962,0.4244785440021059,0.6899818334555476,AlphaSparse 248af573c867cf4c7e05d40c611c7c34ebac4715,CUDA,13040,13000,2026-10-07T23:25:29.132992+00:00,derived,csr-alg2,0,0,,,,5,20,4,true
3,A100-SXM4-80GB-suitesparse_all-fp64-n2-row-major-AlphaSparse-SpMM-CSR-pre-plus-solve,AlphaSparse-SpMM-CSR-best-pre-plus-solve,AlphaSparseLib CSR PER MATRIX BEST,per-matrix-best,AlphaSparse-SpMM-CSR,best,pre-plus-solve,"csr-alg1,csr-alg2,csr-alg3,csr-alg4,csr-alg5",manual-selection,csr,ALPHASPARSE_SPMM_CSR_ALG5,workspace-setup,spmm.csr.fp64,fp64,A100-SXM4-80GB,A100-SXM4-80GB,,9700.0,a0827285-e98d-55a9-b486-73107367c8f5,suitesparse_all,Andrianov/ins2,ins2,309412,309412,2751484,2,row-major,N,N,1.0,0.0,20260922,main,pass,pass,0,0,11005936.0,0.03058,0.0898559987545,0.120435998755,0.0913849987545,122.48415411941345,91.3841053652829,120.43482136019664,1.2627232383444684,0.942104179023535,1.2415960964968724,AlphaSparse 248af573c867cf4c7e05d40c611c7c34ebac4715,CUDA,13040,13000,2026-10-06T08:58:39.614773+00:00,derived,csr-alg5,0,0,,,,5,20,4,true
3,A100-SXM4-80GB-suitesparse_all-fp64-n2-row-major-AlphaSparse-SpMM-CSR-pre-plus-solve,AlphaSparse-SpMM-CSR-best-pre-plus-solve,AlphaSparseLib CSR PER MATRIX BEST,per-matrix-best,AlphaSparse-SpMM-CSR,best,pre-plus-solve,"csr-alg1,csr-alg2,csr-alg3,csr-alg4,csr-alg5",manual-selection,csr,ALPHASPARSE_SPMM_CSR_ALG5,workspace-setup,spmm.csr.fp64,fp64,A100-SXM4-80GB,A100-SXM4-80GB,,9700.0,dd6a9a30-d69d-5ea7-834e-7b0f3242a57c,suitesparse_all,Andrianov/lp1,lp1,534388,534388,1643420,2,row-major,N,N,1.0,0.0,20260922,main,pass,pass,0,0,6573680.0,0.19661,0.089087998867,0.285697998867,0.098918498867,73.78861444417318,23.009191615165015,66.45551717114697,0.7607073654038472,0.23720816098108263,0.6851084244448141,AlphaSparse 248af573c867cf4c7e05d40c611c7c34ebac4715,CUDA,13040,13000,2026-10-06T22:22:40.200695+00:00,derived,csr-alg5,0,0,,,,5,20,4,true
3,A100-SXM4-80GB-suitesparse_all-fp64-n2-row-major-AlphaSparse-SpMM-CSR-pre-plus-solve,AlphaSparse-SpMM-CSR-best-pre-plus-solve,AlphaSparseLib CSR PER MATRIX BEST,per-matrix-best,AlphaSparse-SpMM-CSR,best,pre-plus-solve,"csr-alg1,csr-alg2,csr-alg3,csr-alg4,csr-alg5",manual-selection,csr,ALPHASPARSE_SPMM_CSR_ALG5,workspace-setup,spmm.csr.fp64,fp64,A100-SXM4-80GB,A100-SXM4-80GB,,9700.0,005fdebf-9ece-5bc0-9d3c-6fda0356699d,suitesparse_all,Andrianov/lpl1,lpl1,32460,32460,328036,2,row-major,N,N,1.0,0.0,20260922,main,pass,pass,0,0,1312144.0,0.014711,0.0218096002936,0.0365206002936,0.0225451502936,60.163596871834784,35.92887273076792,58.20072090504026,0.6202432667199462,0.37040074980173116,0.6000074320107243,AlphaSparse 248af573c867cf4c7e05d40c611c7c34ebac4715,CUDA,13040,13000,2026-10-08T15:33:08.748577+00:00,derived,csr-alg5,0,0,,,,5,20,4,true
3,A100-SXM4-80GB-suitesparse_all-fp64-n2-row-major-AlphaSparse-SpMM-CSR-pre-plus-solve,AlphaSparse-SpMM-CSR-best-pre-plus-solve,AlphaSparseLib CSR PER MATRIX BEST,per-matrix-best,AlphaSparse-SpMM-CSR,best,pre-plus-solve,"csr-alg1,csr-alg2,csr-alg3,csr-alg4,csr-alg5",manual-selection,csr,ALPHASPARSE_SPMM_CSR_ALG5,workspace-setup,spmm.csr.fp64,fp64,A100-SXM4-80GB,A100-SXM4-80GB,,9700.0,d94c6f41-d28e-5f45-abb9-189a8a3b4f78,suitesparse_all,Andrianov/mip1,mip1,66463,66463,10352819,2,row-major,N,N,1.0,0.0,20260922,main,pass,pass,0,0,41411276.0,0.04338,0.315016007423,0.358396007423,0.317185007423,131.45768794026202,115.54614209505962,130.5587434174455,1.355233896291361,1.1911973411861816,1.3459664269839742,AlphaSparse 248af573c867cf4c7e05d40c611c7c34ebac4715,CUDA,13040,13000,2026-10-06T03:35:08.058102+00:00,derived,csr-alg5,0,0,,,,5,20,4,true
3,A100-SXM4-80GB-suitesparse_all-fp64-n2-row-major-AlphaSparse-SpMM-CSR-pre-plus-solve,AlphaSparse-SpMM-CSR-best-pre-plus-solve,AlphaSparseLib CSR PER MATRIX BEST,per-matrix-best,AlphaSparse-SpMM-CSR,best,pre-plus-solve,"csr-alg1,csr-alg2,csr-alg3,csr-alg4,csr-alg5",manual-selection,csr,ALPHASPARSE_SPMM_CSR_ALG5,workspace-setup,spmm.csr.fp64,fp64,A100-SXM4-80GB,A100-SXM4-80GB,,9700.0,018f64fd-81d1-5f6a-986f-7d386c913e5c,suitesparse_all,Andrianov/net100,net100,29920,29920,2033200,2,row-major,N,N,1.0,0.0,20260922,main,pass,pass,0,0,8132800.0,0.01407,0.067788797617,0.081858797617,0.068492297617,119.97262506335508,99.35156924795855,118.74035888644818,1.2368311862201555,1.024242981937717,1.2241274112004965,AlphaSparse 248af573c867cf4c7e05d40c611c7c34ebac4715,CUDA,13040,13000,2026-10-06T23:09:27.184880+00:00,derived,csr-alg5,0,0,,,,5,20,4,true
3,A100-SXM4-80GB-suitesparse_all-fp64-n2-row-major-AlphaSparse-SpMM-CSR-pre-plus-solve,AlphaSparse-SpMM-CSR-best-pre-plus-solve,AlphaSparseLib CSR PER MATRIX BEST,per-matrix-best,AlphaSparse-SpMM-CSR,best,pre-plus-solve,"csr-alg1,csr-alg2,csr-alg3,csr-alg4,csr-alg5",manual-selection,csr,ALPHASPARSE_SPMM_CSR_ALG5,workspace-setup,spmm.csr.fp64,fp64,A100-SXM4-80GB,A100-SXM4-80GB,,9700.0,752b02ae-c4ef-54eb-ad5c-0957985c94ee,suitesparse_all,Andrianov/net150,net150,43520,43520,3121200,2,row-major,N,N,1.0,0.0,20260922,main,pass,pass,0,0,12484800.0,0.01949,0.102502405643,0.121992405643,0.103476905643,121.80006821969256,102.34079682415366,120.65300873098317,1.255670806388583,1.055059761073749,1.2438454508348782,AlphaSparse 248af573c867cf4c7e05d40c611c7c34ebac4715,CUDA,13040,13000,2026-10-08T08:00:07.771848+00:00,derived,csr-alg5,0,0,,,,5,20,4,true
3,A100-SXM4-80GB-suitesparse_all-fp64-n2-row-major-AlphaSparse-SpMM-CSR-pre-plus-solve,AlphaSparse-SpMM-CSR-best-pre-plus-solve,AlphaSparseLib CSR PER MATRIX BEST,per-matrix-best,AlphaSparse-SpMM-CSR,best,pre-plus-solve,"csr-alg1,csr-alg2,csr-alg3,csr-alg4,csr-alg5",manual-selection,csr,ALPHASPARSE_SPMM_CSR_ALG5,workspace-setup,spmm.csr.fp64,fp64,A100-SXM4-80GB,A100-SXM4-80GB,,9700.0,152f8cc9-7213-5fba-8430-8cd9341fa530,suitesparse_all,Andrianov/net25,net25,9520,9520,401200,2,row-major,N,N,1.0,0.0,20260922,main,pass,pass,0,0,1604800.0,0.02012,0.0217743992805,0.0418943992805,0.0227803992805,73.70122956444423,38.30583628267858,70.44652643001334,0.7598064903550952,0.394905528687408,0.7262528497939519,AlphaSparse 248af573c867cf4c7e05d40c611c7c34ebac4715,CUDA,13040,13000,2026-10-08T02:21:34.871222+00:00,derived,csr-alg5,0,0,,,,5,20,4,true
3,A100-SXM4-80GB-suitesparse_all-fp64-n2-row-major-AlphaSparse-SpMM-CSR-pre-plus-solve,AlphaSparse-SpMM-CSR-best-pre-plus-solve,AlphaSparseLib CSR PER MATRIX BEST,per-matrix-best,AlphaSparse-SpMM-CSR,best,pre-plus-solve,"csr-alg1,csr-alg2,csr-alg3,csr-alg4,csr-alg5",manual-selection,csr,ALPHASPARSE_SPMM_CSR_ALG5,workspace-setup,spmm.csr.fp64,fp64,A100-SXM4-80GB,A100-SXM4-80GB,,9700.0,a0827285-e98d-55a9-b486-73107367c8f5,suitesparse_all,Andrianov/net4-1,net4-1,88343,88343,2441727,2,row-major,N,N,1.0,0.0,20260922,main,pass,pass,0,0,9766908.0,0.01953,0.0665152013302,0.0860452013302,0.0674917013302,146.8372312595785,113.50903768031544,144.71272478694615,1.513785889274005,1.17019626474552,1.4918837606901665,AlphaSparse 248af573c867cf4c7e05d40c611c7c34ebac4715,CUDA,13040,13000,2026-10-06T08:58:40.977812+00:00,derived,csr-alg5,0,0,,,,5,20,4,true
3,A100-SXM4-80GB-suitesparse_all-fp64-n2-row-major-AlphaSparse-SpMM-CSR-pre-plus-solve,AlphaSparse-SpMM-CSR-best-pre-plus-solve,AlphaSparseLib CSR PER MATRIX BEST,per-matrix-best,AlphaSparse-SpMM-CSR,best,pre-plus-solve,"csr-alg1,csr-alg2,csr-alg3,csr-alg4,csr-alg5",manual-selection,csr,ALPHASPARSE_SPMM_CSR_ALG5,workspace-setup,spmm.csr.fp64,fp64,A100-SXM4-80GB,A100-SXM4-80GB,,9700.0,dd6a9a30-d69d-5ea7-834e-7b0f3242a57c,suitesparse_all,Andrianov/net50,net50,16320,16320,945200,2,row-major,N,N,1.0,0.0,20260922,main,pass,pass,0,0,3780800.0,0.0135,0.0346112012863,0.0481112012863,0.0352862012863,109.23631250835948,78.5846102137676,107.14669933790549,1.1261475516325719,0.8101506207604907,1.1046051478134586,AlphaSparse 248af573c867cf4c7e05d40c611c7c34ebac4715,CUDA,13040,13000,2026-10-06T22:22:41.054405+00:00,derived,csr-alg5,0,0,,,,5,20,4,true
3,A100-SXM4-80GB-suitesparse_all-fp64-n2-row-major-AlphaSparse-SpMM-CSR-pre-plus-solve,AlphaSparse-SpMM-CSR-best-pre-plus-solve,AlphaSparseLib CSR PER MATRIX BEST,per-matrix-best,AlphaSparse-SpMM-CSR,best,pre-plus-solve,"csr-alg1,csr-alg2,csr-alg3,csr-alg4,csr-alg5",manual-selection,csr,ALPHASPARSE_SPMM_CSR_ALG1,workspace-setup,spmm.csr.fp64,fp64,A100-SXM4-80GB,A100-SXM4-80GB,,9700.0,005fdebf-9ece-5bc0-9d3c-6fda0356699d,suitesparse_all,Andrianov/net75,net75,23120,23120,1489200,2,row-major,N,N,1.0,0.0,20260922,main,pass,pass,0,0,5956800.0,0.014,0.0477183997631,0.0617183997631,0.0484183997631,124.83235040514316,96.51578820683281,123.0276099405441,1.2869314474757028,0.9950081258436373,1.2683258756757123,AlphaSparse 248af573c867cf4c7e05d40c611c7c34ebac4715,CUDA,13040,13000,2026-10-08T13:55:35.130565+00:00,derived,csr-alg1,0,0,,,,5,20,4,true
3,A100-SXM4-80GB-suitesparse_all-fp64-n2-row-major-AlphaSparse-SpMM-CSR-pre-plus-solve,AlphaSparse-SpMM-CSR-best-pre-plus-solve,AlphaSparseLib CSR PER MATRIX BEST,per-matrix-best,AlphaSparse-SpMM-CSR,best,pre-plus-solve,"csr-alg1,csr-alg2,csr-alg3,csr-alg4,csr-alg5",manual-selection,csr,ALPHASPARSE_SPMM_CSR_ALG5,workspace-setup,spmm.csr.fp64,fp64,A100-SXM4-80GB,A100-SXM4-80GB,,9700.0,d94c6f41-d28e-5f45-abb9-189a8a3b4f78,suitesparse_all,Andrianov/pattern1,pattern1,19242,19242,9323432,2,row-major,N,N,1.0,0.0,20260922,main,pass,pass,0,0,37293728.0,0.04499,0.332620811462,0.377610811462,0.334870311462,112.12084967287319,98.76234172324001,111.36767495804706,1.1558850481739504,1.0181684713736083,1.1481203603922379,AlphaSparse 248af573c867cf4c7e05d40c611c7c34ebac4715,CUDA,13040,13000,2026-10-06T03:35:10.842574+00:00,derived,csr-alg5,0,0,,,,5,20,4,true
3,A100-SXM4-80GB-suitesparse_all-fp64-n2-row-major-AlphaSparse-SpMM-CSR-pre-plus-solve,AlphaSparse-SpMM-CSR-best-pre-plus-solve,AlphaSparseLib CSR PER MATRIX BEST,per-matrix-best,AlphaSparse-SpMM-CSR,best,pre-plus-solve,"csr-alg1,csr-alg2,csr-alg3,csr-alg4,csr-alg5",manual-selection,csr,ALPHASPARSE_SPMM_CSR_ALG5,workspace-setup,spmm.csr.fp64,fp64,A100-SXM4-80GB,A100-SXM4-80GB,,9700.0,018f64fd-81d1-5f6a-986f-7d386c913e5c,suitesparse_all,Andrianov/pf2177,pf2177,9728,9728,725144,2,row-major,N,N,1.0,0.0,20260922,main,pass,pass,0,0,2900576.0,0.01331,0.0322991997004,0.0456091997004,0.0329646997004,89.80333961537995,63.59629239393476,87.99036625122976,0.9258076249008244,0.6556318803498429,0.9071171778477294,AlphaSparse 248af573c867cf4c7e05d40c611c7c34ebac4715,CUDA,13040,13000,2026-10-06T23:09:28.213008+00:00,derived,csr-alg5,0,0,,,,5,20,4,true
3,A100-SXM4-80GB-suitesparse_all-fp64-n2-row-major-AlphaSparse-SpMM-CSR-pre-plus-solve,AlphaSparse-SpMM-CSR-best-pre-plus-solve,AlphaSparseLib CSR PER MATRIX BEST,per-matrix-best,AlphaSparse-SpMM-CSR,best,pre-plus-solve,"csr-alg1,csr-alg2,csr-alg3,csr-alg4,csr-alg5",manual-selection,csr,ALPHASPARSE_SPMM_CSR_ALG1,workspace-setup,spmm.csr.fp64,fp64,A100-SXM4-80GB,A100-SXM4-80GB,,9700.0,752b02ae-c4ef-54eb-ad5c-0957985c94ee,suitesparse_all,ANSYS/Delor295K,Delor295K,295734,1823928,2401323,2,row-major,N,N,1.0,0.0,20260922,main,pass,pass,0,0,9605292.0,0.03914,0.0594431996346,0.0985831996346,0.0614001996346,161.5877351664136,97.43335614589655,156.43747181869526,1.6658529398599342,1.004467589132954,1.612757441429848,AlphaSparse 248af573c867cf4c7e05d40c611c7c34ebac4715,CUDA,13040,13000,2026-10-08T03:51:05.748554+00:00,derived,csr-alg1,0,0,,,,5,20,4,true
3,A100-SXM4-80GB-suitesparse_all-fp64-n2-row-major-AlphaSparse-SpMM-CSR-pre-plus-solve,AlphaSparse-SpMM-CSR-best-pre-plus-solve,AlphaSparseLib CSR PER MATRIX BEST,per-matrix-best,AlphaSparse-SpMM-CSR,best,pre-plus-solve,"csr-alg1,csr-alg2,csr-alg3,csr-alg4,csr-alg5",manual-selection,csr,ALPHASPARSE_SPMM_CSR_ALG1,workspace-setup,spmm.csr.fp64,fp64,A100-SXM4-80GB,A100-SXM4-80GB,,9700.0,152f8cc9-7213-5fba-8430-8cd9341fa530,suitesparse_all,ANSYS/Delor338K,Delor338K,343236,887058,4211599,2,row-major,N,N,1.0,0.0,20260922,main,pass,pass,0,0,16846396.0,0.04086,0.0901632010937,0.131023201094,0.0922062010937,186.84336620316725,128.57567102114905,182.70350367087224,1.9262202701357447,1.3255223816613304,1.8835412749574458,AlphaSparse 248af573c867cf4c7e05d40c611c7c34ebac4715,CUDA,13040,13000,2026-10-07T22:37:51.173142+00:00,derived,csr-alg1,0,0,,,,5,20,4,true
3,A100-SXM4-80GB-suitesparse_all-fp64-n2-row-major-AlphaSparse-SpMM-CSR-pre-plus-solve,AlphaSparse-SpMM-CSR-best-pre-plus-solve,AlphaSparseLib CSR PER MATRIX BEST,per-matrix-best,AlphaSparse-SpMM-CSR,best,pre-plus-solve,"csr-alg1,csr-alg2,csr-alg3,csr-alg4,csr-alg5",manual-selection,csr,ALPHASPARSE_SPMM_CSR_ALG3,workspace-setup,spmm.csr.fp64,fp64,A100-SXM4-80GB,A100-SXM4-80GB,,9700.0,dd6a9a30-d69d-5ea7-834e-7b0f3242a57c,suitesparse_all,Arenas/celegans_metabolic,celegans_metabolic,453,453,4065,2,row-major,N,N,1.0,0.0,20260922,main,pass,pass,0,0,16260.0,0.01268,0.013670399785,0.026350399785,0.014304399785,1.1894311984819543,0.6170684366335887,1.1367131962468429,0.012262177303937674,0.006361530274573079,0.011718692744812813,AlphaSparse 248af573c867cf4c7e05d40c611c7c34ebac4715,CUDA,13040,13000,2026-10-06T21:12:50.793257+00:00,derived,csr-alg3,0,0,,,,5,20,4,true
3,A100-SXM4-80GB-suitesparse_all-fp64-n2-row-major-AlphaSparse-SpMM-CSR-pre-plus-solve,AlphaSparse-SpMM-CSR-best-pre-plus-solve,AlphaSparseLib CSR PER MATRIX BEST,per-matrix-best,AlphaSparse-SpMM-CSR,best,pre-plus-solve,"csr-alg1,csr-alg2,csr-alg3,csr-alg4,csr-alg5",manual-selection,csr,ALPHASPARSE_SPMM_CSR_ALG5,workspace-setup,spmm.csr.fp64,fp64,A100-SXM4-80GB,A100-SXM4-80GB,,9700.0,005fdebf-9ece-5bc0-9d3c-6fda0356699d,suitesparse_all,Arenas/email,email,1133,1133,10902,2,row-major,N,N,1.0,0.0,20260922,main,pass,pass,0,0,43608.0,0.01417,0.0110079996288,0.0251779996288,0.0117164996288,3.961482691724416,1.731988269239576,3.7219307285947756,0.040840027749736246,0.017855549167418307,0.03837041988242037,AlphaSparse 248af573c867cf4c7e05d40c611c7c34ebac4715,CUDA,13040,13000,2026-10-08T15:42:17.935461+00:00,derived,csr-alg5,0,0,,,,5,20,4,true
3,A100-SXM4-80GB-suitesparse_all-fp64-n2-row-major-AlphaSparse-SpMM-CSR-pre-plus-solve,AlphaSparse-SpMM-CSR-best-pre-plus-solve,AlphaSparseLib CSR PER MATRIX BEST,per-matrix-best,AlphaSparse-SpMM-CSR,best,pre-plus-solve,"csr-alg1,csr-alg2,csr-alg3,csr-alg4,csr-alg5",manual-selection,csr,ALPHASPARSE_SPMM_CSR_ALG2,workspace-setup,spmm.csr.fp64,fp64,A100-SXM4-80GB,A100-SXM4-80GB,,9700.0,a0827285-e98d-55a9-b486-73107367c8f5,suitesparse_all,Arenas/jazz,jazz,198,198,5484,2,row-major,N,N,1.0,0.0,20260922,main,pass,pass,0,0,21936.0,0.01606,0.0137216001749,0.0297816001749,0.0145246001749,1.5986473676828197,0.7365621682910011,1.510265324749363,0.01648090069776103,0.007593424415371144,0.015569745615972812,AlphaSparse 248af573c867cf4c7e05d40c611c7c34ebac4715,CUDA,13040,13000,2026-10-06T07:38:48.806089+00:00,derived,csr-alg2,0,0,,,,5,20,4,true
3,A100-SXM4-80GB-suitesparse_all-fp64-n2-row-major-AlphaSparse-SpMM-CSR-pre-plus-solve,AlphaSparse-SpMM-CSR-best-pre-plus-solve,AlphaSparseLib CSR PER MATRIX BEST,per-matrix-best,AlphaSparse-SpMM-CSR,best,pre-plus-solve,"csr-alg1,csr-alg2,csr-alg3,csr-alg4,csr-alg5",manual-selection,csr,ALPHASPARSE_SPMM_CSR_ALG3,workspace-setup,spmm.csr.fp64,fp64,A100-SXM4-80GB,A100-SXM4-80GB,,9700.0,152f8cc9-7213-5fba-8430-8cd9341fa530,suitesparse_all,Arenas/PGPgiantcompo,PGPgiantcompo,10680,10680,48632,2,row-major,N,N,1.0,0.0,20260922,main,pass,pass,0,0,194528.0,0.02141,0.0162303999066,0.0376403999066,0.0173008999066,11.985410163608865,5.168064114161836,11.24380818628925,0.12356092952174089,0.05327901148620449,0.11591554831226032,AlphaSparse 248af573c867cf4c7e05d40c611c7c34ebac4715,CUDA,13040,13000,2026-10-08T00:28:02.541834+00:00,derived,csr-alg3,0,0,,,,5,20,4,true
3,A100-SXM4-80GB-suitesparse_all-fp64-n2-row-major-AlphaSparse-SpMM-CSR-pre-plus-solve,AlphaSparse-SpMM-CSR-best-pre-plus-solve,AlphaSparseLib CSR PER MATRIX BEST,per-matrix-best,AlphaSparse-SpMM-CSR,best,pre-plus-solve,"csr-alg1,csr-alg2,csr-alg3,csr-alg4,csr-alg5",manual-selection,csr,ALPHASPARSE_SPMM_CSR_ALG5,workspace-setup,spmm.csr.fp64,fp64,A100-SXM4-80GB,A100-SXM4-80GB,,9700.0,752b02ae-c4ef-54eb-ad5c-0957985c94ee,suitesparse_all,ATandT/onetone2,onetone2,36057,36057,227628,2,row-major,N,N,1.0,0.0,20260922,main,pass,pass,0,0,910512.0,0.01502,0.0195424005389,0.0345624005389,0.0202934005389,46.59161489334876,26.34400347786081,44.86739411931767,0.4803259267355542,0.27158766472021456,0.46255045483832646,AlphaSparse 248af573c867cf4c7e05d40c611c7c34ebac4715,CUDA,13040,13000,2026-10-08T07:55:31.734158+00:00,derived,csr-alg5,0,0,,,,5,20,4,true
3,A100-SXM4-80GB-suitesparse_all-fp64-n2-row-major-AlphaSparse-SpMM-CSR-pre-plus-solve,AlphaSparse-SpMM-CSR-best-pre-plus-solve,AlphaSparseLib CSR PER MATRIX BEST,per-matrix-best,AlphaSparse-SpMM-CSR,best,pre-plus-solve,"csr-alg1,csr-alg2,csr-alg3,csr-alg4,csr-alg5",manual-selection,csr,ALPHASPARSE_SPMM_CSR_ALG3,workspace-setup,spmm.csr.fp64,fp64,A100-SXM4-80GB,A100-SXM4-80GB,,9700.0,152f8cc9-7213-5fba-8430-8cd9341fa530,suitesparse_all,ATandT/pre2,pre2,659033,659033,5959282,2,row-major,N,N,1.0,0.0,20260922,main,pass,pass,0,0,23837128.0,0.39356,0.264140796661,0.657700796661,0.283818796661,90.24402251119399,36.2431186354278,83.98713644209985,0.9303507475380824,0.37364039830337936,0.8658467674443284,AlphaSparse 248af573c867cf4c7e05d40c611c7c34ebac4715,CUDA,13040,13000,2026-10-08T00:21:33.358773+00:00,derived,csr-alg3,0,0,,,,5,20,4,true
3,A100-SXM4-80GB-suitesparse_all-fp64-n2-row-major-AlphaSparse-SpMM-CSR-pre-plus-solve,AlphaSparse-SpMM-CSR-best-pre-plus-solve,AlphaSparseLib CSR PER MATRIX BEST,per-matrix-best,AlphaSparse-SpMM-CSR,best,pre-plus-solve,"csr-alg1,csr-alg2,csr-alg3,csr-alg4,csr-alg5",manual-selection,csr,ALPHASPARSE_SPMM_CSR_ALG5,workspace-setup,spmm.csr.fp64,fp64,A100-SXM4-80GB,A100-SXM4-80GB,,9700.0,a0827285-e98d-55a9-b486-73107367c8f5,suitesparse_all,ATandT/twotone,twotone,120750,120750,1224224,2,row-major,N,N,1.0,0.0,20260922,main,pass,pass,0,0,4896896.0,0.02814,0.0360895991325,0.0642295991325,0.0374965991325,135.6871818393285,76.24048828170538,130.59573703460586,1.3988369261786444,0.7859844152753133,1.3463478044804729,AlphaSparse 248af573c867cf4c7e05d40c611c7c34ebac4715,CUDA,13040,13000,2026-10-06T08:56:08.796625+00:00,derived,csr-alg5,0,0,,,,5,20,4,true
3,A100-SXM4-80GB-suitesparse_all-fp64-n2-row-major-AlphaSparse-SpMM-CSR-pre-plus-solve,AlphaSparse-SpMM-CSR-best-pre-plus-solve,AlphaSparseLib CSR PER MATRIX BEST,per-matrix-best,AlphaSparse-SpMM-CSR,best,pre-plus-solve,"csr-alg1,csr-alg2,csr-alg3,csr-alg4,csr-alg5",manual-selection,csr,ALPHASPARSE_SPMM_CSR_ALG5,workspace-setup,spmm.csr.fp64,fp64,A100-SXM4-80GB,A100-SXM4-80GB,,9700.0,dd6a9a30-d69d-5ea7-834e-7b0f3242a57c,suitesparse_all,Averous/epb0,epb0,1794,1794,7764,2,row-major,N,N,1.0,0.0,20260922,main,pass,pass,0,0,31056.0,0.01359,0.010956799984,0.024546799984,0.011636299984,2.8344042097465016,1.2651750949306142,2.6688895991597184,0.029220661956149502,0.013043042215779527,0.027514325764533176,AlphaSparse 248af573c867cf4c7e05d40c611c7c34ebac4715,CUDA,13040,13000,2026-10-06T22:20:11.078461+00:00,derived,csr-alg5,0,0,,,,5,20,4,true
3,A100-SXM4-80GB-suitesparse_all-fp64-n2-row-major-AlphaSparse-SpMM-CSR-pre-plus-solve,AlphaSparse-SpMM-CSR-best-pre-plus-solve,AlphaSparseLib CSR PER MATRIX BEST,per-matrix-best,AlphaSparse-SpMM-CSR,best,pre-plus-solve,"csr-alg1,csr-alg2,csr-alg3,csr-alg4,csr-alg5",manual-selection,csr,ALPHASPARSE_SPMM_CSR_ALG1,workspace-setup,spmm.csr.fp64,fp64,A100-SXM4-80GB,A100-SXM4-80GB,,9700.0,005fdebf-9ece-5bc0-9d3c-6fda0356699d,suitesparse_all,Averous/epb1,epb1,14734,14734,95053,2,row-major,N,N,1.0,0.0,20260922,main,pass,pass,0,0,380212.0,0.01359,0.00650240033865,0.0200924003386,0.00718190033865,58.472560931081944,18.923174612918967,52.940305778661,0.6028099065059994,0.19508427435998935,0.5457763482336185,AlphaSparse 248af573c867cf4c7e05d40c611c7c34ebac4715,CUDA,13040,13000,2026-10-08T13:53:03.286379+00:00,derived,csr-alg1,0,0,,,,5,20,4,true
3,A100-SXM4-80GB-suitesparse_all-fp64-n2-row-major-AlphaSparse-SpMM-CSR-pre-plus-solve,AlphaSparse-SpMM-CSR-best-pre-plus-solve,AlphaSparseLib CSR PER MATRIX BEST,per-matrix-best,AlphaSparse-SpMM-CSR,best,pre-plus-solve,"csr-alg1,csr-alg2,csr-alg3,csr-alg4,csr-alg5",manual-selection,csr,ALPHASPARSE_SPMM_CSR_ALG5,workspace-setup,spmm.csr.fp64,fp64,A100-SXM4-80GB,A100-SXM4-80GB,,9700.0,d94c6f41-d28e-5f45-abb9-189a8a3b4f78,suitesparse_all,Averous/epb2,epb2,25228,25228,175027,2,row-major,N,N,1.0,0.0,20260922,main,pass,pass,0,0,700108.0,0.01336,0.015992000699,0.029352000699,0.016660000699,43.77863740612384,23.852138979536484,42.02328755256435,0.451326158826019,0.24589833999522145,0.43322976858313755,AlphaSparse 248af573c867cf4c7e05d40c611c7c34ebac4715,CUDA,13040,13000,2026-10-06T03:31:57.627987+00:00,derived,csr-alg5,0,0,,,,5,20,4,true
3,A100-SXM4-80GB-suitesparse_all-fp64-n2-row-major-AlphaSparse-SpMM-CSR-pre-plus-solve,AlphaSparse-SpMM-CSR-best-pre-plus-solve,AlphaSparseLib CSR PER MATRIX BEST,per-matrix-best,AlphaSparse-SpMM-CSR,best,pre-plus-solve,"csr-alg1,csr-alg2,csr-alg3,csr-alg4,csr-alg5",manual-selection,csr,ALPHASPARSE_SPMM_CSR_ALG1,workspace-setup,spmm.csr.fp64,fp64,A100-SXM4-80GB,A100-SXM4-80GB,,9700.0,018f64fd-81d1-5f6a-986f-7d386c913e5c,suitesparse_all,Averous/epb3,epb3,84617,84617,463625,2,row-major,N,N,1.0,0.0,20260922,main,pass,pass,0,0,1854500.0,0.01899,0.0123903997242,0.0313803997242,0.0133398997242,149.67233029439151,59.09739889545903,139.01903600037858,1.5430137143751703,0.6092515350047323,1.4331859381482328,AlphaSparse 248af573c867cf4c7e05d40c611c7c34ebac4715,CUDA,13040,13000,2026-10-06T20:26:06.378460+00:00,derived,csr-alg1,0,0,,,,5,20,4,true
3,A100-SXM4-80GB-suitesparse_all-fp64-n2-row-major-AlphaSparse-SpMM-CSR-pre-plus-solve,AlphaSparse-SpMM-CSR-best-pre-plus-solve,AlphaSparseLib CSR PER MATRIX BEST,per-matrix-best,AlphaSparse-SpMM-CSR,best,pre-plus-solve,"csr-alg1,csr-alg2,csr-alg3,csr-alg4,csr-alg5",manual-selection,csr,ALPHASPARSE_SPMM_CSR_ALG2,workspace-setup,spmm.csr.fp64,fp64,A100-SXM4-80GB,A100-SXM4-80GB,,9700.0,752b02ae-c4ef-54eb-ad5c-0957985c94ee,suitesparse_all,Bai/bfwa398,bfwa398,398,398,3678,2,row-major,N,N,1.0,0.0,20260922,main,pass,pass,0,0,14712.0,0.01194,0.0136191993952,0.0255591993952,0.0142161993952,1.0802397096253067,0.575604883882353,1.0348757492081466,0.011136491851807285,0.005934070967859309,0.010668822156785017,AlphaSparse 248af573c867cf4c7e05d40c611c7c34ebac4715,CUDA,13040,13000,2026-10-08T04:50:59.395811+00:00,derived,csr-alg2,0,0,,,,5,20,4,true
3,A100-SXM4-80GB-suitesparse_all-fp64-n2-row-major-AlphaSparse-SpMM-CSR-pre-plus-solve,AlphaSparse-SpMM-CSR-best-pre-plus-solve,AlphaSparseLib CSR PER MATRIX BEST,per-matrix-best,AlphaSparse-SpMM-CSR,best,pre-plus-solve,"csr-alg1,csr-alg2,csr-alg3,csr-alg4,csr-alg5",manual-selection,csr,ALPHASPARSE_SPMM_CSR_ALG3,workspace-setup,spmm.csr.fp64,fp64,A100-SXM4-80GB,A100-SXM4-80GB,,9700.0,152f8cc9-7213-5fba-8430-8cd9341fa530,suitesparse_all,Bai/bfwa62,bfwa62,62,62,450,2,row-major,N,N,1.0,0.0,20260922,main,pass,pass,0,0,1800.0,0.0151,0.0131071999669,0.0282071999669,0.0138621999669,0.13732910190930125,0.06381349450183736,0.12984951914544726,0.0014157639372092913,0.0006578710773385295,0.0013386548365510026,AlphaSparse 248af573c867cf4c7e05d40c611c7c34ebac4715,CUDA,13040,13000,2026-10-08T00:21:33.997722+00:00,derived,csr-alg3,0,0,,,,5,20,4,true
3,A100-SXM4-80GB-suitesparse_all-fp64-n2-row-major-AlphaSparse-SpMM-CSR-pre-plus-solve,AlphaSparse-SpMM-CSR-best-pre-plus-solve,AlphaSparseLib CSR PER MATRIX BEST,per-matrix-best,AlphaSparse-SpMM-CSR,best,pre-plus-solve,"csr-alg1,csr-alg2,csr-alg3,csr-alg4,csr-alg5",manual-selection,csr,ALPHASPARSE_SPMM_CSR_ALG5,workspace-setup,spmm.csr.fp64,fp64,A100-SXM4-80GB,A100-SXM4-80GB,,9700.0,a0827285-e98d-55a9-b486-73107367c8f5,suitesparse_all,Bai/bfwa782,bfwa782,782,782,7514,2,row-major,N,N,1.0,0.0,20260922,main,pass,pass,0,0,30056.0,0.015969,0.0108592003584,0.0268282003584,0.0116576503584,2.767791274497533,1.1203136847973243,2.5782210888099715,0.028533930664923022,0.011549625616467262,0.026579598853711046,AlphaSparse 248af573c867cf4c7e05d40c611c7c34ebac4715,CUDA,13040,13000,2026-10-06T08:56:09.376820+00:00,derived,csr-alg5,0,0,,,,5,20,4,true
3,A100-SXM4-80GB-suitesparse_all-fp64-n2-row-major-AlphaSparse-SpMM-CSR-pre-plus-solve,AlphaSparse-SpMM-CSR-best-pre-plus-solve,AlphaSparseLib CSR PER MATRIX BEST,per-matrix-best,AlphaSparse-SpMM-CSR,best,pre-plus-solve,"csr-alg1,csr-alg2,csr-alg3,csr-alg4,csr-alg5",manual-selection,csr,ALPHASPARSE_SPMM_CSR_ALG1,workspace-setup,spmm.csr.fp64,fp64,A100-SXM4-80GB,A100-SXM4-80GB,,9700.0,dd6a9a30-d69d-5ea7-834e-7b0f3242a57c,suitesparse_all,Bai/bfwb398,bfwb398,398,398,2910,2,row-major,N,N,1.0,0.0,20260922,main,pass,pass,0,0,11640.0,0.01232,0.00819199979305,0.0205119997931,0.00880799979305,1.420898473395378,0.5674727046319278,1.3215259166087407,0.014648437870055443,0.005850234068370389,0.013623978521739596,AlphaSparse 248af573c867cf4c7e05d40c611c7c34ebac4715,CUDA,13040,13000,2026-10-06T19:48:22.802462+00:00,derived,csr-alg1,0,0,,,,5,20,4,true
3,A100-SXM4-80GB-suitesparse_all-fp64-n2-row-major-AlphaSparse-SpMM-CSR-pre-plus-solve,AlphaSparse-SpMM-CSR-best-pre-plus-solve,AlphaSparseLib CSR PER MATRIX BEST,per-matrix-best,AlphaSparse-SpMM-CSR,best,pre-plus-solve,"csr-alg1,csr-alg2,csr-alg3,csr-alg4,csr-alg5",manual-selection,csr,ALPHASPARSE_SPMM_CSR_ALG5,workspace-setup,spmm.csr.fp64,fp64,A100-SXM4-80GB,A100-SXM4-80GB,,9700.0,005fdebf-9ece-5bc0-9d3c-6fda0356699d,suitesparse_all,Bai/bfwb62,bfwb62,62,62,342,2,row-major,N,N,1.0,0.0,20260922,main,pass,pass,0,0,1368.0,0.01299,0.011264000088,0.024254000088,0.011913500088,0.12144886268754441,0.0564030673306065,0.1148277156079373,0.0012520501307994268,0.0005814749209340876,0.0011837908825560546,AlphaSparse 248af573c867cf4c7e05d40c611c7c34ebac4715,CUDA,13040,13000,2026-10-08T15:30:34.837855+00:00,derived,csr-alg5,0,0,,,,5,20,4,true
3,A100-SXM4-80GB-suitesparse_all-fp64-n2-row-major-AlphaSparse-SpMM-CSR-pre-plus-solve,AlphaSparse-SpMM-CSR-best-pre-plus-solve,AlphaSparseLib CSR PER MATRIX BEST,per-matrix-best,AlphaSparse-SpMM-CSR,best,pre-plus-solve,"csr-alg1,csr-alg2,csr-alg3,csr-alg4,csr-alg5",manual-selection,csr,ALPHASPARSE_SPMM_CSR_ALG1,workspace-setup,spmm.csr.fp64,fp64,A100-SXM4-80GB,A100-SXM4-80GB,,9700.0,d94c6f41-d28e-5f45-abb9-189a8a3b4f78,suitesparse_all,Bai/bfwb782,bfwb782,782,782,5982,2,row-major,N,N,1.0,0.0,20260922,main,pass,pass,0,0,23928.0,0.01252,0.00773120000958,0.0202512000096,0.00835720000958,3.0949917180191924,1.1815596107221809,2.86315990673562,0.03190713111359992,0.012181026914661658,0.029517112440573402,AlphaSparse 248af573c867cf4c7e05d40c611c7c34ebac4715,CUDA,13040,13000,2026-10-06T01:49:29.677898+00:00,derived,csr-alg1,0,0,,,,5,20,4,true
3,A100-SXM4-80GB-suitesparse_all-fp64-n2-row-major-AlphaSparse-SpMM-CSR-pre-plus-solve,AlphaSparse-SpMM-CSR-best-pre-plus-solve,AlphaSparseLib CSR PER MATRIX BEST,per-matrix-best,AlphaSparse-SpMM-CSR,best,pre-plus-solve,"csr-alg1,csr-alg2,csr-alg3,csr-alg4,csr-alg5",manual-selection,csr,ALPHASPARSE_SPMM_CSR_ALG1,workspace-setup,spmm.csr.fp64,fp64,A100-SXM4-80GB,A100-SXM4-80GB,,9700.0,018f64fd-81d1-5f6a-986f-7d386c913e5c,suitesparse_all,Bai/bwm200,bwm200,200,200,796,2,row-major,N,N,1.0,0.0,20260922,main,pass,pass,0,0,3184.0,0.01483,0.00506879985332,0.0198987998533,0.00581029985332,0.628156583834045,0.16000965000268438,0.5479923722319882,0.006475841070454072,0.0016495840206462308,0.005649405899298847,AlphaSparse 248af573c867cf4c7e05d40c611c7c34ebac4715,CUDA,13040,13000,2026-10-06T20:26:06.964208+00:00,derived,csr-alg1,0,0,,,,5,20,4,true
3,A100-SXM4-80GB-suitesparse_all-fp64-n2-row-major-AlphaSparse-SpMM-CSR-pre-plus-solve,AlphaSparse-SpMM-CSR-best-pre-plus-solve,AlphaSparseLib CSR PER MATRIX BEST,per-matrix-best,AlphaSparse-SpMM-CSR,best,pre-plus-solve,"csr-alg1,csr-alg2,csr-alg3,csr-alg4,csr-alg5",manual-selection,csr,ALPHASPARSE_SPMM_CSR_ALG4,workspace-setup,spmm.csr.fp64,fp64,A100-SXM4-80GB,A100-SXM4-80GB,,9700.0,752b02ae-c4ef-54eb-ad5c-0957985c94ee,suitesparse_all,Bai/cdde1,cdde1,961,961,4681,2,row-major,N,N,1.0,0.0,20260922,main,pass,pass,0,0,18724.0,0.0113,0.0115199998021,0.0228199998021,0.0120849998021,1.6253472501437691,0.8205083331454249,1.5493587345153574,0.016756157217977,0.00845884879531366,0.01597277045892121,AlphaSparse 248af573c867cf4c7e05d40c611c7c34ebac4715,CUDA,13040,13000,2026-10-08T06:54:32.714914+00:00,derived,csr-alg4,0,0,,,,5,20,4,true
3,A100-SXM4-80GB-suitesparse_all-fp64-n2-row-major-AlphaSparse-SpMM-CSR-pre-plus-solve,AlphaSparse-SpMM-CSR-best-pre-plus-solve,AlphaSparseLib CSR PER MATRIX BEST,per-matrix-best,AlphaSparse-SpMM-CSR,best,pre-plus-solve,"csr-alg1,csr-alg2,csr-alg3,csr-alg4,csr-alg5",manual-selection,csr,ALPHASPARSE_SPMM_CSR_ALG1,workspace-setup,spmm.csr.fp64,fp64,A100-SXM4-80GB,A100-SXM4-80GB,,9700.0,152f8cc9-7213-5fba-8430-8cd9341fa530,suitesparse_all,Bai/cdde2,cdde2,961,961,4681,2,row-major,N,N,1.0,0.0,20260922,main,pass,pass,0,0,18724.0,0.021651,0.00563680008054,0.0272878000805,0.00671935008054,3.3217427853510566,0.6861674427679593,2.7865790255856484,0.034244770983000584,0.0070738911625562815,0.028727618820470605,AlphaSparse 248af573c867cf4c7e05d40c611c7c34ebac4715,CUDA,13040,13000,2026-10-07T22:24:49.414187+00:00,derived,csr-alg1,0,0,,,,5,20,4,true
3,A100-SXM4-80GB-suitesparse_all-fp64-n2-row-major-AlphaSparse-SpMM-CSR-pre-plus-solve,AlphaSparse-SpMM-CSR-best-pre-plus-solve,AlphaSparseLib CSR PER MATRIX BEST,per-matrix-best,AlphaSparse-SpMM-CSR,best,pre-plus-solve,"csr-alg1,csr-alg2,csr-alg3,csr-alg4,csr-alg5",manual-selection,csr,ALPHASPARSE_SPMM_CSR_ALG1,workspace-setup,spmm.csr.fp64,fp64,A100-SXM4-80GB,A100-SXM4-80GB,,9700.0,a0827285-e98d-55a9-b486-73107367c8f5,suitesparse_all,Bai/cdde3,cdde3,961,961,4681,2,row-major,N,N,1.0,0.0,20260922,main,pass,pass,0,0,18724.0,0.01699,0.00547839999199,0.022468399992,0.00632789999199,3.417786219950436,0.8333481692807136,2.9589595321830724,0.03523490948402512,0.008591218240007357,0.030504737445186315,AlphaSparse 248af573c867cf4c7e05d40c611c7c34ebac4715,CUDA,13040,13000,2026-10-06T07:03:18.315958+00:00,derived,csr-alg1,0,0,,,,5,20,4,true
3,A100-SXM4-80GB-suitesparse_all-fp64-n2-row-major-AlphaSparse-SpMM-CSR-pre-plus-solve,AlphaSparse-SpMM-CSR-best-pre-plus-solve,AlphaSparseLib CSR PER MATRIX BEST,per-matrix-best,AlphaSparse-SpMM-CSR,best,pre-plus-solve,"csr-alg1,csr-alg2,csr-alg3,csr-alg4,csr-alg5",manual-selection,csr,ALPHASPARSE_SPMM_CSR_ALG1,workspace-setup,spmm.csr.fp64,fp64,A100-SXM4-80GB,A100-SXM4-80GB,,9700.0,dd6a9a30-d69d-5ea7-834e-7b0f3242a57c,suitesparse_all,Bai/cdde4,cdde4,961,961,4681,2,row-major,N,N,1.0,0.0,20260922,main,pass,pass,0,0,18724.0,0.01348,0.00537599995732,0.0188559999573,0.00604999995732,3.4828869324125025,0.992999577980541,3.094876054890795,0.03590605084961343,0.010237109051345783,0.03190593871021439,AlphaSparse 248af573c867cf4c7e05d40c611c7c34ebac4715,CUDA,13040,13000,2026-10-06T19:48:24.193166+00:00,derived,csr-alg1,0,0,,,,5,20,4,true
3,A100-SXM4-80GB-suitesparse_all-fp64-n2-row-major-AlphaSparse-SpMM-CSR-pre-plus-solve,AlphaSparse-SpMM-CSR-best-pre-plus-solve,AlphaSparseLib CSR PER MATRIX BEST,per-matrix-best,AlphaSparse-SpMM-CSR,best,pre-plus-solve,"csr-alg1,csr-alg2,csr-alg3,csr-alg4,csr-alg5",manual-selection,csr,ALPHASPARSE_SPMM_CSR_ALG1,workspace-setup,spmm.csr.fp64,fp64,A100-SXM4-80GB,A100-SXM4-80GB,,9700.0,005fdebf-9ece-5bc0-9d3c-6fda0356699d,suitesparse_all,Bai/cdde5,cdde5,961,961,4681,2,row-major,N,N,1.0,0.0,20260922,main,pass,pass,0,0,18724.0,0.01385,0.00522239990532,0.0190723999053,0.00591489990532,3.5853248199024494,0.9817327705464491,3.1655649799177827,0.036962111545386075,0.010120956397386074,0.032634690514616316,AlphaSparse 248af573c867cf4c7e05d40c611c7c34ebac4715,CUDA,13040,13000,2026-10-08T13:53:04.730553+00:00,derived,csr-alg1,0,0,,,,5,20,4,true
3,A100-SXM4-80GB-suitesparse_all-fp64-n2-row-major-AlphaSparse-SpMM-CSR-pre-plus-solve,AlphaSparse-SpMM-CSR-best-pre-plus-solve,AlphaSparseLib CSR PER MATRIX BEST,per-matrix-best,AlphaSparse-SpMM-CSR,best,pre-plus-solve,"csr-alg1,csr-alg2,csr-alg3,csr-alg4,csr-alg5",manual-selection,csr,ALPHASPARSE_SPMM_CSR_ALG1,workspace-setup,spmm.csr.fp64,fp64,A100-SXM4-80GB,A100-SXM4-80GB,,9700.0,d94c6f41-d28e-5f45-abb9-189a8a3b4f78,suitesparse_all,Bai/cdde6,cdde6,961,961,4681,2,row-major,N,N,1.0,0.0,20260922,main,pass,pass,0,0,18724.0,0.01175,0.00532479993999,0.01707479994,0.00591229993999,3.5163762415523094,1.0965867867146442,3.166957053946703,0.03625130145930216,0.0113050184197386,0.032649041793264985,AlphaSparse 248af573c867cf4c7e05d40c611c7c34ebac4715,CUDA,13040,13000,2026-10-06T01:49:30.463707+00:00,derived,csr-alg1,0,0,,,,5,20,4,true
3,A100-SXM4-80GB-suitesparse_all-fp64-n2-row-major-AlphaSparse-SpMM-CSR-pre-plus-solve,AlphaSparse-SpMM-CSR-best-pre-plus-solve,AlphaSparseLib CSR PER MATRIX BEST,per-matrix-best,AlphaSparse-SpMM-CSR,best,pre-plus-solve,"csr-alg1,csr-alg2,csr-alg3,csr-alg4,csr-alg5",manual-selection,csr,ALPHASPARSE_SPMM_CSR_ALG1,workspace-setup,spmm.csr.fp64,fp64,A100-SXM4-80GB,A100-SXM4-80GB,,9700.0,018f64fd-81d1-5f6a-986f-7d386c913e5c,suitesparse_all,Bai/ck104,ck104,104,104,992,2,row-major,N,N,1.0,0.0,20260922,main,pass,pass,0,0,3968.0,0.01529,0.00640000030398,0.021690000304,0.00716450030398,0.6199999705519389,0.1829414451076902,0.5538418356679683,0.006391752273731329,0.0018859942794607237,0.005709709646061528,AlphaSparse 248af573c867cf4c7e05d40c611c7c34ebac4715,CUDA,13040,13000,2026-10-06T20:26:07.585877+00:00,derived,csr-alg1,0,0,,,,5,20,4,true
3,A100-SXM4-80GB-suitesparse_all-fp64-n2-row-major-AlphaSparse-SpMM-CSR-pre-plus-solve,AlphaSparse-SpMM-CSR-best-pre-plus-solve,AlphaSparseLib CSR PER MATRIX BEST,per-matrix-best,AlphaSparse-SpMM-CSR,best,pre-plus-solve,"csr-alg1,csr-alg2,csr-alg3,csr-alg4,csr-alg5",manual-selection,csr,ALPHASPARSE_SPMM_CSR_ALG4,workspace-setup,spmm.csr.fp64,fp64,A100-SXM4-80GB,A100-SXM4-80GB,,9700.0,752b02ae-c4ef-54eb-ad5c-0957985c94ee,suitesparse_all,Bai/ck656,ck656,656,656,3884,2,row-major,N,N,1.0,0.0,20260922,main,pass,pass,0,0,15536.0,0.01203,0.0132607996464,0.0252907996464,0.0138622996464,1.1715733903134316,0.6142945346614005,1.120737568534284,0.012078076188798264,0.006332933347024747,0.011553995551899836,AlphaSparse 248af573c867cf4c7e05d40c611c7c34ebac4715,CUDA,13040,13000,2026-10-08T06:54:33.312331+00:00,derived,csr-alg4,0,0,,,,5,20,4,true
3,A100-SXM4-80GB-suitesparse_all-fp64-n2-row-major-AlphaSparse-SpMM-CSR-pre-plus-solve,AlphaSparse-SpMM-CSR-best-pre-plus-solve,AlphaSparseLib CSR PER MATRIX BEST,per-matrix-best,AlphaSparse-SpMM-CSR,best,pre-plus-solve,"csr-alg1,csr-alg2,csr-alg3,csr-alg4,csr-alg5",manual-selection,csr,ALPHASPARSE_SPMM_CSR_ALG1,workspace-setup,spmm.csr.fp64,fp64,A100-SXM4-80GB,A100-SXM4-80GB,,9700.0,752b02ae-c4ef-54eb-ad5c-0957985c94ee,suitesparse_all,Bai/cryg10000,cryg10000,10000,10000,49699,2,row-major,N,N,1.0,0.0,20260922,main,pass,pass,0,0,198796.0,0.01818,0.00604160018265,0.0242216001827,0.00695060018265,32.90452760692333,8.207385081931447,28.601271081054563,0.3392219340919931,0.08461221733949945,0.2948584647531398,AlphaSparse 248af573c867cf4c7e05d40c611c7c34ebac4715,CUDA,13040,13000,2026-10-08T03:36:12.403803+00:00,derived,csr-alg1,0,0,,,,5,20,4,true
3,A100-SXM4-80GB-suitesparse_all-fp64-n2-row-major-AlphaSparse-SpMM-CSR-pre-plus-solve,AlphaSparse-SpMM-CSR-best-pre-plus-solve,AlphaSparseLib CSR PER MATRIX BEST,per-matrix-best,AlphaSparse-SpMM-CSR,best,pre-plus-solve,"csr-alg1,csr-alg2,csr-alg3,csr-alg4,csr-alg5",manual-selection,csr,ALPHASPARSE_SPMM_CSR_ALG1,workspace-setup,spmm.csr.fp64,fp64,A100-SXM4-80GB,A100-SXM4-80GB,,9700.0,152f8cc9-7213-5fba-8430-8cd9341fa530,suitesparse_all,Bai/cryg2500,cryg2500,2500,2500,12349,2,row-major,N,N,1.0,0.0,20260922,main,pass,pass,0,0,49396.0,0.02035,0.00578560009599,0.026135600096,0.00680310009599,8.537748752153881,1.8899891266533402,7.260807470570048,0.08801802837272042,0.01948442398611691,0.07485368526360874,AlphaSparse 248af573c867cf4c7e05d40c611c7c34ebac4715,CUDA,13040,13000,2026-10-07T22:28:08.005765+00:00,derived,csr-alg1,0,0,,,,5,20,4,true
3,A100-SXM4-80GB-suitesparse_all-fp64-n2-row-major-AlphaSparse-SpMM-CSR-pre-plus-solve,AlphaSparse-SpMM-CSR-best-pre-plus-solve,AlphaSparseLib CSR PER MATRIX BEST,per-matrix-best,AlphaSparse-SpMM-CSR,best,pre-plus-solve,"csr-alg1,csr-alg2,csr-alg3,csr-alg4,csr-alg5",manual-selection,csr,ALPHASPARSE_SPMM_CSR_ALG1,workspace-setup,spmm.csr.fp64,fp64,A100-SXM4-80GB,A100-SXM4-80GB,,9700.0,152f8cc9-7213-5fba-8430-8cd9341fa530,suitesparse_all,Bai/dw1024,dw1024,2048,2048,10114,2,row-major,N,N,1.0,0.0,20260922,main,pass,pass,0,0,40456.0,0.02099,0.00604799985886,0.0270379998589,0.00709749985886,6.68915359525581,1.496264524414636,5.700035337020498,0.0689603463428434,0.015425407468192123,0.05876325089711854,AlphaSparse 248af573c867cf4c7e05d40c611c7c34ebac4715,CUDA,13040,13000,2026-10-07T22:24:50.073936+00:00,derived,csr-alg1,0,0,,,,5,20,4,true
3,A100-SXM4-80GB-suitesparse_all-fp64-n2-row-major-AlphaSparse-SpMM-CSR-pre-plus-solve,AlphaSparse-SpMM-CSR-best-pre-plus-solve,AlphaSparseLib CSR PER MATRIX BEST,per-matrix-best,AlphaSparse-SpMM-CSR,best,pre-plus-solve,"csr-alg1,csr-alg2,csr-alg3,csr-alg4,csr-alg5",manual-selection,csr,ALPHASPARSE_SPMM_CSR_ALG1,workspace-setup,spmm.csr.fp64,fp64,A100-SXM4-80GB,A100-SXM4-80GB,,9700.0,a0827285-e98d-55a9-b486-73107367c8f5,suitesparse_all,Bai/dw2048,dw2048,2048,2048,10114,2,row-major,N,N,1.0,0.0,20260922,main,pass,pass,0,0,40456.0,0.0196,0.00593920014799,0.025539200148,0.00691920014799,6.811691640614519,1.5840746681789935,5.846918593871331,0.07022362516097443,0.016330666682257664,0.060277511277024035,AlphaSparse 248af573c867cf4c7e05d40c611c7c34ebac4715,CUDA,13040,13000,2026-10-06T07:07:15.695864+00:00,derived,csr-alg1,0,0,,,,5,20,4,true
3,A100-SXM4-80GB-suitesparse_all-fp64-n2-row-major-AlphaSparse-SpMM-CSR-pre-plus-solve,AlphaSparse-SpMM-CSR-best-pre-plus-solve,AlphaSparseLib CSR PER MATRIX BEST,per-matrix-best,AlphaSparse-SpMM-CSR,best,pre-plus-solve,"csr-alg1,csr-alg2,csr-alg3,csr-alg4,csr-alg5",manual-selection,csr,ALPHASPARSE_SPMM_CSR_ALG1,workspace-setup,spmm.csr.fp64,fp64,A100-SXM4-80GB,A100-SXM4-80GB,,9700.0,a0827285-e98d-55a9-b486-73107367c8f5,suitesparse_all,Bai/dw256A,dw256A,512,512,2480,2,row-major,N,N,1.0,0.0,20260922,main,pass,pass,0,0,9920.0,0.01421,0.00522239990532,0.0194323999053,0.00593289990532,1.8995098383589137,0.5104876416882721,1.6720322537558385,0.019582575653184678,0.005262759192662599,0.017237445915008646,AlphaSparse 248af573c867cf4c7e05d40c611c7c34ebac4715,CUDA,13040,13000,2026-10-06T07:03:19.254346+00:00,derived,csr-alg1,0,0,,,,5,20,4,true
3,A100-SXM4-80GB-suitesparse_all-fp64-n2-row-major-AlphaSparse-SpMM-CSR-pre-plus-solve,AlphaSparse-SpMM-CSR-best-pre-plus-solve,AlphaSparseLib CSR PER MATRIX BEST,per-matrix-best,AlphaSparse-SpMM-CSR,best,pre-plus-solve,"csr-alg1,csr-alg2,csr-alg3,csr-alg4,csr-alg5",manual-selection,csr,ALPHASPARSE_SPMM_CSR_ALG1,workspace-setup,spmm.csr.fp64,fp64,A100-SXM4-80GB,A100-SXM4-80GB,,9700.0,dd6a9a30-d69d-5ea7-834e-7b0f3242a57c,suitesparse_all,Bai/dw256B,dw256B,512,512,2500,2,row-major,N,N,1.0,0.0,20260922,main,pass,pass,0,0,10000.0,0.01818,0.00527359992266,0.0234535999227,0.00618259992266,1.8962378918869538,0.42637377771253426,1.6174425201522022,0.019548844246257257,0.004395605955799323,0.01667466515620827,AlphaSparse 248af573c867cf4c7e05d40c611c7c34ebac4715,CUDA,13040,13000,2026-10-06T19:48:25.646093+00:00,derived,csr-alg1,0,0,,,,5,20,4,true
3,A100-SXM4-80GB-suitesparse_all-fp64-n2-row-major-AlphaSparse-SpMM-CSR-pre-plus-solve,AlphaSparse-SpMM-CSR-best-pre-plus-solve,AlphaSparseLib CSR PER MATRIX BEST,per-matrix-best,AlphaSparse-SpMM-CSR,best,pre-plus-solve,"csr-alg1,csr-alg2,csr-alg3,csr-alg4,csr-alg5",manual-selection,csr,ALPHASPARSE_SPMM_CSR_ALG1,workspace-setup,spmm.csr.fp64,fp64,A100-SXM4-80GB,A100-SXM4-80GB,,9700.0,005fdebf-9ece-5bc0-9d3c-6fda0356699d,suitesparse_all,Bai/dw4096,dw4096,8192,8192,41746,2,row-major,N,N,1.0,0.0,20260922,main,pass,pass,0,0,166984.0,0.0122,0.00645119994879,0.0186511999488,0.00706119994879,25.884176792771683,8.95298964454797,23.648105309440247,0.2668471834306359,0.09229886231492751,0.24379490009732216,AlphaSparse 248af573c867cf4c7e05d40c611c7c34ebac4715,CUDA,13040,13000,2026-10-08T13:53:05.915949+00:00,derived,csr-alg1,0,0,,,,5,20,4,true
3,A100-SXM4-80GB-suitesparse_all-fp64-n2-row-major-AlphaSparse-SpMM-CSR-pre-plus-solve,AlphaSparse-SpMM-CSR-best-pre-plus-solve,AlphaSparseLib CSR PER MATRIX BEST,per-matrix-best,AlphaSparse-SpMM-CSR,best,pre-plus-solve,"csr-alg1,csr-alg2,csr-alg3,csr-alg4,csr-alg5",manual-selection,csr,ALPHASPARSE_SPMM_CSR_ALG1,workspace-setup,spmm.csr.fp64,fp64,A100-SXM4-80GB,A100-SXM4-80GB,,9700.0,dd6a9a30-d69d-5ea7-834e-7b0f3242a57c,suitesparse_all,Bai/dw8192,dw8192,8192,8192,41746,2,row-major,N,N,1.0,0.0,20260922,main,pass,pass,0,0,166984.0,0.01541,0.00511999987066,0.0205299998707,0.00589049987066,32.614063323887294,8.133658112600196,28.34801861752529,0.33622745694729167,0.08385214549072367,0.2922476146136628,AlphaSparse 248af573c867cf4c7e05d40c611c7c34ebac4715,CUDA,13040,13000,2026-10-06T19:53:12.416368+00:00,derived,csr-alg1,0,0,,,,5,20,4,true
3,A100-SXM4-80GB-suitesparse_all-fp64-n2-row-major-AlphaSparse-SpMM-CSR-pre-plus-solve,AlphaSparse-SpMM-CSR-best-pre-plus-solve,AlphaSparseLib CSR PER MATRIX BEST,per-matrix-best,AlphaSparse-SpMM-CSR,best,pre-plus-solve,"csr-alg1,csr-alg2,csr-alg3,csr-alg4,csr-alg5",manual-selection,csr,ALPHASPARSE_SPMM_CSR_ALG1,workspace-setup,spmm.csr.fp64,fp64,A100-SXM4-80GB,A100-SXM4-80GB,,9700.0,005fdebf-9ece-5bc0-9d3c-6fda0356699d,suitesparse_all,Bai/dwa512,dwa512,512,512,2480,2,row-major,N,N,1.0,0.0,20260922,main,pass,pass,0,0,9920.0,0.011951,0.00542719997466,0.0173781999747,0.00602474997466,1.82783019721352,0.5708301213268349,1.6465413571888226,0.018843610280551756,0.005884846611616854,0.016974653166895077,AlphaSparse 248af573c867cf4c7e05d40c611c7c34ebac4715,CUDA,13040,13000,2026-10-08T13:56:03.243234+00:00,derived,csr-alg1,0,0,,,,5,20,4,true
3,A100-SXM4-80GB-suitesparse_all-fp64-n2-row-major-AlphaSparse-SpMM-CSR-pre-plus-solve,AlphaSparse-SpMM-CSR-best-pre-plus-solve,AlphaSparseLib CSR PER MATRIX BEST,per-matrix-best,AlphaSparse-SpMM-CSR,best,pre-plus-solve,"csr-alg1,csr-alg2,csr-alg3,csr-alg4,csr-alg5",manual-selection,csr,ALPHASPARSE_SPMM_CSR_ALG1,workspace-setup,spmm.csr.fp64,fp64,A100-SXM4-80GB,A100-SXM4-80GB,,9700.0,d94c6f41-d28e-5f45-abb9-189a8a3b4f78,suitesparse_all,Bai/dwb512,dwb512,512,512,2500,2,row-major,N,N,1.0,0.0,20260922,main,pass,pass,0,0,10000.0,0.012271,0.00563200004399,0.017903000044,0.00624555004399,1.7755681679497084,0.5585656021573543,1.6011400004108287,0.018304826473708333,0.0057584082696634465,0.01650659794237968,AlphaSparse 248af573c867cf4c7e05d40c611c7c34ebac4715,CUDA,13040,13000,2026-10-06T01:52:59.906921+00:00,derived,csr-alg1,0,0,,,,5,20,4,true
3,A100-SXM4-80GB-suitesparse_all-fp64-n2-row-major-AlphaSparse-SpMM-CSR-pre-plus-solve,AlphaSparse-SpMM-CSR-best-pre-plus-solve,AlphaSparseLib CSR PER MATRIX BEST,per-matrix-best,AlphaSparse-SpMM-CSR,best,pre-plus-solve,"csr-alg1,csr-alg2,csr-alg3,csr-alg4,csr-alg5",manual-selection,csr,ALPHASPARSE_SPMM_CSR_ALG1,workspace-setup,spmm.csr.fp64,fp64,A100-SXM4-80GB,A100-SXM4-80GB,,9700.0,018f64fd-81d1-5f6a-986f-7d386c913e5c,suitesparse_all,Bai/dwg961a,dwg961a,961,961,3405,2,row-major,N,N,1.0,0.0,20260922,main,pass,pass,0,0,13620.0,0.01549,0.00558080002666,0.0210708000267,0.00635530002666,2.440510309442373,0.6463921627437653,2.1430931573434986,0.02515990009734405,0.0066638367293171685,0.022093743890139163,AlphaSparse 248af573c867cf4c7e05d40c611c7c34ebac4715,CUDA,13040,13000,2026-10-06T20:30:05.250678+00:00,derived,csr-alg1,0,0,,,,5,20,4,true
3,A100-SXM4-80GB-suitesparse_all-fp64-n2-row-major-AlphaSparse-SpMM-CSR-pre-plus-solve,AlphaSparse-SpMM-CSR-best-pre-plus-solve,AlphaSparseLib CSR PER MATRIX BEST,per-matrix-best,AlphaSparse-SpMM-CSR,best,pre-plus-solve,"csr-alg1,csr-alg2,csr-alg3,csr-alg4,csr-alg5",manual-selection,csr,ALPHASPARSE_SPMM_CSR_ALG1,workspace-setup,spmm.csr.fp64,fp64,A100-SXM4-80GB,A100-SXM4-80GB,,9700.0,d94c6f41-d28e-5f45-abb9-189a8a3b4f78,suitesparse_all,Bai/lop163,lop163,163,163,935,2,row-major,N,N,1.0,0.0,20260922,main,pass,pass,0,0,3740.0,0.011951,0.00563200004399,0.017583000044,0.00622955004399,0.6640624948131909,0.21270545359955412,0.6003643880521017,0.0068460051011669165,0.0021928397278304546,0.006189323588165998,AlphaSparse 248af573c867cf4c7e05d40c611c7c34ebac4715,CUDA,13040,13000,2026-10-06T01:49:31.103146+00:00,derived,csr-alg1,0,0,,,,5,20,4,true
3,A100-SXM4-80GB-suitesparse_all-fp64-n2-row-major-AlphaSparse-SpMM-CSR-pre-plus-solve,AlphaSparse-SpMM-CSR-best-pre-plus-solve,AlphaSparseLib CSR PER MATRIX BEST,per-matrix-best,AlphaSparse-SpMM-CSR,best,pre-plus-solve,"csr-alg1,csr-alg2,csr-alg3,csr-alg4,csr-alg5",manual-selection,csr,ALPHASPARSE_SPMM_CSR_ALG2,workspace-setup,spmm.csr.fp64,fp64,A100-SXM4-80GB,A100-SXM4-80GB,,9700.0,752b02ae-c4ef-54eb-ad5c-0957985c94ee,suitesparse_all,Bai/mhd1280a,mhd1280a,1280,1280,47906,2,row-major,N,N,1.0,0.0,20260922,main,pass,pass,0,0,191624.0,0.011131,0.0146944001317,0.0258254001317,0.0152509501317,13.040613994620477,7.419981840466687,12.564725367614846,0.13443931953216987,0.07649465814914111,0.12953325121252418,AlphaSparse 248af573c867cf4c7e05d40c611c7c34ebac4715,CUDA,13040,13000,2026-10-08T04:55:54.092383+00:00,derived,csr-alg2,0,0,,,,5,20,4,true
3,A100-SXM4-80GB-suitesparse_all-fp64-n2-row-major-AlphaSparse-SpMM-CSR-pre-plus-solve,AlphaSparse-SpMM-CSR-best-pre-plus-solve,AlphaSparseLib CSR PER MATRIX BEST,per-matrix-best,AlphaSparse-SpMM-CSR,best,pre-plus-solve,"csr-alg1,csr-alg2,csr-alg3,csr-alg4,csr-alg5",manual-selection,csr,ALPHASPARSE_SPMM_CSR_ALG5,workspace-setup,spmm.csr.fp64,fp64,A100-SXM4-80GB,A100-SXM4-80GB,,9700.0,152f8cc9-7213-5fba-8430-8cd9341fa530,suitesparse_all,Bai/mhd1280b,mhd1280b,1280,1280,22778,2,row-major,N,N,1.0,0.0,20260922,main,pass,pass,0,0,91112.0,0.01402,0.0131584003568,0.0271784003568,0.0138594003568,6.924245921193234,3.3523680129763007,6.5740217941894326,0.0713839785690024,0.03456049497913712,0.06777342055865394,AlphaSparse 248af573c867cf4c7e05d40c611c7c34ebac4715,CUDA,13040,13000,2026-10-08T02:22:44.235630+00:00,derived,csr-alg5,0,0,,,,5,20,4,true
3,A100-SXM4-80GB-suitesparse_all-fp64-n2-row-major-AlphaSparse-SpMM-CSR-pre-plus-solve,AlphaSparse-SpMM-CSR-best-pre-plus-solve,AlphaSparseLib CSR PER MATRIX BEST,per-matrix-best,AlphaSparse-SpMM-CSR,best,pre-plus-solve,"csr-alg1,csr-alg2,csr-alg3,csr-alg4,csr-alg5",manual-selection,csr,ALPHASPARSE_SPMM_CSR_ALG3,workspace-setup,spmm.csr.fp64,fp64,A100-SXM4-80GB,A100-SXM4-80GB,,9700.0,a0827285-e98d-55a9-b486-73107367c8f5,suitesparse_all,Bai/mhd3200a,mhd3200a,3200,3200,68026,2,row-major,N,N,1.0,0.0,20260922,main,pass,pass,0,0,272104.0,0.01822,0.0124927997589,0.0307127997589,0.0134037997589,21.780866199039995,8.859628628326185,20.30051216031674,0.22454501236123708,0.09133637761161016,0.20928363051872928,AlphaSparse 248af573c867cf4c7e05d40c611c7c34ebac4715,CUDA,13040,13000,2026-10-06T08:03:51.777062+00:00,derived,csr-alg3,0,0,,,,5,20,4,true
3,A100-SXM4-80GB-suitesparse_all-fp64-n2-row-major-AlphaSparse-SpMM-CSR-pre-plus-solve,AlphaSparse-SpMM-CSR-best-pre-plus-solve,AlphaSparseLib CSR PER MATRIX BEST,per-matrix-best,AlphaSparse-SpMM-CSR,best,pre-plus-solve,"csr-alg1,csr-alg2,csr-alg3,csr-alg4,csr-alg5",manual-selection,csr,ALPHASPARSE_SPMM_CSR_ALG5,workspace-setup,spmm.csr.fp64,fp64,A100-SXM4-80GB,A100-SXM4-80GB,,9700.0,dd6a9a30-d69d-5ea7-834e-7b0f3242a57c,suitesparse_all,Bai/mhd3200b,mhd3200b,3200,3200,18316,2,row-major,N,N,1.0,0.0,20260922,main,pass,pass,0,0,73264.0,0.01438,0.01064959988,0.02502959988,0.01136859988,6.8795072890569475,2.927094334358173,6.444417146643391,0.07092275555728812,0.030176230251115183,0.06643729017158136,AlphaSparse 248af573c867cf4c7e05d40c611c7c34ebac4715,CUDA,13040,13000,2026-10-06T22:23:44.549833+00:00,derived,csr-alg5,0,0,,,,5,20,4,true
3,A100-SXM4-80GB-suitesparse_all-fp64-n2-row-major-AlphaSparse-SpMM-CSR-pre-plus-solve,AlphaSparse-SpMM-CSR-best-pre-plus-solve,AlphaSparseLib CSR PER MATRIX BEST,per-matrix-best,AlphaSparse-SpMM-CSR,best,pre-plus-solve,"csr-alg1,csr-alg2,csr-alg3,csr-alg4,csr-alg5",manual-selection,csr,ALPHASPARSE_SPMM_CSR_ALG5,workspace-setup,spmm.csr.fp64,fp64,A100-SXM4-80GB,A100-SXM4-80GB,,9700.0,005fdebf-9ece-5bc0-9d3c-6fda0356699d,suitesparse_all,Bai/mhd4800a,mhd4800a,4800,4800,102252,2,row-major,N,N,1.0,0.0,20260922,main,pass,pass,0,0,409008.0,0.01394,0.0117247998714,0.0256647998714,0.0124217998714,34.88400693283325,15.936535724004806,32.92662933184921,0.3596289374518892,0.16429418272169902,0.3394497869262806,AlphaSparse 248af573c867cf4c7e05d40c611c7c34ebac4715,CUDA,13040,13000,2026-10-08T15:33:41.846162+00:00,derived,csr-alg5,0,0,,,,5,20,4,true
3,A100-SXM4-80GB-suitesparse_all-fp64-n2-row-major-AlphaSparse-SpMM-CSR-pre-plus-solve,AlphaSparse-SpMM-CSR-best-pre-plus-solve,AlphaSparseLib CSR PER MATRIX BEST,per-matrix-best,AlphaSparse-SpMM-CSR,best,pre-plus-solve,"csr-alg1,csr-alg2,csr-alg3,csr-alg4,csr-alg5",manual-selection,csr,ALPHASPARSE_SPMM_CSR_ALG1,workspace-setup,spmm.csr.fp64,fp64,A100-SXM4-80GB,A100-SXM4-80GB,,9700.0,d94c6f41-d28e-5f45-abb9-189a8a3b4f78,suitesparse_all,Bai/mhd4800b,mhd4800b,4800,4800,27520,2,row-major,N,N,1.0,0.0,20260922,main,pass,pass,0,0,110080.0,0.0136,0.00762879997492,0.0212287999749,0.00830879997492,14.429530248779969,5.185408507789123,13.248603929842456,0.14875804380185537,0.05345781966792911,0.13658354566847894,AlphaSparse 248af573c867cf4c7e05d40c611c7c34ebac4715,CUDA,13040,13000,2026-10-06T01:53:00.556999+00:00,derived,csr-alg1,0,0,,,,5,20,4,true
3,A100-SXM4-80GB-suitesparse_all-fp64-n2-row-major-AlphaSparse-SpMM-CSR-pre-plus-solve,AlphaSparse-SpMM-CSR-best-pre-plus-solve,AlphaSparseLib CSR PER MATRIX BEST,per-matrix-best,AlphaSparse-SpMM-CSR,best,pre-plus-solve,"csr-alg1,csr-alg2,csr-alg3,csr-alg4,csr-alg5",manual-selection,csr,ALPHASPARSE_SPMM_CSR_ALG3,workspace-setup,spmm.csr.fp64,fp64,A100-SXM4-80GB,A100-SXM4-80GB,,9700.0,018f64fd-81d1-5f6a-986f-7d386c913e5c,suitesparse_all,Bai/mhda416,mhda416,416,416,8562,2,row-major,N,N,1.0,0.0,20260922,main,pass,pass,0,0,34248.0,0.012031,0.0138239994645,0.0258549994645,0.0144255494645,2.4774306515237354,1.324618089705395,2.374121005531283,0.025540522180657065,0.01365585659490098,0.02447547428382766,AlphaSparse 248af573c867cf4c7e05d40c611c7c34ebac4715,CUDA,13040,13000,2026-10-06T21:51:24.987166+00:00,derived,csr-alg3,0,0,,,,5,20,4,true
3,A100-SXM4-80GB-suitesparse_all-fp64-n2-row-major-AlphaSparse-SpMM-CSR-pre-plus-solve,AlphaSparse-SpMM-CSR-best-pre-plus-solve,AlphaSparseLib CSR PER MATRIX BEST,per-matrix-best,AlphaSparse-SpMM-CSR,best,pre-plus-solve,"csr-alg1,csr-alg2,csr-alg3,csr-alg4,csr-alg5",manual-selection,csr,ALPHASPARSE_SPMM_CSR_ALG4,workspace-setup,spmm.csr.fp64,fp64,A100-SXM4-80GB,A100-SXM4-80GB,,9700.0,752b02ae-c4ef-54eb-ad5c-0957985c94ee,suitesparse_all,Bai/odepa400,odepa400,400,400,1201,2,row-major,N,N,1.0,0.0,20260922,main,pass,pass,0,0,4804.0,0.01107,0.0104960002005,0.0215660002005,0.0110495002005,0.4576981619885212,0.22275804299995422,0.43477079621959863,0.0047185377524589815,0.0022964746701026207,0.004482173156903079,AlphaSparse 248af573c867cf4c7e05d40c611c7c34ebac4715,CUDA,13040,13000,2026-10-08T06:54:33.938237+00:00,derived,csr-alg4,0,0,,,,5,20,4,true
3,A100-SXM4-80GB-suitesparse_all-fp64-n2-row-major-AlphaSparse-SpMM-CSR-pre-plus-solve,AlphaSparse-SpMM-CSR-best-pre-plus-solve,AlphaSparseLib CSR PER MATRIX BEST,per-matrix-best,AlphaSparse-SpMM-CSR,best,pre-plus-solve,"csr-alg1,csr-alg2,csr-alg3,csr-alg4,csr-alg5",manual-selection,csr,ALPHASPARSE_SPMM_CSR_ALG4,workspace-setup,spmm.csr.fp64,fp64,A100-SXM4-80GB,A100-SXM4-80GB,,9700.0,152f8cc9-7213-5fba-8430-8cd9341fa530,suitesparse_all,Bai/odepb400,odepb400,400,400,399,2,row-major,N,N,1.0,0.0,20260922,main,pass,pass,0,0,1596.0,0.02127,0.00880640000105,0.030076400001,0.00986990000105,0.18123183137374033,0.05306486148431778,0.16170376597840008,0.0018683693956055704,0.0005470604276733792,0.0016670491337979392,AlphaSparse 248af573c867cf4c7e05d40c611c7c34ebac4715,CUDA,13040,13000,2026-10-08T01:20:21.563015+00:00,derived,csr-alg4,0,0,,,,5,20,4,true
3,A100-SXM4-80GB-suitesparse_all-fp64-n2-row-major-AlphaSparse-SpMM-CSR-pre-plus-solve,AlphaSparse-SpMM-CSR-best-pre-plus-solve,AlphaSparseLib CSR PER MATRIX BEST,per-matrix-best,AlphaSparse-SpMM-CSR,best,pre-plus-solve,"csr-alg1,csr-alg2,csr-alg3,csr-alg4,csr-alg5",manual-selection,csr,ALPHASPARSE_SPMM_CSR_ALG1,workspace-setup,spmm.csr.fp64,fp64,A100-SXM4-80GB,A100-SXM4-80GB,,9700.0,a0827285-e98d-55a9-b486-73107367c8f5,suitesparse_all,Bai/olm100,olm100,100,100,396,2,row-major,N,N,1.0,0.0,20260922,main,pass,pass,0,0,1584.0,0.01785,0.00552960000932,0.0233796000093,0.00642210000932,0.2864583328505151,0.06775137296488871,0.24664829225661977,0.002953178689180568,0.0006984677625246259,0.002542765899552781,AlphaSparse 248af573c867cf4c7e05d40c611c7c34ebac4715,CUDA,13040,13000,2026-10-06T07:03:20.183789+00:00,derived,csr-alg1,0,0,,,,5,20,4,true
3,A100-SXM4-80GB-suitesparse_all-fp64-n2-row-major-AlphaSparse-SpMM-CSR-pre-plus-solve,AlphaSparse-SpMM-CSR-best-pre-plus-solve,AlphaSparseLib CSR PER MATRIX BEST,per-matrix-best,AlphaSparse-SpMM-CSR,best,pre-plus-solve,"csr-alg1,csr-alg2,csr-alg3,csr-alg4,csr-alg5",manual-selection,csr,ALPHASPARSE_SPMM_CSR_ALG1,workspace-setup,spmm.csr.fp64,fp64,A100-SXM4-80GB,A100-SXM4-80GB,,9700.0,dd6a9a30-d69d-5ea7-834e-7b0f3242a57c,suitesparse_all,Bai/olm1000,olm1000,1000,1000,3996,2,row-major,N,N,1.0,0.0,20260922,main,pass,pass,0,0,15984.0,0.01657,0.00578560009599,0.022355600096,0.00661410009599,2.7627211931012154,0.7149886351232395,2.4166552921826487,0.028481661784548612,0.007371016856940614,0.0249139720843572,AlphaSparse 248af573c867cf4c7e05d40c611c7c34ebac4715,CUDA,13040,13000,2026-10-06T19:48:26.727388+00:00,derived,csr-alg1,0,0,,,,5,20,4,true
3,A100-SXM4-80GB-suitesparse_all-fp64-n2-row-major-AlphaSparse-SpMM-CSR-pre-plus-solve,AlphaSparse-SpMM-CSR-best-pre-plus-solve,AlphaSparseLib CSR PER MATRIX BEST,per-matrix-best,AlphaSparse-SpMM-CSR,best,pre-plus-solve,"csr-alg1,csr-alg2,csr-alg3,csr-alg4,csr-alg5",manual-selection,csr,ALPHASPARSE_SPMM_CSR_ALG1,workspace-setup,spmm.csr.fp64,fp64,A100-SXM4-80GB,A100-SXM4-80GB,,9700.0,005fdebf-9ece-5bc0-9d3c-6fda0356699d,suitesparse_all,Bai/olm2000,olm2000,2000,2000,7996,2,row-major,N,N,1.0,0.0,20260922,main,pass,pass,0,0,31984.0,0.0137,0.00491520017385,0.0186152001739,0.00560020017385,6.507161228175867,1.7181657839405953,5.711224421824869,0.06708413637294708,0.01771304931897521,0.05887860228685432,AlphaSparse 248af573c867cf4c7e05d40c611c7c34ebac4715,CUDA,13040,13000,2026-10-08T13:53:06.656890+00:00,derived,csr-alg1,0,0,,,,5,20,4,true
3,A100-SXM4-80GB-suitesparse_all-fp64-n2-row-major-AlphaSparse-SpMM-CSR-pre-plus-solve,AlphaSparse-SpMM-CSR-best-pre-plus-solve,AlphaSparseLib CSR PER MATRIX BEST,per-matrix-best,AlphaSparse-SpMM-CSR,best,pre-plus-solve,"csr-alg1,csr-alg2,csr-alg3,csr-alg4,csr-alg5",manual-selection,csr,ALPHASPARSE_SPMM_CSR_ALG1,workspace-setup,spmm.csr.fp64,fp64,A100-SXM4-80GB,A100-SXM4-80GB,,9700.0,d94c6f41-d28e-5f45-abb9-189a8a3b4f78,suitesparse_all,Bai/olm500,olm500,500,500,1996,2,row-major,N,N,1.0,0.0,20260922,main,pass,pass,0,0,7984.0,0.01233,0.00870399996638,0.0210339999664,0.00932049996638,0.9172794153077819,0.3795759252996934,0.856606408325638,0.009456488817606,0.003913153869069004,0.008830993900264308,AlphaSparse 248af573c867cf4c7e05d40c611c7c34ebac4715,CUDA,13040,13000,2026-10-06T01:49:31.735535+00:00,derived,csr-alg1,0,0,,,,5,20,4,true
3,A100-SXM4-80GB-suitesparse_all-fp64-n2-row-major-AlphaSparse-SpMM-CSR-pre-plus-solve,AlphaSparse-SpMM-CSR-best-pre-plus-solve,AlphaSparseLib CSR PER MATRIX BEST,per-matrix-best,AlphaSparse-SpMM-CSR,best,pre-plus-solve,"csr-alg1,csr-alg2,csr-alg3,csr-alg4,csr-alg5",manual-selection,csr,ALPHASPARSE_SPMM_CSR_ALG4,workspace-setup,spmm.csr.fp64,fp64,A100-SXM4-80GB,A100-SXM4-80GB,,9700.0,018f64fd-81d1-5f6a-986f-7d386c913e5c,suitesparse_all,Bai/olm5000,olm5000,5000,5000,19996,2,row-major,N,N,1.0,0.0,20260922,main,pass,pass,0,0,79984.0,0.01333,0.0114688001573,0.0247988001573,0.0121353001573,6.974051243633313,3.225317333607174,6.591019502050434,0.07189743550137435,0.0332506941608987,0.06794865466031375,AlphaSparse 248af573c867cf4c7e05d40c611c7c34ebac4715,CUDA,13040,13000,2026-10-06T22:28:51.168501+00:00,derived,csr-alg4,0,0,,,,5,20,4,true
3,A100-SXM4-80GB-suitesparse_all-fp64-n2-row-major-AlphaSparse-SpMM-CSR-pre-plus-solve,AlphaSparse-SpMM-CSR-best-pre-plus-solve,AlphaSparseLib CSR PER MATRIX BEST,per-matrix-best,AlphaSparse-SpMM-CSR,best,pre-plus-solve,"csr-alg1,csr-alg2,csr-alg3,csr-alg4,csr-alg5",manual-selection,csr,ALPHASPARSE_SPMM_CSR_ALG1,workspace-setup,spmm.csr.fp64,fp64,A100-SXM4-80GB,A100-SXM4-80GB,,9700.0,752b02ae-c4ef-54eb-ad5c-0957985c94ee,suitesparse_all,Bai/pde2961,pde2961,2961,2961,14585,2,row-major,N,N,1.0,0.0,20260922,main,pass,pass,0,0,58340.0,0.01544,0.00563200004399,0.021072000044,0.00640400004399,10.358664691818598,2.768602879564421,9.109931230364479,0.10679035764761442,0.028542297727468257,0.09391681680788122,AlphaSparse 248af573c867cf4c7e05d40c611c7c34ebac4715,CUDA,13040,13000,2026-10-08T03:31:21.194718+00:00,derived,csr-alg1,0,0,,,,5,20,4,true
3,A100-SXM4-80GB-suitesparse_all-fp64-n2-row-major-AlphaSparse-SpMM-CSR-pre-plus-solve,AlphaSparse-SpMM-CSR-best-pre-plus-solve,AlphaSparseLib CSR PER MATRIX BEST,per-matrix-best,AlphaSparse-SpMM-CSR,best,pre-plus-solve,"csr-alg1,csr-alg2,csr-alg3,csr-alg4,csr-alg5",manual-selection,csr,ALPHASPARSE_SPMM_CSR_ALG1,workspace-setup,spmm.csr.fp64,fp64,A100-SXM4-80GB,A100-SXM4-80GB,,9700.0,152f8cc9-7213-5fba-8430-8cd9341fa530,suitesparse_all,Bai/pde900,pde900,900,900,4380,2,row-major,N,N,1.0,0.0,20260922,main,pass,pass,0,0,17520.0,0.02068,0.00546239987016,0.0261423998702,0.00649639987016,3.2073814470647344,0.6701756566722566,2.6968783249434582,0.033065788114069426,0.006909027388373779,0.027802869329314,AlphaSparse 248af573c867cf4c7e05d40c611c7c34ebac4715,CUDA,13040,13000,2026-10-07T22:24:51.620419+00:00,derived,csr-alg1,0,0,,,,5,20,4,true
3,A100-SXM4-80GB-suitesparse_all-fp64-n2-row-major-AlphaSparse-SpMM-CSR-pre-plus-solve,AlphaSparse-SpMM-CSR-best-pre-plus-solve,AlphaSparseLib CSR PER MATRIX BEST,per-matrix-best,AlphaSparse-SpMM-CSR,best,pre-plus-solve,"csr-alg1,csr-alg2,csr-alg3,csr-alg4,csr-alg5",manual-selection,csr,ALPHASPARSE_SPMM_CSR_ALG5,workspace-setup,spmm.csr.fp64,fp64,A100-SXM4-80GB,A100-SXM4-80GB,,9700.0,a0827285-e98d-55a9-b486-73107367c8f5,suitesparse_all,Bai/qc2534,qc2534,2534,2534,463360,2,row-major,N,N,1.0,0.0,20260922,main,pass,pass,0,0,1853440.0,0.01712,0.0258047997952,0.0429247997952,0.0266607997952,71.82539739543967,43.17876865688394,69.51929477875952,0.740468014385976,0.44514194491632925,0.7166937606057683,AlphaSparse 248af573c867cf4c7e05d40c611c7c34ebac4715,CUDA,13040,13000,2026-10-06T08:56:12.702815+00:00,derived,csr-alg5,0,0,,,,5,20,4,true
3,A100-SXM4-80GB-suitesparse_all-fp64-n2-row-major-AlphaSparse-SpMM-CSR-pre-plus-solve,AlphaSparse-SpMM-CSR-best-pre-plus-solve,AlphaSparseLib CSR PER MATRIX BEST,per-matrix-best,AlphaSparse-SpMM-CSR,best,pre-plus-solve,"csr-alg1,csr-alg2,csr-alg3,csr-alg4,csr-alg5",manual-selection,csr,ALPHASPARSE_SPMM_CSR_ALG5,workspace-setup,spmm.csr.fp64,fp64,A100-SXM4-80GB,A100-SXM4-80GB,,9700.0,dd6a9a30-d69d-5ea7-834e-7b0f3242a57c,suitesparse_all,Bai/qc324,qc324,324,324,26730,2,row-major,N,N,1.0,0.0,20260922,main,pass,pass,0,0,106920.0,0.01323,0.0131584003568,0.0263884003568,0.0138199003568,8.125607756321676,4.05178027293526,7.7366693854193125,0.08376915212702758,0.041770930648817116,0.07975947820019909,AlphaSparse 248af573c867cf4c7e05d40c611c7c34ebac4715,CUDA,13040,13000,2026-10-06T22:20:15.236875+00:00,derived,csr-alg5,0,0,,,,5,20,4,true
3,A100-SXM4-80GB-suitesparse_all-fp64-n2-row-major-AlphaSparse-SpMM-CSR-pre-plus-solve,AlphaSparse-SpMM-CSR-best-pre-plus-solve,AlphaSparseLib CSR PER MATRIX BEST,per-matrix-best,AlphaSparse-SpMM-CSR,best,pre-plus-solve,"csr-alg1,csr-alg2,csr-alg3,csr-alg4,csr-alg5",manual-selection,csr,ALPHASPARSE_SPMM_CSR_ALG1,workspace-setup,spmm.csr.fp64,fp64,A100-SXM4-80GB,A100-SXM4-80GB,,9700.0,018f64fd-81d1-5f6a-986f-7d386c913e5c,suitesparse_all,Bai/qh1484,qh1484,1484,1484,6110,2,row-major,N,N,1.0,0.0,20260922,main,pass,pass,0,0,24440.0,0.01556,0.00895999968052,0.0245199996805,0.00973799968052,2.727678668687364,0.9967373702470469,2.509755678970707,0.028120398646261487,0.010275642992237597,0.025873769886295944,AlphaSparse 248af573c867cf4c7e05d40c611c7c34ebac4715,CUDA,13040,13000,2026-10-06T20:30:06.121275+00:00,derived,csr-alg1,0,0,,,,5,20,4,true
3,A100-SXM4-80GB-suitesparse_all-fp64-n2-row-major-AlphaSparse-SpMM-CSR-pre-plus-solve,AlphaSparse-SpMM-CSR-best-pre-plus-solve,AlphaSparseLib CSR PER MATRIX BEST,per-matrix-best,AlphaSparse-SpMM-CSR,best,pre-plus-solve,"csr-alg1,csr-alg2,csr-alg3,csr-alg4,csr-alg5",manual-selection,csr,ALPHASPARSE_SPMM_CSR_ALG1,workspace-setup,spmm.csr.fp64,fp64,A100-SXM4-80GB,A100-SXM4-80GB,,9700.0,005fdebf-9ece-5bc0-9d3c-6fda0356699d,suitesparse_all,Bai/qh882,qh882,882,882,3354,2,row-major,N,N,1.0,0.0,20260922,main,pass,pass,0,0,13416.0,0.01253,0.00696320012212,0.0194932001221,0.00758970012212,1.9267003338567548,0.6882399973306537,1.7676587723010804,0.019862890039760356,0.0070952577044397286,0.01822328631238227,AlphaSparse 248af573c867cf4c7e05d40c611c7c34ebac4715,CUDA,13040,13000,2026-10-08T13:53:07.271651+00:00,derived,csr-alg1,0,0,,,,5,20,4,true
3,A100-SXM4-80GB-suitesparse_all-fp64-n2-row-major-AlphaSparse-SpMM-CSR-pre-plus-solve,AlphaSparse-SpMM-CSR-best-pre-plus-solve,AlphaSparseLib CSR PER MATRIX BEST,per-matrix-best,AlphaSparse-SpMM-CSR,best,pre-plus-solve,"csr-alg1,csr-alg2,csr-alg3,csr-alg4,csr-alg5",manual-selection,csr,ALPHASPARSE_SPMM_CSR_ALG5,workspace-setup,spmm.csr.fp64,fp64,A100-SXM4-80GB,A100-SXM4-80GB,,9700.0,d94c6f41-d28e-5f45-abb9-189a8a3b4f78,suitesparse_all,Bai/rbsa480,rbsa480,480,480,17088,2,row-major,N,N,1.0,0.0,20260922,main,pass,pass,0,0,68352.0,0.01149,0.0132095992565,0.0246995992565,0.0137840992565,5.174418895892415,2.767332347791527,4.95875709599001,0.0533445246999218,0.028529199461768316,0.05112120717515475,AlphaSparse 248af573c867cf4c7e05d40c611c7c34ebac4715,CUDA,13040,13000,2026-10-06T03:32:03.828277+00:00,derived,csr-alg5,0,0,,,,5,20,4,true
3,A100-SXM4-80GB-suitesparse_all-fp64-n2-row-major-AlphaSparse-SpMM-CSR-pre-plus-solve,AlphaSparse-SpMM-CSR-best-pre-plus-solve,AlphaSparseLib CSR PER MATRIX BEST,per-matrix-best,AlphaSparse-SpMM-CSR,best,pre-plus-solve,"csr-alg1,csr-alg2,csr-alg3,csr-alg4,csr-alg5",manual-selection,csr,ALPHASPARSE_SPMM_CSR_ALG2,workspace-setup,spmm.csr.fp64,fp64,A100-SXM4-80GB,A100-SXM4-80GB,,9700.0,018f64fd-81d1-5f6a-986f-7d386c913e5c,suitesparse_all,Bai/rbsb480,rbsb480,480,480,17088,2,row-major,N,N,1.0,0.0,20260922,main,pass,pass,0,0,68352.0,0.01193,0.0140287995338,0.0259587995338,0.0146252995338,4.872262935635905,2.633095567882535,4.673545307023228,0.050229514800370155,0.027145315132809645,0.04818087945384771,AlphaSparse 248af573c867cf4c7e05d40c611c7c34ebac4715,CUDA,13040,13000,2026-10-06T21:13:38.748765+00:00,derived,csr-alg2,0,0,,,,5,20,4,true
3,A100-SXM4-80GB-suitesparse_all-fp64-n2-row-major-AlphaSparse-SpMM-CSR-pre-plus-solve,AlphaSparse-SpMM-CSR-best-pre-plus-solve,AlphaSparseLib CSR PER MATRIX BEST,per-matrix-best,AlphaSparse-SpMM-CSR,best,pre-plus-solve,"csr-alg1,csr-alg2,csr-alg3,csr-alg4,csr-alg5",manual-selection,csr,ALPHASPARSE_SPMM_CSR_ALG1,workspace-setup,spmm.csr.fp64,fp64,A100-SXM4-80GB,A100-SXM4-80GB,,9700.0,752b02ae-c4ef-54eb-ad5c-0957985c94ee,suitesparse_all,Bai/rdb1250,rdb1250,1250,1250,7300,2,row-major,N,N,1.0,0.0,20260922,main,pass,pass,0,0,29200.0,0.01714,0.00604160018265,0.0231816001827,0.00689860018265,4.833156633544746,1.2596196884540964,4.232742763298283,0.04982635704685306,0.01298576998406285,0.043636523332971994,AlphaSparse 248af573c867cf4c7e05d40c611c7c34ebac4715,CUDA,13040,13000,2026-10-08T03:36:13.708472+00:00,derived,csr-alg1,0,0,,,,5,20,4,true
3,A100-SXM4-80GB-suitesparse_all-fp64-n2-row-major-AlphaSparse-SpMM-CSR-pre-plus-solve,AlphaSparse-SpMM-CSR-best-pre-plus-solve,AlphaSparseLib CSR PER MATRIX BEST,per-matrix-best,AlphaSparse-SpMM-CSR,best,pre-plus-solve,"csr-alg1,csr-alg2,csr-alg3,csr-alg4,csr-alg5",manual-selection,csr,ALPHASPARSE_SPMM_CSR_ALG1,workspace-setup,spmm.csr.fp64,fp64,A100-SXM4-80GB,A100-SXM4-80GB,,9700.0,152f8cc9-7213-5fba-8430-8cd9341fa530,suitesparse_all,Bai/rdb1250l,rdb1250l,1250,1250,7300,2,row-major,N,N,1.0,0.0,20260922,main,pass,pass,0,0,29200.0,0.02241,0.00573440007865,0.0281444000787,0.00685490007865,5.092075823016922,1.0375065703425275,4.259726570040774,0.05249562704141156,0.010695944024149768,0.043914706907636845,AlphaSparse 248af573c867cf4c7e05d40c611c7c34ebac4715,CUDA,13040,13000,2026-10-07T22:28:09.208818+00:00,derived,csr-alg1,0,0,,,,5,20,4,true
3,A100-SXM4-80GB-suitesparse_all-fp64-n2-row-major-AlphaSparse-SpMM-CSR-pre-plus-solve,AlphaSparse-SpMM-CSR-best-pre-plus-solve,AlphaSparseLib CSR PER MATRIX BEST,per-matrix-best,AlphaSparse-SpMM-CSR,best,pre-plus-solve,"csr-alg1,csr-alg2,csr-alg3,csr-alg4,csr-alg5",manual-selection,csr,ALPHASPARSE_SPMM_CSR_ALG1,workspace-setup,spmm.csr.fp64,fp64,A100-SXM4-80GB,A100-SXM4-80GB,,9700.0,a0827285-e98d-55a9-b486-73107367c8f5,suitesparse_all,Bai/rdb200,rdb200,200,200,1120,2,row-major,N,N,1.0,0.0,20260922,main,pass,pass,0,0,4480.0,0.01725,0.00563200004399,0.022882000044,0.00649450004399,0.7954545392414694,0.19578708117233495,0.689814453715461,0.008200562260221334,0.002018423517240567,0.007111489213561454,AlphaSparse 248af573c867cf4c7e05d40c611c7c34ebac4715,CUDA,13040,13000,2026-10-06T07:07:17.166592+00:00,derived,csr-alg1,0,0,,,,5,20,4,true
3,A100-SXM4-80GB-suitesparse_all-fp64-n2-row-major-AlphaSparse-SpMM-CSR-pre-plus-solve,AlphaSparse-SpMM-CSR-best-pre-plus-solve,AlphaSparseLib CSR PER MATRIX BEST,per-matrix-best,AlphaSparse-SpMM-CSR,best,pre-plus-solve,"csr-alg1,csr-alg2,csr-alg3,csr-alg4,csr-alg5",manual-selection,csr,ALPHASPARSE_SPMM_CSR_ALG1,workspace-setup,spmm.csr.fp64,fp64,A100-SXM4-80GB,A100-SXM4-80GB,,9700.0,dd6a9a30-d69d-5ea7-834e-7b0f3242a57c,suitesparse_all,Bai/rdb200l,rdb200l,200,200,1120,2,row-major,N,N,1.0,0.0,20260922,main,pass,pass,0,0,4480.0,0.01364,0.00563200004399,0.019272000044,0.00631400004399,0.7954545392414694,0.23246160179388176,0.7095343631275868,0.008200562260221334,0.002396511358699812,0.007314787248738008,AlphaSparse 248af573c867cf4c7e05d40c611c7c34ebac4715,CUDA,13040,13000,2026-10-06T19:53:15.372348+00:00,derived,csr-alg1,0,0,,,,5,20,4,true
3,A100-SXM4-80GB-suitesparse_all-fp64-n2-row-major-AlphaSparse-SpMM-CSR-pre-plus-solve,AlphaSparse-SpMM-CSR-best-pre-plus-solve,AlphaSparseLib CSR PER MATRIX BEST,per-matrix-best,AlphaSparse-SpMM-CSR,best,pre-plus-solve,"csr-alg1,csr-alg2,csr-alg3,csr-alg4,csr-alg5",manual-selection,csr,ALPHASPARSE_SPMM_CSR_ALG1,workspace-setup,spmm.csr.fp64,fp64,A100-SXM4-80GB,A100-SXM4-80GB,,9700.0,005fdebf-9ece-5bc0-9d3c-6fda0356699d,suitesparse_all,Bai/rdb2048_noL,rdb2048_noL,2048,2048,12032,2,row-major,N,N,1.0,0.0,20260922,main,pass,pass,0,0,48128.0,0.01189,0.00542719997466,0.0173171999747,0.00602169997466,8.867924569706885,2.779202184551418,7.992427421247839,0.09142190278048334,0.028651568912901215,0.08239615898193647,AlphaSparse 248af573c867cf4c7e05d40c611c7c34ebac4715,CUDA,13040,13000,2026-10-08T13:56:04.513469+00:00,derived,csr-alg1,0,0,,,,5,20,4,true
3,A100-SXM4-80GB-suitesparse_all-fp64-n2-row-major-AlphaSparse-SpMM-CSR-pre-plus-solve,AlphaSparse-SpMM-CSR-best-pre-plus-solve,AlphaSparseLib CSR PER MATRIX BEST,per-matrix-best,AlphaSparse-SpMM-CSR,best,pre-plus-solve,"csr-alg1,csr-alg2,csr-alg3,csr-alg4,csr-alg5",manual-selection,csr,ALPHASPARSE_SPMM_CSR_ALG1,workspace-setup,spmm.csr.fp64,fp64,A100-SXM4-80GB,A100-SXM4-80GB,,9700.0,d94c6f41-d28e-5f45-abb9-189a8a3b4f78,suitesparse_all,Bai/rdb3200l,rdb3200l,3200,3200,18880,2,row-major,N,N,1.0,0.0,20260922,main,pass,pass,0,0,75520.0,0.01228,0.00670719966292,0.0189871996629,0.00732119966292,11.25954255059736,3.9774164353241703,10.31524934123699,0.11607775825358102,0.04100429314767186,0.1063427767137834,AlphaSparse 248af573c867cf4c7e05d40c611c7c34ebac4715,CUDA,13040,13000,2026-10-06T01:53:01.374635+00:00,derived,csr-alg1,0,0,,,,5,20,4,true
3,A100-SXM4-80GB-suitesparse_all-fp64-n2-row-major-AlphaSparse-SpMM-CSR-pre-plus-solve,AlphaSparse-SpMM-CSR-best-pre-plus-solve,AlphaSparseLib CSR PER MATRIX BEST,per-matrix-best,AlphaSparse-SpMM-CSR,best,pre-plus-solve,"csr-alg1,csr-alg2,csr-alg3,csr-alg4,csr-alg5",manual-selection,csr,ALPHASPARSE_SPMM_CSR_ALG1,workspace-setup,spmm.csr.fp64,fp64,A100-SXM4-80GB,A100-SXM4-80GB,,9700.0,018f64fd-81d1-5f6a-986f-7d386c913e5c,suitesparse_all,Bai/rdb450,rdb450,450,450,2580,2,row-major,N,N,1.0,0.0,20260922,main,pass,pass,0,0,10320.0,0.01565,0.00552960000932,0.0211796000093,0.00631210000932,1.8663194412988104,0.48726132672328415,1.634955083848833,0.01924040661132794,0.005023312646631795,0.01685520704998797,AlphaSparse 248af573c867cf4c7e05d40c611c7c34ebac4715,CUDA,13040,13000,2026-10-06T20:30:06.989260+00:00,derived,csr-alg1,0,0,,,,5,20,4,true
3,A100-SXM4-80GB-suitesparse_all-fp64-n2-row-major-AlphaSparse-SpMM-CSR-pre-plus-solve,AlphaSparse-SpMM-CSR-best-pre-plus-solve,AlphaSparseLib CSR PER MATRIX BEST,per-matrix-best,AlphaSparse-SpMM-CSR,best,pre-plus-solve,"csr-alg1,csr-alg2,csr-alg3,csr-alg4,csr-alg5",manual-selection,csr,ALPHASPARSE_SPMM_CSR_ALG4,workspace-setup,spmm.csr.fp64,fp64,A100-SXM4-80GB,A100-SXM4-80GB,,9700.0,752b02ae-c4ef-54eb-ad5c-0957985c94ee,suitesparse_all,Bai/rdb5000,rdb5000,5000,5000,29600,2,row-major,N,N,1.0,0.0,20260922,main,pass,pass,0,0,118400.0,0.01115,0.0129023998976,0.0240523998976,0.0134598998976,9.17658737441736,4.9225857088719955,8.796499297971124,0.09460399355069445,0.05074830627703088,0.09068555977289819,AlphaSparse 248af573c867cf4c7e05d40c611c7c34ebac4715,CUDA,13040,13000,2026-10-08T06:54:35.178146+00:00,derived,csr-alg4,0,0,,,,5,20,4,true
3,A100-SXM4-80GB-suitesparse_all-fp64-n2-row-major-AlphaSparse-SpMM-CSR-pre-plus-solve,AlphaSparse-SpMM-CSR-best-pre-plus-solve,AlphaSparseLib CSR PER MATRIX BEST,per-matrix-best,AlphaSparse-SpMM-CSR,best,pre-plus-solve,"csr-alg1,csr-alg2,csr-alg3,csr-alg4,csr-alg5",manual-selection,csr,ALPHASPARSE_SPMM_CSR_ALG1,workspace-setup,spmm.csr.fp64,fp64,A100-SXM4-80GB,A100-SXM4-80GB,,9700.0,752b02ae-c4ef-54eb-ad5c-0957985c94ee,suitesparse_all,Bai/rdb800l,rdb800l,800,800,4640,2,row-major,N,N,1.0,0.0,20260922,main,pass,pass,0,0,18560.0,0.0149,0.00573440007865,0.0206344000787,0.00647940007865,3.23660709846555,0.8994688447065,2.864462724127235,0.033367083489335564,0.009272874687695876,0.02953054354770345,AlphaSparse 248af573c867cf4c7e05d40c611c7c34ebac4715,CUDA,13040,13000,2026-10-08T03:36:14.319660+00:00,derived,csr-alg1,0,0,,,,5,20,4,true
3,A100-SXM4-80GB-suitesparse_all-fp64-n2-row-major-AlphaSparse-SpMM-CSR-pre-plus-solve,AlphaSparse-SpMM-CSR-best-pre-plus-solve,AlphaSparseLib CSR PER MATRIX BEST,per-matrix-best,AlphaSparse-SpMM-CSR,best,pre-plus-solve,"csr-alg1,csr-alg2,csr-alg3,csr-alg4,csr-alg5",manual-selection,csr,ALPHASPARSE_SPMM_CSR_ALG1,workspace-setup,spmm.csr.fp64,fp64,A100-SXM4-80GB,A100-SXM4-80GB,,9700.0,152f8cc9-7213-5fba-8430-8cd9341fa530,suitesparse_all,Bai/rdb968,rdb968,968,968,5632,2,row-major,N,N,1.0,0.0,20260922,main,pass,pass,0,0,22528.0,0.02236,0.00581759996712,0.0281775999671,0.00693559996712,3.8723872606098895,0.7995003132383014,3.2481688832689017,0.03992151815061742,0.008242271270497953,0.03348627714710208,AlphaSparse 248af573c867cf4c7e05d40c611c7c34ebac4715,CUDA,13040,13000,2026-10-07T22:24:52.474759+00:00,derived,csr-alg1,0,0,,,,5,20,4,true
3,A100-SXM4-80GB-suitesparse_all-fp64-n2-row-major-AlphaSparse-SpMM-CSR-pre-plus-solve,AlphaSparse-SpMM-CSR-best-pre-plus-solve,AlphaSparseLib CSR PER MATRIX BEST,per-matrix-best,AlphaSparse-SpMM-CSR,best,pre-plus-solve,"csr-alg1,csr-alg2,csr-alg3,csr-alg4,csr-alg5",manual-selection,csr,ALPHASPARSE_SPMM_CSR_ALG4,workspace-setup,spmm.csr.fp64,fp64,A100-SXM4-80GB,A100-SXM4-80GB,,9700.0,a0827285-e98d-55a9-b486-73107367c8f5,suitesparse_all,Bai/rw136,rw136,136,136,479,2,row-major,N,N,1.0,0.0,20260922,main,pass,pass,0,0,1916.0,0.01968,0.00844800025225,0.0281280002522,0.00943200025225,0.2267992356522127,0.06811717800131001,0.20313824732383134,0.0023381364500228113,0.0007022389484671135,0.0020942087352972304,AlphaSparse 248af573c867cf4c7e05d40c611c7c34ebac4715,CUDA,13040,13000,2026-10-06T08:28:24.655168+00:00,derived,csr-alg4,0,0,,,,5,20,4,true
3,A100-SXM4-80GB-suitesparse_all-fp64-n2-row-major-AlphaSparse-SpMM-CSR-pre-plus-solve,AlphaSparse-SpMM-CSR-best-pre-plus-solve,AlphaSparseLib CSR PER MATRIX BEST,per-matrix-best,AlphaSparse-SpMM-CSR,best,pre-plus-solve,"csr-alg1,csr-alg2,csr-alg3,csr-alg4,csr-alg5",manual-selection,csr,ALPHASPARSE_SPMM_CSR_ALG1,workspace-setup,spmm.csr.fp64,fp64,A100-SXM4-80GB,A100-SXM4-80GB,,9700.0,dd6a9a30-d69d-5ea7-834e-7b0f3242a57c,suitesparse_all,Bai/rw496,rw496,496,496,1859,2,row-major,N,N,1.0,0.0,20260922,main,pass,pass,0,0,7436.0,0.01304,0.00516959987581,0.0182095998758,0.00582159987581,1.4384091958054857,0.4083560347683541,1.2773121064019153,0.014828960781499851,0.004209856028539733,0.01316816604538057,AlphaSparse 248af573c867cf4c7e05d40c611c7c34ebac4715,CUDA,13040,13000,2026-10-06T19:48:29.811845+00:00,derived,csr-alg1,0,0,,,,5,20,4,true
3,A100-SXM4-80GB-suitesparse_all-fp64-n2-row-major-AlphaSparse-SpMM-CSR-pre-plus-solve,AlphaSparse-SpMM-CSR-best-pre-plus-solve,AlphaSparseLib CSR PER MATRIX BEST,per-matrix-best,AlphaSparse-SpMM-CSR,best,pre-plus-solve,"csr-alg1,csr-alg2,csr-alg3,csr-alg4,csr-alg5",manual-selection,csr,ALPHASPARSE_SPMM_CSR_ALG1,workspace-setup,spmm.csr.fp64,fp64,A100-SXM4-80GB,A100-SXM4-80GB,,9700.0,005fdebf-9ece-5bc0-9d3c-6fda0356699d,suitesparse_all,Bai/rw5151,rw5151,5151,5151,20199,2,row-major,N,N,1.0,0.0,20260922,main,pass,pass,0,0,80796.0,0.01496,0.00484480001032,0.0198048000103,0.00559280001032,16.676849370024545,4.079617060408585,14.446431099076102,0.1719262821652015,0.042057907839263754,0.14893227937191858,AlphaSparse 248af573c867cf4c7e05d40c611c7c34ebac4715,CUDA,13040,13000,2026-10-08T13:53:08.055012+00:00,derived,csr-alg1,0,0,,,,5,20,4,true
3,A100-SXM4-80GB-suitesparse_all-fp64-n2-row-major-AlphaSparse-SpMM-CSR-pre-plus-solve,AlphaSparse-SpMM-CSR-best-pre-plus-solve,AlphaSparseLib CSR PER MATRIX BEST,per-matrix-best,AlphaSparse-SpMM-CSR,best,pre-plus-solve,"csr-alg1,csr-alg2,csr-alg3,csr-alg4,csr-alg5",manual-selection,csr,ALPHASPARSE_SPMM_CSR_ALG3,workspace-setup,spmm.csr.fp64,fp64,A100-SXM4-80GB,A100-SXM4-80GB,,9700.0,152f8cc9-7213-5fba-8430-8cd9341fa530,suitesparse_all,Bai/tols1090,tols1090,1090,1090,3546,2,row-major,N,N,1.0,0.0,20260922,main,pass,pass,0,0,14184.0,0.01997,0.0138751998544,0.0338451998544,0.0148736998544,1.0222555457824325,0.4190845396398517,0.953629570237968,0.010538716966829202,0.004320459171544863,0.00983123268286565,AlphaSparse 248af573c867cf4c7e05d40c611c7c34ebac4715,CUDA,13040,13000,2026-10-08T00:25:08.666750+00:00,derived,csr-alg3,0,0,,,,5,20,4,true
3,A100-SXM4-80GB-suitesparse_all-fp64-n2-row-major-AlphaSparse-SpMM-CSR-pre-plus-solve,AlphaSparse-SpMM-CSR-best-pre-plus-solve,AlphaSparseLib CSR PER MATRIX BEST,per-matrix-best,AlphaSparse-SpMM-CSR,best,pre-plus-solve,"csr-alg1,csr-alg2,csr-alg3,csr-alg4,csr-alg5",manual-selection,csr,ALPHASPARSE_SPMM_CSR_ALG2,workspace-setup,spmm.csr.fp64,fp64,A100-SXM4-80GB,A100-SXM4-80GB,,9700.0,a0827285-e98d-55a9-b486-73107367c8f5,suitesparse_all,Bai/tols2000,tols2000,2000,2000,5184,2,row-major,N,N,1.0,0.0,20260922,main,pass,pass,0,0,20736.0,0.017291,0.0136191993952,0.0309101993952,0.0144837493952,1.5225564585909706,0.6708465298098356,1.4316734868991887,0.015696458335989386,0.006915943606286964,0.01475952048349679,AlphaSparse 248af573c867cf4c7e05d40c611c7c34ebac4715,CUDA,13040,13000,2026-10-06T07:35:29.383961+00:00,derived,csr-alg2,0,0,,,,5,20,4,true
3,A100-SXM4-80GB-suitesparse_all-fp64-n2-row-major-AlphaSparse-SpMM-CSR-pre-plus-solve,AlphaSparse-SpMM-CSR-best-pre-plus-solve,AlphaSparseLib CSR PER MATRIX BEST,per-matrix-best,AlphaSparse-SpMM-CSR,best,pre-plus-solve,"csr-alg1,csr-alg2,csr-alg3,csr-alg4,csr-alg5",manual-selection,csr,ALPHASPARSE_SPMM_CSR_ALG3,workspace-setup,spmm.csr.fp64,fp64,A100-SXM4-80GB,A100-SXM4-80GB,,9700.0,dd6a9a30-d69d-5ea7-834e-7b0f3242a57c,suitesparse_all,Bai/tols340,tols340,340,340,2196,2,row-major,N,N,1.0,0.0,20260922,main,pass,pass,0,0,8784.0,0.01294,0.0133120000362,0.0262520000362,0.0139590000362,0.6598557674363897,0.33460307739933604,0.6292714361501808,0.006802636777694739,0.003449516261848825,0.006487334393300832,AlphaSparse 248af573c867cf4c7e05d40c611c7c34ebac4715,CUDA,13040,13000,2026-10-06T21:09:19.133096+00:00,derived,csr-alg3,0,0,,,,5,20,4,true
3,A100-SXM4-80GB-suitesparse_all-fp64-n2-row-major-AlphaSparse-SpMM-CSR-pre-plus-solve,AlphaSparse-SpMM-CSR-best-pre-plus-solve,AlphaSparseLib CSR PER MATRIX BEST,per-matrix-best,AlphaSparse-SpMM-CSR,best,pre-plus-solve,"csr-alg1,csr-alg2,csr-alg3,csr-alg4,csr-alg5",manual-selection,csr,ALPHASPARSE_SPMM_CSR_ALG5,workspace-setup,spmm.csr.fp64,fp64,A100-SXM4-80GB,A100-SXM4-80GB,,9700.0,005fdebf-9ece-5bc0-9d3c-6fda0356699d,suitesparse_all,Bai/tols4000,tols4000,4000,4000,8784,2,row-major,N,N,1.0,0.0,20260922,main,pass,pass,0,0,35136.0,0.01231,0.0116223998368,0.0239323998368,0.0122378998368,3.023127795754273,1.468135257625632,2.8710808609778145,0.03116626593561106,0.01513541502706837,0.02959877176265788,AlphaSparse 248af573c867cf4c7e05d40c611c7c34ebac4715,CUDA,13040,13000,2026-10-08T15:33:43.452650+00:00,derived,csr-alg5,0,0,,,,5,20,4,true
3,A100-SXM4-80GB-suitesparse_all-fp64-n2-row-major-AlphaSparse-SpMM-CSR-pre-plus-solve,AlphaSparse-SpMM-CSR-best-pre-plus-solve,AlphaSparseLib CSR PER MATRIX BEST,per-matrix-best,AlphaSparse-SpMM-CSR,best,pre-plus-solve,"csr-alg1,csr-alg2,csr-alg3,csr-alg4,csr-alg5",manual-selection,csr,ALPHASPARSE_SPMM_CSR_ALG2,workspace-setup,spmm.csr.fp64,fp64,A100-SXM4-80GB,A100-SXM4-80GB,,9700.0,d94c6f41-d28e-5f45-abb9-189a8a3b4f78,suitesparse_all,Bai/tols90,tols90,90,90,1746,2,row-major,N,N,1.0,0.0,20260922,main,pass,pass,0,0,6984.0,0.01304,0.0120832003653,0.0251232003653,0.0127352003653,0.577992567271858,0.2779900609178063,0.548401265757037,0.0059586862605346185,0.0028658769166784153,0.005653621296464299,AlphaSparse 248af573c867cf4c7e05d40c611c7c34ebac4715,CUDA,13040,13000,2026-10-06T02:22:40.388079+00:00,derived,csr-alg2,0,0,,,,5,20,4,true
3,A100-SXM4-80GB-suitesparse_all-fp64-n2-row-major-AlphaSparse-SpMM-CSR-pre-plus-solve,AlphaSparse-SpMM-CSR-best-pre-plus-solve,AlphaSparseLib CSR PER MATRIX BEST,per-matrix-best,AlphaSparse-SpMM-CSR,best,pre-plus-solve,"csr-alg1,csr-alg2,csr-alg3,csr-alg4,csr-alg5",manual-selection,csr,ALPHASPARSE_SPMM_CSR_ALG1,workspace-setup,spmm.csr.fp64,fp64,A100-SXM4-80GB,A100-SXM4-80GB,,9700.0,d94c6f41-d28e-5f45-abb9-189a8a3b4f78,suitesparse_all,Bai/tub100,tub100,100,100,396,2,row-major,N,N,1.0,0.0,20260922,main,pass,pass,0,0,1584.0,0.01303,0.00430079996586,0.0173307999659,0.00495229996586,0.3683035743521866,0.09139797372981459,0.3198513843910357,0.0037969440654864596,0.0009422471518537587,0.003297436952484904,AlphaSparse 248af573c867cf4c7e05d40c611c7c34ebac4715,CUDA,13040,13000,2026-10-06T01:49:32.995579+00:00,derived,csr-alg1,0,0,,,,5,20,4,true
3,A100-SXM4-80GB-suitesparse_all-fp64-n2-row-major-AlphaSparse-SpMM-CSR-pre-plus-solve,AlphaSparse-SpMM-CSR-best-pre-plus-solve,AlphaSparseLib CSR PER MATRIX BEST,per-matrix-best,AlphaSparse-SpMM-CSR,best,pre-plus-solve,"csr-alg1,csr-alg2,csr-alg3,csr-alg4,csr-alg5",manual-selection,csr,ALPHASPARSE_SPMM_CSR_ALG1,workspace-setup,spmm.csr.fp64,fp64,A100-SXM4-80GB,A100-SXM4-80GB,,9700.0,018f64fd-81d1-5f6a-986f-7d386c913e5c,suitesparse_all,Bai/tub1000,tub1000,1000,1000,3996,2,row-major,N,N,1.0,0.0,20260922,main,pass,pass,0,0,15984.0,0.01459,0.00506879985332,0.0196587998533,0.00579829985332,3.153409182161864,0.813070997175693,2.7566701282010886,0.03250937301197798,0.008382175228615391,0.02841927967217617,AlphaSparse 248af573c867cf4c7e05d40c611c7c34ebac4715,CUDA,13040,13000,2026-10-06T20:26:10.075863+00:00,derived,csr-alg1,0,0,,,,5,20,4,true
3,A100-SXM4-80GB-suitesparse_all-fp64-n2-row-major-AlphaSparse-SpMM-CSR-pre-plus-solve,AlphaSparse-SpMM-CSR-best-pre-plus-solve,AlphaSparseLib CSR PER MATRIX BEST,per-matrix-best,AlphaSparse-SpMM-CSR,best,pre-plus-solve,"csr-alg1,csr-alg2,csr-alg3,csr-alg4,csr-alg5",manual-selection,csr,ALPHASPARSE_SPMM_CSR_ALG5,workspace-setup,spmm.csr.fp64,fp64,A100-SXM4-80GB,A100-SXM4-80GB,,9700.0,152f8cc9-7213-5fba-8430-8cd9341fa530,suitesparse_all,Barabasi/NotreDame_actors,NotreDame_actors,392400,127823,1470404,2,row-major,N,N,1.0,0.0,20260922,main,pass,pass,0,0,5881616.0,0.0203,0.0666624009609,0.0869624009609,0.0676774009609,88.22988544096678,67.63401119346383,86.90664707112572,0.9095864478450184,0.6972578473552973,0.8959448151662445,AlphaSparse 248af573c867cf4c7e05d40c611c7c34ebac4715,CUDA,13040,13000,2026-10-08T02:22:24.417117+00:00,derived,csr-alg5,0,0,,,,5,20,4,true
3,A100-SXM4-80GB-suitesparse_all-fp64-n2-row-major-AlphaSparse-SpMM-CSR-pre-plus-solve,AlphaSparse-SpMM-CSR-best-pre-plus-solve,AlphaSparseLib CSR PER MATRIX BEST,per-matrix-best,AlphaSparse-SpMM-CSR,best,pre-plus-solve,"csr-alg1,csr-alg2,csr-alg3,csr-alg4,csr-alg5",manual-selection,csr,ALPHASPARSE_SPMM_CSR_ALG1,workspace-setup,spmm.csr.fp64,fp64,A100-SXM4-80GB,A100-SXM4-80GB,,9700.0,a0827285-e98d-55a9-b486-73107367c8f5,suitesparse_all,Barabasi/NotreDame_www,NotreDame_www,325729,325729,929849,2,row-major,N,N,1.0,0.0,20260922,main,pass,pass,0,0,3719396.0,0.02748,0.041062399745,0.068542399745,0.042436399745,90.57911917222754,54.26416369776024,87.64636072687179,0.9338053522910055,0.5594243680181468,0.9035707291430082,AlphaSparse 248af573c867cf4c7e05d40c611c7c34ebac4715,CUDA,13040,13000,2026-10-06T07:06:55.118439+00:00,derived,csr-alg1,0,0,,,,5,20,4,true
3,A100-SXM4-80GB-suitesparse_all-fp64-n2-row-major-AlphaSparse-SpMM-CSR-pre-plus-solve,AlphaSparse-SpMM-CSR-best-pre-plus-solve,AlphaSparseLib CSR PER MATRIX BEST,per-matrix-best,AlphaSparse-SpMM-CSR,best,pre-plus-solve,"csr-alg1,csr-alg2,csr-alg3,csr-alg4,csr-alg5",manual-selection,csr,ALPHASPARSE_SPMM_CSR_ALG3,workspace-setup,spmm.csr.fp64,fp64,A100-SXM4-80GB,A100-SXM4-80GB,,9700.0,dd6a9a30-d69d-5ea7-834e-7b0f3242a57c,suitesparse_all,Barabasi/NotreDame_yeast,NotreDame_yeast,2114,2114,4480,2,row-major,N,N,1.0,0.0,20260922,main,pass,pass,0,0,17920.0,0.01564,0.0116144001484,0.0272544001484,0.0123964001484,1.5429122271517965,0.657508508806862,1.4455809578164456,0.015906311620121613,0.006778438235122288,0.014902896472334492,AlphaSparse 248af573c867cf4c7e05d40c611c7c34ebac4715,CUDA,13040,13000,2026-10-06T21:08:56.716404+00:00,derived,csr-alg3,0,0,,,,5,20,4,true
3,A100-SXM4-80GB-suitesparse_all-fp64-n2-row-major-AlphaSparse-SpMM-CSR-pre-plus-solve,AlphaSparse-SpMM-CSR-best-pre-plus-solve,AlphaSparseLib CSR PER MATRIX BEST,per-matrix-best,AlphaSparse-SpMM-CSR,best,pre-plus-solve,"csr-alg1,csr-alg2,csr-alg3,csr-alg4,csr-alg5",manual-selection,csr,ALPHASPARSE_SPMM_CSR_ALG3,workspace-setup,spmm.csr.fp64,fp64,A100-SXM4-80GB,A100-SXM4-80GB,,9700.0,005fdebf-9ece-5bc0-9d3c-6fda0356699d,suitesparse_all,Bates/Chem97Zt,Chem97Zt,2541,31022,62044,2,row-major,N,N,1.0,0.0,20260922,main,pass,pass,0,0,248176.0,0.013309,0.0155647993088,0.0288737993088,0.0162302493088,15.944696431754611,8.595197235590755,15.290954271752287,0.164378313729429,0.08861028077928614,0.1576387038324978,AlphaSparse 248af573c867cf4c7e05d40c611c7c34ebac4715,CUDA,13040,13000,2026-10-08T14:45:39.984913+00:00,derived,csr-alg3,0,0,,,,5,20,4,true
3,A100-SXM4-80GB-suitesparse_all-fp64-n2-row-major-AlphaSparse-SpMM-CSR-pre-plus-solve,AlphaSparse-SpMM-CSR-best-pre-plus-solve,AlphaSparseLib CSR PER MATRIX BEST,per-matrix-best,AlphaSparse-SpMM-CSR,best,pre-plus-solve,"csr-alg1,csr-alg2,csr-alg3,csr-alg4,csr-alg5",manual-selection,csr,ALPHASPARSE_SPMM_CSR_ALG5,workspace-setup,spmm.csr.fp64,fp64,A100-SXM4-80GB,A100-SXM4-80GB,,9700.0,d94c6f41-d28e-5f45-abb9-189a8a3b4f78,suitesparse_all,Bates/Chem97ZtZ,Chem97ZtZ,2541,2541,7361,2,row-major,N,N,1.0,0.0,20260922,main,pass,pass,0,0,29444.0,0.01312,0.013595199585,0.026715199585,0.014251199585,2.1657644535418563,1.102144114863067,2.0660716892205393,0.022327468593215015,0.011362310462505847,0.02129970813629422,AlphaSparse 248af573c867cf4c7e05d40c611c7c34ebac4715,CUDA,13040,13000,2026-10-06T03:35:11.473847+00:00,derived,csr-alg5,0,0,,,,5,20,4,true
3,A100-SXM4-80GB-suitesparse_all-fp64-n2-row-major-AlphaSparse-SpMM-CSR-pre-plus-solve,AlphaSparse-SpMM-CSR-best-pre-plus-solve,AlphaSparseLib CSR PER MATRIX BEST,per-matrix-best,AlphaSparse-SpMM-CSR,best,pre-plus-solve,"csr-alg1,csr-alg2,csr-alg3,csr-alg4,csr-alg5",manual-selection,csr,ALPHASPARSE_SPMM_CSR_ALG1,workspace-setup,spmm.csr.fp64,fp64,A100-SXM4-80GB,A100-SXM4-80GB,,9700.0,018f64fd-81d1-5f6a-986f-7d386c913e5c,suitesparse_all,Bates/sls,sls,1748122,62729,6804304,2,row-major,N,N,1.0,0.0,20260922,main,pass,pass,0,0,27217216.0,0.038011,0.13992960453,0.17794060453,0.14183015453,194.50648839763429,152.95674684195703,191.90006589355437,2.0052215298725184,1.5768736787830622,1.9783511947789112,AlphaSparse 248af573c867cf4c7e05d40c611c7c34ebac4715,CUDA,13040,13000,2026-10-06T20:33:13.419944+00:00,derived,csr-alg1,0,0,,,,5,20,4,true
3,A100-SXM4-80GB-suitesparse_all-fp64-n2-row-major-AlphaSparse-SpMM-CSR-pre-plus-solve,AlphaSparse-SpMM-CSR-best-pre-plus-solve,AlphaSparseLib CSR PER MATRIX BEST,per-matrix-best,AlphaSparse-SpMM-CSR,best,pre-plus-solve,"csr-alg1,csr-alg2,csr-alg3,csr-alg4,csr-alg5",manual-selection,csr,ALPHASPARSE_SPMM_CSR_ALG5,workspace-setup,spmm.csr.fp64,fp64,A100-SXM4-80GB,A100-SXM4-80GB,,9700.0,005fdebf-9ece-5bc0-9d3c-6fda0356699d,suitesparse_all,Belcastro/human_gene1,human_gene1,22283,22283,24669643,2,row-major,N,N,1.0,0.0,20260922,main,pass,pass,0,0,98678572.0,0.02855,1.4750207901,1.5035707901,1.4764482901,66.89978382834185,65.62948193043646,66.83510195491945,0.6896884930756892,0.6765925972209943,0.6890216696383449,AlphaSparse 248af573c867cf4c7e05d40c611c7c34ebac4715,CUDA,13040,13000,2026-10-08T15:38:40.718213+00:00,derived,csr-alg5,0,0,,,,5,20,4,true
3,A100-SXM4-80GB-suitesparse_all-fp64-n2-row-major-AlphaSparse-SpMM-CSR-pre-plus-solve,AlphaSparse-SpMM-CSR-best-pre-plus-solve,AlphaSparseLib CSR PER MATRIX BEST,per-matrix-best,AlphaSparse-SpMM-CSR,best,pre-plus-solve,"csr-alg1,csr-alg2,csr-alg3,csr-alg4,csr-alg5",manual-selection,csr,ALPHASPARSE_SPMM_CSR_ALG5,workspace-setup,spmm.csr.fp64,fp64,A100-SXM4-80GB,A100-SXM4-80GB,,9700.0,d94c6f41-d28e-5f45-abb9-189a8a3b4f78,suitesparse_all,Belcastro/human_gene2,human_gene2,14340,14340,18068388,2,row-major,N,N,1.0,0.0,20260922,main,pass,pass,0,0,72273552.0,0.03342,0.61928319931,0.65270319931,0.62095419931,116.70517152819029,110.7295813417238,116.39111560934748,1.2031460982287658,1.1415420756878742,1.1999084083437885,AlphaSparse 248af573c867cf4c7e05d40c611c7c34ebac4715,CUDA,13040,13000,2026-10-06T03:43:01.683781+00:00,derived,csr-alg5,0,0,,,,5,20,4,true
3,A100-SXM4-80GB-suitesparse_all-fp64-n2-row-major-AlphaSparse-SpMM-CSR-pre-plus-solve,AlphaSparse-SpMM-CSR-best-pre-plus-solve,AlphaSparseLib CSR PER MATRIX BEST,per-matrix-best,AlphaSparse-SpMM-CSR,best,pre-plus-solve,"csr-alg1,csr-alg2,csr-alg3,csr-alg4,csr-alg5",manual-selection,csr,ALPHASPARSE_SPMM_CSR_ALG5,workspace-setup,spmm.csr.fp64,fp64,A100-SXM4-80GB,A100-SXM4-80GB,,9700.0,018f64fd-81d1-5f6a-986f-7d386c913e5c,suitesparse_all,Belcastro/mouse_gene,mouse_gene,45101,45101,28967291,2,row-major,N,N,1.0,0.0,20260922,main,pass,pass,0,0,115869164.0,0.03645,0.98933763504,1.02578763504,0.99116013504,117.11791798491045,112.95628845777786,116.90256690491684,1.2074012163392829,1.164497819152349,1.2051811021125447,AlphaSparse 248af573c867cf4c7e05d40c611c7c34ebac4715,CUDA,13040,13000,2026-10-06T23:14:15.983448+00:00,derived,csr-alg5,0,0,,,,5,20,4,true
3,A100-SXM4-80GB-suitesparse_all-fp64-n2-row-major-AlphaSparse-SpMM-CSR-pre-plus-solve,AlphaSparse-SpMM-CSR-best-pre-plus-solve,AlphaSparseLib CSR PER MATRIX BEST,per-matrix-best,AlphaSparse-SpMM-CSR,best,pre-plus-solve,"csr-alg1,csr-alg2,csr-alg3,csr-alg4,csr-alg5",manual-selection,csr,ALPHASPARSE_SPMM_CSR_ALG1,workspace-setup,spmm.csr.fp64,fp64,A100-SXM4-80GB,A100-SXM4-80GB,,9700.0,018f64fd-81d1-5f6a-986f-7d386c913e5c,suitesparse_all,BenElechi/BenElechi1,BenElechi1,245874,245874,13150496,2,row-major,N,N,1.0,0.0,20260922,main,pass,pass,0,0,52601984.0,0.05598,0.193331205845,0.249311205845,0.196130205845,272.08222164699447,210.9892486449379,268.19930042581456,2.8049713571855097,2.1751468932467826,2.7649412415032426,AlphaSparse 248af573c867cf4c7e05d40c611c7c34ebac4715,CUDA,13040,13000,2026-10-06T20:31:35.042518+00:00,derived,csr-alg1,0,0,,,,5,20,4,true
3,A100-SXM4-80GB-suitesparse_all-fp64-n2-row-major-AlphaSparse-SpMM-CSR-pre-plus-solve,AlphaSparse-SpMM-CSR-best-pre-plus-solve,AlphaSparseLib CSR PER MATRIX BEST,per-matrix-best,AlphaSparse-SpMM-CSR,best,pre-plus-solve,"csr-alg1,csr-alg2,csr-alg3,csr-alg4,csr-alg5",manual-selection,csr,ALPHASPARSE_SPMM_CSR_ALG5,workspace-setup,spmm.csr.fp64,fp64,A100-SXM4-80GB,A100-SXM4-80GB,,9700.0,152f8cc9-7213-5fba-8430-8cd9341fa530,suitesparse_all,Bindel/ted_A,ted_A,10605,10605,424587,2,row-major,N,N,1.0,0.0,20260922,main,pass,pass,0,0,1698348.0,0.0189,0.0217631995678,0.0406631995678,0.0227081995678,78.03760631377065,41.76621658038125,74.79007725510043,0.8045114052966047,0.4305795523750644,0.7710317242793858,AlphaSparse 248af573c867cf4c7e05d40c611c7c34ebac4715,CUDA,13040,13000,2026-10-08T02:21:41.398914+00:00,derived,csr-alg5,0,0,,,,5,20,4,true
3,A100-SXM4-80GB-suitesparse_all-fp64-n2-row-major-AlphaSparse-SpMM-CSR-pre-plus-solve,AlphaSparse-SpMM-CSR-best-pre-plus-solve,AlphaSparseLib CSR PER MATRIX BEST,per-matrix-best,AlphaSparse-SpMM-CSR,best,pre-plus-solve,"csr-alg1,csr-alg2,csr-alg3,csr-alg4,csr-alg5",manual-selection,csr,ALPHASPARSE_SPMM_CSR_ALG5,workspace-setup,spmm.csr.fp64,fp64,A100-SXM4-80GB,A100-SXM4-80GB,,9700.0,005fdebf-9ece-5bc0-9d3c-6fda0356699d,suitesparse_all,Bindel/ted_A_unscaled,ted_A_unscaled,10605,10605,424587,2,row-major,N,N,1.0,0.0,20260922,main,pass,pass,0,0,1698348.0,0.01369,0.0217807993293,0.0354707993293,0.0224652993293,77.97454879056463,47.88017276501324,75.59872562147245,0.8038613277377796,0.4936100285052912,0.7793683053760047,AlphaSparse 248af573c867cf4c7e05d40c611c7c34ebac4715,CUDA,13040,13000,2026-10-08T15:33:11.275188+00:00,derived,csr-alg5,0,0,,,,5,20,4,true
3,A100-SXM4-80GB-suitesparse_all-fp64-n2-row-major-AlphaSparse-SpMM-CSR-pre-plus-solve,AlphaSparse-SpMM-CSR-best-pre-plus-solve,AlphaSparseLib CSR PER MATRIX BEST,per-matrix-best,AlphaSparse-SpMM-CSR,best,pre-plus-solve,"csr-alg1,csr-alg2,csr-alg3,csr-alg4,csr-alg5",manual-selection,csr,ALPHASPARSE_SPMM_CSR_ALG5,workspace-setup,spmm.csr.fp64,fp64,A100-SXM4-80GB,A100-SXM4-80GB,,9700.0,dd6a9a30-d69d-5ea7-834e-7b0f3242a57c,suitesparse_all,Bindel/ted_AB,ted_AB,10605,10605,522387,2,row-major,N,N,1.0,0.0,20260922,main,pass,pass,0,0,2089548.0,0.01374,0.0247296005487,0.0384696005487,0.0254166005487,84.49582498856192,54.31686241074348,82.21193845322779,0.871090979263525,0.559967653719005,0.847545757249771,AlphaSparse 248af573c867cf4c7e05d40c611c7c34ebac4715,CUDA,13040,13000,2026-10-06T22:22:45.861924+00:00,derived,csr-alg5,0,0,,,,5,20,4,true
3,A100-SXM4-80GB-suitesparse_all-fp64-n2-row-major-AlphaSparse-SpMM-CSR-pre-plus-solve,AlphaSparse-SpMM-CSR-best-pre-plus-solve,AlphaSparseLib CSR PER MATRIX BEST,per-matrix-best,AlphaSparse-SpMM-CSR,best,pre-plus-solve,"csr-alg1,csr-alg2,csr-alg3,csr-alg4,csr-alg5",manual-selection,csr,ALPHASPARSE_SPMM_CSR_ALG3,workspace-setup,spmm.csr.fp64,fp64,A100-SXM4-80GB,A100-SXM4-80GB,,9700.0,018f64fd-81d1-5f6a-986f-7d386c913e5c,suitesparse_all,Bindel/ted_AB_unscaled,ted_AB_unscaled,10605,10605,522387,2,row-major,N,N,1.0,0.0,20260922,main,pass,pass,0,0,2089548.0,0.01124,0.0306176006794,0.0418576006794,0.0311796006794,68.24662787524957,49.92039596355459,67.0165093352379,0.7035734832499956,0.514643257356233,0.6908918488168855,AlphaSparse 248af573c867cf4c7e05d40c611c7c34ebac4715,CUDA,13040,13000,2026-10-06T21:54:24.911935+00:00,derived,csr-alg3,0,0,,,,5,20,4,true
3,A100-SXM4-80GB-suitesparse_all-fp64-n2-row-major-AlphaSparse-SpMM-CSR-pre-plus-solve,AlphaSparse-SpMM-CSR-best-pre-plus-solve,AlphaSparseLib CSR PER MATRIX BEST,per-matrix-best,AlphaSparse-SpMM-CSR,best,pre-plus-solve,"csr-alg1,csr-alg2,csr-alg3,csr-alg4,csr-alg5",manual-selection,csr,ALPHASPARSE_SPMM_CSR_ALG5,workspace-setup,spmm.csr.fp64,fp64,A100-SXM4-80GB,A100-SXM4-80GB,,9700.0,a0827285-e98d-55a9-b486-73107367c8f5,suitesparse_all,Bindel/ted_B,ted_B,10605,10605,144579,2,row-major,N,N,1.0,0.0,20260922,main,pass,pass,0,0,578316.0,0.01809,0.0135407999158,0.0316307999158,0.0144452999158,42.709145958592565,18.283318839215433,40.03489047447528,0.4403004737999233,0.18848782308469517,0.4127308296337658,AlphaSparse 248af573c867cf4c7e05d40c611c7c34ebac4715,CUDA,13040,13000,2026-10-06T08:58:56.750299+00:00,derived,csr-alg5,0,0,,,,5,20,4,true
3,A100-SXM4-80GB-suitesparse_all-fp64-n2-row-major-AlphaSparse-SpMM-CSR-pre-plus-solve,AlphaSparse-SpMM-CSR-best-pre-plus-solve,AlphaSparseLib CSR PER MATRIX BEST,per-matrix-best,AlphaSparse-SpMM-CSR,best,pre-plus-solve,"csr-alg1,csr-alg2,csr-alg3,csr-alg4,csr-alg5",manual-selection,csr,ALPHASPARSE_SPMM_CSR_ALG5,workspace-setup,spmm.csr.fp64,fp64,A100-SXM4-80GB,A100-SXM4-80GB,,9700.0,d94c6f41-d28e-5f45-abb9-189a8a3b4f78,suitesparse_all,Bindel/ted_B_unscaled,ted_B_unscaled,10605,10605,144579,2,row-major,N,N,1.0,0.0,20260922,main,pass,pass,0,0,578316.0,0.01402,0.0157184004784,0.0297384004784,0.0164194004784,36.792293261309474,19.446775572884302,35.22150524075373,0.37930199238463375,0.20048222240086908,0.36310830145106937,AlphaSparse 248af573c867cf4c7e05d40c611c7c34ebac4715,CUDA,13040,13000,2026-10-06T03:35:12.237674+00:00,derived,csr-alg5,0,0,,,,5,20,4,true
3,A100-SXM4-80GB-suitesparse_all-fp64-n2-row-major-AlphaSparse-SpMM-CSR-pre-plus-solve,AlphaSparse-SpMM-CSR-best-pre-plus-solve,AlphaSparseLib CSR PER MATRIX BEST,per-matrix-best,AlphaSparse-SpMM-CSR,best,pre-plus-solve,"csr-alg1,csr-alg2,csr-alg3,csr-alg4,csr-alg5",manual-selection,csr,ALPHASPARSE_SPMM_CSR_ALG2,workspace-setup,spmm.csr.fp64,fp64,A100-SXM4-80GB,A100-SXM4-80GB,,9700.0,d94c6f41-d28e-5f45-abb9-189a8a3b4f78,suitesparse_all,Bodendiek/CurlCurl_0,CurlCurl_0,11083,11083,113343,2,row-major,N,N,1.0,0.0,20260922,main,pass,pass,0,0,453372.0,0.01281,0.0139344006777,0.0267444006777,0.0145749006777,32.536167897450845,16.95203438894147,31.10635262809521,0.33542441131392625,0.17476324112310793,0.32068404771232173,AlphaSparse 248af573c867cf4c7e05d40c611c7c34ebac4715,CUDA,13040,13000,2026-10-06T02:39:23.446117+00:00,derived,csr-alg2,0,0,,,,5,20,4,true
3,A100-SXM4-80GB-suitesparse_all-fp64-n2-row-major-AlphaSparse-SpMM-CSR-pre-plus-solve,AlphaSparse-SpMM-CSR-best-pre-plus-solve,AlphaSparseLib CSR PER MATRIX BEST,per-matrix-best,AlphaSparse-SpMM-CSR,best,pre-plus-solve,"csr-alg1,csr-alg2,csr-alg3,csr-alg4,csr-alg5",manual-selection,csr,ALPHASPARSE_SPMM_CSR_ALG1,workspace-setup,spmm.csr.fp64,fp64,A100-SXM4-80GB,A100-SXM4-80GB,,9700.0,018f64fd-81d1-5f6a-986f-7d386c913e5c,suitesparse_all,Bodendiek/CurlCurl_1,CurlCurl_1,226451,226451,2472071,2,row-major,N,N,1.0,0.0,20260922,main,pass,pass,0,0,9888284.0,0.03055,0.0555519998074,0.0861019998074,0.0570794998074,178.0005046493897,114.8438366369994,173.23704715993404,1.8350567489627805,1.1839570787319527,1.7859489397931343,AlphaSparse 248af573c867cf4c7e05d40c611c7c34ebac4715,CUDA,13040,13000,2026-10-06T20:38:01.260692+00:00,derived,csr-alg1,0,0,,,,5,20,4,true
3,A100-SXM4-80GB-suitesparse_all-fp64-n2-row-major-AlphaSparse-SpMM-CSR-pre-plus-solve,AlphaSparse-SpMM-CSR-best-pre-plus-solve,AlphaSparseLib CSR PER MATRIX BEST,per-matrix-best,AlphaSparse-SpMM-CSR,best,pre-plus-solve,"csr-alg1,csr-alg2,csr-alg3,csr-alg4,csr-alg5",manual-selection,csr,ALPHASPARSE_SPMM_CSR_ALG2,workspace-setup,spmm.csr.fp64,fp64,A100-SXM4-80GB,A100-SXM4-80GB,,9700.0,752b02ae-c4ef-54eb-ad5c-0957985c94ee,suitesparse_all,Bodendiek/CurlCurl_3,CurlCurl_3,1219574,1219574,13544618,2,row-major,N,N,1.0,0.0,20260922,main,pass,pass,0,0,54178472.0,0.43783,0.542003202438,0.979833202438,0.563894702438,99.95968982525984,55.29356615513159,96.07905831666666,1.0305122662397923,0.5700367644858927,0.9905057558419244,AlphaSparse 248af573c867cf4c7e05d40c611c7c34ebac4715,CUDA,13040,13000,2026-10-08T05:10:21.949257+00:00,derived,csr-alg2,0,0,,,,5,20,4,true
3,A100-SXM4-80GB-suitesparse_all-fp64-n2-row-major-AlphaSparse-SpMM-CSR-pre-plus-solve,AlphaSparse-SpMM-CSR-best-pre-plus-solve,AlphaSparseLib CSR PER MATRIX BEST,per-matrix-best,AlphaSparse-SpMM-CSR,best,pre-plus-solve,"csr-alg1,csr-alg2,csr-alg3,csr-alg4,csr-alg5",manual-selection,csr,ALPHASPARSE_SPMM_CSR_ALG1,workspace-setup,spmm.csr.fp64,fp64,A100-SXM4-80GB,A100-SXM4-80GB,,9700.0,152f8cc9-7213-5fba-8430-8cd9341fa530,suitesparse_all,Bodendiek/CurlCurl_4,CurlCurl_4,2380515,2380515,26515867,2,row-major,N,N,1.0,0.0,20260922,main,pass,pass,0,0,106063468.0,0.42453,0.495616006851,0.920146006851,0.516842506851,214.0033141259832,115.26808485859674,205.21428983505982,2.2062197332575586,1.1883307717381106,2.115611235412988,AlphaSparse 248af573c867cf4c7e05d40c611c7c34ebac4715,CUDA,13040,13000,2026-10-07T22:37:32.256985+00:00,derived,csr-alg1,0,0,,,,5,20,4,true
3,A100-SXM4-80GB-suitesparse_all-fp64-n2-row-major-AlphaSparse-SpMM-CSR-pre-plus-solve,AlphaSparse-SpMM-CSR-best-pre-plus-solve,AlphaSparseLib CSR PER MATRIX BEST,per-matrix-best,AlphaSparse-SpMM-CSR,best,pre-plus-solve,"csr-alg1,csr-alg2,csr-alg3,csr-alg4,csr-alg5",manual-selection,csr,ALPHASPARSE_SPMM_CSR_ALG5,workspace-setup,spmm.csr.fp64,fp64,A100-SXM4-80GB,A100-SXM4-80GB,,9700.0,752b02ae-c4ef-54eb-ad5c-0957985c94ee,suitesparse_all,Boeing/bcsstk35,bcsstk35,30237,30237,1450163,2,row-major,N,N,1.0,0.0,20260922,main,pass,pass,0,0,5800652.0,0.0137,0.0421375989914,0.0558375989914,0.0428225989914,137.6597655975575,103.88433787945297,135.4577287839287,1.419172841211933,1.070972555458278,1.3964714307621517,AlphaSparse 248af573c867cf4c7e05d40c611c7c34ebac4715,CUDA,13040,13000,2026-10-08T07:55:37.128574+00:00,derived,csr-alg5,0,0,,,,5,20,4,true
3,A100-SXM4-80GB-suitesparse_all-fp64-n2-row-major-AlphaSparse-SpMM-CSR-pre-plus-solve,AlphaSparse-SpMM-CSR-best-pre-plus-solve,AlphaSparseLib CSR PER MATRIX BEST,per-matrix-best,AlphaSparse-SpMM-CSR,best,pre-plus-solve,"csr-alg1,csr-alg2,csr-alg3,csr-alg4,csr-alg5",manual-selection,csr,ALPHASPARSE_SPMM_CSR_ALG5,workspace-setup,spmm.csr.fp64,fp64,A100-SXM4-80GB,A100-SXM4-80GB,,9700.0,152f8cc9-7213-5fba-8430-8cd9341fa530,suitesparse_all,Boeing/bcsstk36,bcsstk36,23052,23052,1143140,2,row-major,N,N,1.0,0.0,20260922,main,pass,pass,0,0,4572560.0,0.01977,0.0360448002815,0.0558148002815,0.0370333002815,126.85768721950353,81.92379040932607,123.47157734370826,1.3078112084484899,0.8445751588590317,1.2729028592134872,AlphaSparse 248af573c867cf4c7e05d40c611c7c34ebac4715,CUDA,13040,13000,2026-10-08T02:19:07.918117+00:00,derived,csr-alg5,0,0,,,,5,20,4,true
3,A100-SXM4-80GB-suitesparse_all-fp64-n2-row-major-AlphaSparse-SpMM-CSR-pre-plus-solve,AlphaSparse-SpMM-CSR-best-pre-plus-solve,AlphaSparseLib CSR PER MATRIX BEST,per-matrix-best,AlphaSparse-SpMM-CSR,best,pre-plus-solve,"csr-alg1,csr-alg2,csr-alg3,csr-alg4,csr-alg5",manual-selection,csr,ALPHASPARSE_SPMM_CSR_ALG5,workspace-setup,spmm.csr.fp64,fp64,A100-SXM4-80GB,A100-SXM4-80GB,,9700.0,a0827285-e98d-55a9-b486-73107367c8f5,suitesparse_all,Boeing/bcsstk37,bcsstk37,25503,25503,1140977,2,row-major,N,N,1.0,0.0,20260922,main,pass,pass,0,0,4563908.0,0.01857,0.0363519996405,0.0549219996405,0.0372804996405,125.54764648807158,83.09799406201029,122.42078416357806,1.294305633897645,0.8566803511547452,1.2620699398307016,AlphaSparse 248af573c867cf4c7e05d40c611c7c34ebac4715,CUDA,13040,13000,2026-10-06T08:56:14.657048+00:00,derived,csr-alg5,0,0,,,,5,20,4,true
3,A100-SXM4-80GB-suitesparse_all-fp64-n2-row-major-AlphaSparse-SpMM-CSR-pre-plus-solve,AlphaSparse-SpMM-CSR-best-pre-plus-solve,AlphaSparseLib CSR PER MATRIX BEST,per-matrix-best,AlphaSparse-SpMM-CSR,best,pre-plus-solve,"csr-alg1,csr-alg2,csr-alg3,csr-alg4,csr-alg5",manual-selection,csr,ALPHASPARSE_SPMM_CSR_ALG5,workspace-setup,spmm.csr.fp64,fp64,A100-SXM4-80GB,A100-SXM4-80GB,,9700.0,dd6a9a30-d69d-5ea7-834e-7b0f3242a57c,suitesparse_all,Boeing/bcsstk38,bcsstk38,8032,8032,355460,2,row-major,N,N,1.0,0.0,20260922,main,pass,pass,0,0,1421840.0,0.01331,0.0204288005829,0.0337388005829,0.0210943005829,69.5997787158467,42.14257695694844,67.40398878892474,0.7175234919159453,0.43445955625720045,0.6948864823600488,AlphaSparse 248af573c867cf4c7e05d40c611c7c34ebac4715,CUDA,13040,13000,2026-10-06T22:20:16.632413+00:00,derived,csr-alg5,0,0,,,,5,20,4,true
3,A100-SXM4-80GB-suitesparse_all-fp64-n2-row-major-AlphaSparse-SpMM-CSR-pre-plus-solve,AlphaSparse-SpMM-CSR-best-pre-plus-solve,AlphaSparseLib CSR PER MATRIX BEST,per-matrix-best,AlphaSparse-SpMM-CSR,best,pre-plus-solve,"csr-alg1,csr-alg2,csr-alg3,csr-alg4,csr-alg5",manual-selection,csr,ALPHASPARSE_SPMM_CSR_ALG1,workspace-setup,spmm.csr.fp64,fp64,A100-SXM4-80GB,A100-SXM4-80GB,,9700.0,a0827285-e98d-55a9-b486-73107367c8f5,suitesparse_all,Boeing/bcsstk39,bcsstk39,46772,46772,2089294,2,row-major,N,N,1.0,0.0,20260922,main,pass,pass,0,0,8357176.0,0.02045,0.0292528003454,0.0497028003454,0.0302753003454,285.688067512284,168.14296059625255,276.03940851638095,2.94523780940499,1.7334325834665214,2.84576709810702,AlphaSparse 248af573c867cf4c7e05d40c611c7c34ebac4715,CUDA,13040,13000,2026-10-06T07:04:42.878164+00:00,derived,csr-alg1,0,0,,,,5,20,4,true
3,A100-SXM4-80GB-suitesparse_all-fp64-n2-row-major-AlphaSparse-SpMM-CSR-pre-plus-solve,AlphaSparse-SpMM-CSR-best-pre-plus-solve,AlphaSparseLib CSR PER MATRIX BEST,per-matrix-best,AlphaSparse-SpMM-CSR,best,pre-plus-solve,"csr-alg1,csr-alg2,csr-alg3,csr-alg4,csr-alg5",manual-selection,csr,ALPHASPARSE_SPMM_CSR_ALG5,workspace-setup,spmm.csr.fp64,fp64,A100-SXM4-80GB,A100-SXM4-80GB,,9700.0,005fdebf-9ece-5bc0-9d3c-6fda0356699d,suitesparse_all,Boeing/bcsstm34,bcsstm34,588,588,24270,2,row-major,N,N,1.0,0.0,20260922,main,pass,pass,0,0,97080.0,0.01385,0.0108032003045,0.0246532003045,0.0114957003045,8.986226050030933,3.937825466914321,8.44489656380464,0.09264150567042198,0.04059613883416826,0.0870607893175736,AlphaSparse 248af573c867cf4c7e05d40c611c7c34ebac4715,CUDA,13040,13000,2026-10-08T15:30:40.668422+00:00,derived,csr-alg5,0,0,,,,5,20,4,true
3,A100-SXM4-80GB-suitesparse_all-fp64-n2-row-major-AlphaSparse-SpMM-CSR-pre-plus-solve,AlphaSparse-SpMM-CSR-best-pre-plus-solve,AlphaSparseLib CSR PER MATRIX BEST,per-matrix-best,AlphaSparse-SpMM-CSR,best,pre-plus-solve,"csr-alg1,csr-alg2,csr-alg3,csr-alg4,csr-alg5",manual-selection,csr,ALPHASPARSE_SPMM_CSR_ALG1,workspace-setup,spmm.csr.fp64,fp64,A100-SXM4-80GB,A100-SXM4-80GB,,9700.0,d94c6f41-d28e-5f45-abb9-189a8a3b4f78,suitesparse_all,Boeing/bcsstm35,bcsstm35,30237,30237,20619,2,row-major,N,N,1.0,0.0,20260922,main,pass,pass,0,0,82476.0,0.0155,0.00501759983599,0.020517599836,0.00579259983599,16.437341098510906,4.019768426094769,14.238166338984508,0.16945712472691657,0.041440911609224425,0.146785219989531,AlphaSparse 248af573c867cf4c7e05d40c611c7c34ebac4715,CUDA,13040,13000,2026-10-06T01:49:33.624078+00:00,derived,csr-alg1,0,0,,,,5,20,4,true
3,A100-SXM4-80GB-suitesparse_all-fp64-n2-row-major-AlphaSparse-SpMM-CSR-pre-plus-solve,AlphaSparse-SpMM-CSR-best-pre-plus-solve,AlphaSparseLib CSR PER MATRIX BEST,per-matrix-best,AlphaSparse-SpMM-CSR,best,pre-plus-solve,"csr-alg1,csr-alg2,csr-alg3,csr-alg4,csr-alg5",manual-selection,csr,ALPHASPARSE_SPMM_CSR_ALG5,workspace-setup,spmm.csr.fp64,fp64,A100-SXM4-80GB,A100-SXM4-80GB,,9700.0,018f64fd-81d1-5f6a-986f-7d386c913e5c,suitesparse_all,Boeing/bcsstm36,bcsstm36,23052,23052,320606,2,row-major,N,N,1.0,0.0,20260922,main,pass,pass,0,0,1282424.0,0.015509,0.0198655992746,0.0353745992746,0.0206410492746,64.55501202219946,36.25267921892243,62.12978724769077,0.6655155878577265,0.37373896101981885,0.6405132705947502,AlphaSparse 248af573c867cf4c7e05d40c611c7c34ebac4715,CUDA,13040,13000,2026-10-06T23:06:23.708194+00:00,derived,csr-alg5,0,0,,,,5,20,4,true
3,A100-SXM4-80GB-suitesparse_all-fp64-n2-row-major-AlphaSparse-SpMM-CSR-pre-plus-solve,AlphaSparse-SpMM-CSR-best-pre-plus-solve,AlphaSparseLib CSR PER MATRIX BEST,per-matrix-best,AlphaSparse-SpMM-CSR,best,pre-plus-solve,"csr-alg1,csr-alg2,csr-alg3,csr-alg4,csr-alg5",manual-selection,csr,ALPHASPARSE_SPMM_CSR_ALG1,workspace-setup,spmm.csr.fp64,fp64,A100-SXM4-80GB,A100-SXM4-80GB,,9700.0,752b02ae-c4ef-54eb-ad5c-0957985c94ee,suitesparse_all,Boeing/bcsstm38,bcsstm38,8032,8032,10485,2,row-major,N,N,1.0,0.0,20260922,main,pass,pass,0,0,41940.0,0.0175,0.00855040028691,0.0260504002869,0.00942540028691,4.905033518045569,1.6099560673964162,4.449678392783624,0.05056735585613988,0.01659748523089089,0.045872973121480656,AlphaSparse 248af573c867cf4c7e05d40c611c7c34ebac4715,CUDA,13040,13000,2026-10-08T03:31:24.046662+00:00,derived,csr-alg1,0,0,,,,5,20,4,true
3,A100-SXM4-80GB-suitesparse_all-fp64-n2-row-major-AlphaSparse-SpMM-CSR-pre-plus-solve,AlphaSparse-SpMM-CSR-best-pre-plus-solve,AlphaSparseLib CSR PER MATRIX BEST,per-matrix-best,AlphaSparse-SpMM-CSR,best,pre-plus-solve,"csr-alg1,csr-alg2,csr-alg3,csr-alg4,csr-alg5",manual-selection,csr,ALPHASPARSE_SPMM_CSR_ALG1,workspace-setup,spmm.csr.fp64,fp64,A100-SXM4-80GB,A100-SXM4-80GB,,9700.0,152f8cc9-7213-5fba-8430-8cd9341fa530,suitesparse_all,Boeing/bcsstm39,bcsstm39,46772,46772,46772,2,row-major,N,N,1.0,0.0,20260922,main,pass,pass,0,0,187088.0,0.025029,0.00535999983549,0.0303889998355,0.00661144983549,34.90447868323429,6.1564382181952055,28.297575366256133,0.35983998642509574,0.06346843523912582,0.291727581095424,AlphaSparse 248af573c867cf4c7e05d40c611c7c34ebac4715,CUDA,13040,13000,2026-10-07T22:24:54.431590+00:00,derived,csr-alg1,0,0,,,,5,20,4,true
3,A100-SXM4-80GB-suitesparse_all-fp64-n2-row-major-AlphaSparse-SpMM-CSR-pre-plus-solve,AlphaSparse-SpMM-CSR-best-pre-plus-solve,AlphaSparseLib CSR PER MATRIX BEST,per-matrix-best,AlphaSparse-SpMM-CSR,best,pre-plus-solve,"csr-alg1,csr-alg2,csr-alg3,csr-alg4,csr-alg5",manual-selection,csr,ALPHASPARSE_SPMM_CSR_ALG3,workspace-setup,spmm.csr.fp64,fp64,A100-SXM4-80GB,A100-SXM4-80GB,,9700.0,a0827285-e98d-55a9-b486-73107367c8f5,suitesparse_all,Boeing/crystk01,crystk01,4875,4875,315891,2,row-major,N,N,1.0,0.0,20260922,main,pass,pass,0,0,1263564.0,0.01925,0.0193023994565,0.0385523994565,0.0202648994565,65.46149885912243,32.77523624504158,62.352344886404545,0.6748608129806436,0.3378890334540369,0.642807679241284,AlphaSparse 248af573c867cf4c7e05d40c611c7c34ebac4715,CUDA,13040,13000,2026-10-06T08:00:27.053657+00:00,derived,csr-alg3,0,0,,,,5,20,4,true
3,A100-SXM4-80GB-suitesparse_all-fp64-n2-row-major-AlphaSparse-SpMM-CSR-pre-plus-solve,AlphaSparse-SpMM-CSR-best-pre-plus-solve,AlphaSparseLib CSR PER MATRIX BEST,per-matrix-best,AlphaSparse-SpMM-CSR,best,pre-plus-solve,"csr-alg1,csr-alg2,csr-alg3,csr-alg4,csr-alg5",manual-selection,csr,ALPHASPARSE_SPMM_CSR_ALG1,workspace-setup,spmm.csr.fp64,fp64,A100-SXM4-80GB,A100-SXM4-80GB,,9700.0,dd6a9a30-d69d-5ea7-834e-7b0f3242a57c,suitesparse_all,Boeing/crystk02,crystk02,13965,13965,968583,2,row-major,N,N,1.0,0.0,20260922,main,pass,pass,0,0,3874332.0,0.02545,0.0273919999599,0.0528419999599,0.0286644999599,141.44027473976908,73.31917798228869,135.16133215021958,1.4581471622656605,0.7558678142503988,1.3934157953630886,AlphaSparse 248af573c867cf4c7e05d40c611c7c34ebac4715,CUDA,13040,13000,2026-10-06T19:48:34.218836+00:00,derived,csr-alg1,0,0,,,,5,20,4,true
3,A100-SXM4-80GB-suitesparse_all-fp64-n2-row-major-AlphaSparse-SpMM-CSR-pre-plus-solve,AlphaSparse-SpMM-CSR-best-pre-plus-solve,AlphaSparseLib CSR PER MATRIX BEST,per-matrix-best,AlphaSparse-SpMM-CSR,best,pre-plus-solve,"csr-alg1,csr-alg2,csr-alg3,csr-alg4,csr-alg5",manual-selection,csr,ALPHASPARSE_SPMM_CSR_ALG1,workspace-setup,spmm.csr.fp64,fp64,A100-SXM4-80GB,A100-SXM4-80GB,,9700.0,005fdebf-9ece-5bc0-9d3c-6fda0356699d,suitesparse_all,Boeing/crystk03,crystk03,24696,24696,1751178,2,row-major,N,N,1.0,0.0,20260922,main,pass,pass,0,0,7004712.0,0.02309,0.0312319993973,0.0543219993973,0.0323864993973,224.27997359034134,128.9479783092844,216.2849375620994,2.3121646761890857,1.3293606011266432,2.2297416243515404,AlphaSparse 248af573c867cf4c7e05d40c611c7c34ebac4715,CUDA,13040,13000,2026-10-08T13:53:10.140758+00:00,derived,csr-alg1,0,0,,,,5,20,4,true
3,A100-SXM4-80GB-suitesparse_all-fp64-n2-row-major-AlphaSparse-SpMM-CSR-pre-plus-solve,AlphaSparse-SpMM-CSR-best-pre-plus-solve,AlphaSparseLib CSR PER MATRIX BEST,per-matrix-best,AlphaSparse-SpMM-CSR,best,pre-plus-solve,"csr-alg1,csr-alg2,csr-alg3,csr-alg4,csr-alg5",manual-selection,csr,ALPHASPARSE_SPMM_CSR_ALG5,workspace-setup,spmm.csr.fp64,fp64,A100-SXM4-80GB,A100-SXM4-80GB,,9700.0,d94c6f41-d28e-5f45-abb9-189a8a3b4f78,suitesparse_all,Boeing/crystm01,crystm01,4875,4875,105339,2,row-major,N,N,1.0,0.0,20260922,main,pass,pass,0,0,421356.0,0.01486,0.0142335996032,0.0290935996032,0.0149765996032,29.60291224612435,14.482773041038728,28.134290237015502,0.3051846623311789,0.14930693856740956,0.2900442292475825,AlphaSparse 248af573c867cf4c7e05d40c611c7c34ebac4715,CUDA,13040,13000,2026-10-06T03:32:06.586293+00:00,derived,csr-alg5,0,0,,,,5,20,4,true
3,A100-SXM4-80GB-suitesparse_all-fp64-n2-row-major-AlphaSparse-SpMM-CSR-pre-plus-solve,AlphaSparse-SpMM-CSR-best-pre-plus-solve,AlphaSparseLib CSR PER MATRIX BEST,per-matrix-best,AlphaSparse-SpMM-CSR,best,pre-plus-solve,"csr-alg1,csr-alg2,csr-alg3,csr-alg4,csr-alg5",manual-selection,csr,ALPHASPARSE_SPMM_CSR_ALG1,workspace-setup,spmm.csr.fp64,fp64,A100-SXM4-80GB,A100-SXM4-80GB,,9700.0,018f64fd-81d1-5f6a-986f-7d386c913e5c,suitesparse_all,Boeing/crystm02,crystm02,13965,13965,322905,2,row-major,N,N,1.0,0.0,20260922,main,pass,pass,0,0,1291620.0,0.0158,0.0129023998976,0.0287023998976,0.0136923998976,100.10695763973776,45.00041824405077,94.33116251785742,1.0320304911313172,0.4639218375675337,0.9724862115243033,AlphaSparse 248af573c867cf4c7e05d40c611c7c34ebac4715,CUDA,13040,13000,2026-10-06T20:26:11.577354+00:00,derived,csr-alg1,0,0,,,,5,20,4,true
3,A100-SXM4-80GB-suitesparse_all-fp64-n2-row-major-AlphaSparse-SpMM-CSR-pre-plus-solve,AlphaSparse-SpMM-CSR-best-pre-plus-solve,AlphaSparseLib CSR PER MATRIX BEST,per-matrix-best,AlphaSparse-SpMM-CSR,best,pre-plus-solve,"csr-alg1,csr-alg2,csr-alg3,csr-alg4,csr-alg5",manual-selection,csr,ALPHASPARSE_SPMM_CSR_ALG5,workspace-setup,spmm.csr.fp64,fp64,A100-SXM4-80GB,A100-SXM4-80GB,,9700.0,752b02ae-c4ef-54eb-ad5c-0957985c94ee,suitesparse_all,Boeing/ct20stif,ct20stif,52329,52329,2698463,2,row-major,N,N,1.0,0.0,20260922,main,pass,pass,0,0,10793852.0,0.01484,0.0858111977577,0.100651197758,0.0865531977577,125.78605452493461,107.24017438870547,124.70772056529536,1.296763448710666,1.1055688081309842,1.2856466037659315,AlphaSparse 248af573c867cf4c7e05d40c611c7c34ebac4715,CUDA,13040,13000,2026-10-08T07:55:39.837032+00:00,derived,csr-alg5,0,0,,,,5,20,4,true
3,A100-SXM4-80GB-suitesparse_all-fp64-n2-row-major-AlphaSparse-SpMM-CSR-pre-plus-solve,AlphaSparse-SpMM-CSR-best-pre-plus-solve,AlphaSparseLib CSR PER MATRIX BEST,per-matrix-best,AlphaSparse-SpMM-CSR,best,pre-plus-solve,"csr-alg1,csr-alg2,csr-alg3,csr-alg4,csr-alg5",manual-selection,csr,ALPHASPARSE_SPMM_CSR_ALG3,workspace-setup,spmm.csr.fp64,fp64,A100-SXM4-80GB,A100-SXM4-80GB,,9700.0,152f8cc9-7213-5fba-8430-8cd9341fa530,suitesparse_all,Boeing/msc00726,msc00726,726,726,34518,2,row-major,N,N,1.0,0.0,20260922,main,pass,pass,0,0,138072.0,0.01788,0.0146431997418,0.0325231997418,0.0155371997418,9.42908670472234,4.245338745761378,8.886543411586741,0.09720707943012723,0.04376637882228225,0.09161384960398702,AlphaSparse 248af573c867cf4c7e05d40c611c7c34ebac4715,CUDA,13040,13000,2026-10-08T00:21:39.474672+00:00,derived,csr-alg3,0,0,,,,5,20,4,true
3,A100-SXM4-80GB-suitesparse_all-fp64-n2-row-major-AlphaSparse-SpMM-CSR-pre-plus-solve,AlphaSparse-SpMM-CSR-best-pre-plus-solve,AlphaSparseLib CSR PER MATRIX BEST,per-matrix-best,AlphaSparse-SpMM-CSR,best,pre-plus-solve,"csr-alg1,csr-alg2,csr-alg3,csr-alg4,csr-alg5",manual-selection,csr,ALPHASPARSE_SPMM_CSR_ALG5,workspace-setup,spmm.csr.fp64,fp64,A100-SXM4-80GB,A100-SXM4-80GB,,9700.0,a0827285-e98d-55a9-b486-73107367c8f5,suitesparse_all,Boeing/msc01050,msc01050,1050,1050,29156,2,row-major,N,N,1.0,0.0,20260922,main,pass,pass,0,0,116624.0,0.01786,0.011878400296,0.029738400296,0.012771400296,9.818157082925774,3.9216635339893067,9.131653326732435,0.10121811425696675,0.04042952096896192,0.0941407559456952,AlphaSparse 248af573c867cf4c7e05d40c611c7c34ebac4715,CUDA,13040,13000,2026-10-06T08:56:17.230795+00:00,derived,csr-alg5,0,0,,,,5,20,4,true
3,A100-SXM4-80GB-suitesparse_all-fp64-n2-row-major-AlphaSparse-SpMM-CSR-pre-plus-solve,AlphaSparse-SpMM-CSR-best-pre-plus-solve,AlphaSparseLib CSR PER MATRIX BEST,per-matrix-best,AlphaSparse-SpMM-CSR,best,pre-plus-solve,"csr-alg1,csr-alg2,csr-alg3,csr-alg4,csr-alg5",manual-selection,csr,ALPHASPARSE_SPMM_CSR_ALG5,workspace-setup,spmm.csr.fp64,fp64,A100-SXM4-80GB,A100-SXM4-80GB,,9700.0,dd6a9a30-d69d-5ea7-834e-7b0f3242a57c,suitesparse_all,Boeing/msc01440,msc01440,1440,1440,46270,2,row-major,N,N,1.0,0.0,20260922,main,pass,pass,0,0,185080.0,0.01333,0.0109056003392,0.0242356003392,0.0115721003392,16.97109688998349,7.63669962409148,15.993639406413486,0.1749597617524071,0.07872886210403587,0.16488288047848954,AlphaSparse 248af573c867cf4c7e05d40c611c7c34ebac4715,CUDA,13040,13000,2026-10-06T22:20:19.165488+00:00,derived,csr-alg5,0,0,,,,5,20,4,true
3,A100-SXM4-80GB-suitesparse_all-fp64-n2-row-major-AlphaSparse-SpMM-CSR-pre-plus-solve,AlphaSparse-SpMM-CSR-best-pre-plus-solve,AlphaSparseLib CSR PER MATRIX BEST,per-matrix-best,AlphaSparse-SpMM-CSR,best,pre-plus-solve,"csr-alg1,csr-alg2,csr-alg3,csr-alg4,csr-alg5",manual-selection,csr,ALPHASPARSE_SPMM_CSR_ALG5,workspace-setup,spmm.csr.fp64,fp64,A100-SXM4-80GB,A100-SXM4-80GB,,9700.0,005fdebf-9ece-5bc0-9d3c-6fda0356699d,suitesparse_all,Boeing/msc04515,msc04515,4515,4515,97707,2,row-major,N,N,1.0,0.0,20260922,main,pass,pass,0,0,390828.0,0.0142,0.0140287995338,0.0282287995338,0.0147387995338,27.858976746967308,13.845009580802,26.51694930131366,0.2872059458450238,0.14273205753404125,0.273370611353749,AlphaSparse 248af573c867cf4c7e05d40c611c7c34ebac4715,CUDA,13040,13000,2026-10-08T15:30:42.763640+00:00,derived,csr-alg5,0,0,,,,5,20,4,true
3,A100-SXM4-80GB-suitesparse_all-fp64-n2-row-major-AlphaSparse-SpMM-CSR-pre-plus-solve,AlphaSparse-SpMM-CSR-best-pre-plus-solve,AlphaSparseLib CSR PER MATRIX BEST,per-matrix-best,AlphaSparse-SpMM-CSR,best,pre-plus-solve,"csr-alg1,csr-alg2,csr-alg3,csr-alg4,csr-alg5",manual-selection,csr,ALPHASPARSE_SPMM_CSR_ALG5,workspace-setup,spmm.csr.fp64,fp64,A100-SXM4-80GB,A100-SXM4-80GB,,9700.0,d94c6f41-d28e-5f45-abb9-189a8a3b4f78,suitesparse_all,Boeing/msc10848,msc10848,10848,10848,1229778,2,row-major,N,N,1.0,0.0,20260922,main,pass,pass,0,0,4919112.0,0.01326,0.040499201417,0.053759201417,0.041162201417,121.46195055429281,91.50269852119594,119.5055616721317,1.2521850572607507,0.9433267888783086,1.232016099712698,AlphaSparse 248af573c867cf4c7e05d40c611c7c34ebac4715,CUDA,13040,13000,2026-10-06T03:32:07.758893+00:00,derived,csr-alg5,0,0,,,,5,20,4,true
3,A100-SXM4-80GB-suitesparse_all-fp64-n2-row-major-AlphaSparse-SpMM-CSR-pre-plus-solve,AlphaSparse-SpMM-CSR-best-pre-plus-solve,AlphaSparseLib CSR PER MATRIX BEST,per-matrix-best,AlphaSparse-SpMM-CSR,best,pre-plus-solve,"csr-alg1,csr-alg2,csr-alg3,csr-alg4,csr-alg5",manual-selection,csr,ALPHASPARSE_SPMM_CSR_ALG5,workspace-setup,spmm.csr.fp64,fp64,A100-SXM4-80GB,A100-SXM4-80GB,,9700.0,018f64fd-81d1-5f6a-986f-7d386c913e5c,suitesparse_all,Boeing/msc23052,msc23052,23052,23052,1154814,2,row-major,N,N,1.0,0.0,20260922,main,pass,pass,0,0,4619256.0,0.01644,0.0367615997791,0.0532015997791,0.0375835997791,125.65437923694977,86.82550936775877,122.9061619203581,1.2954059715149462,0.8951083439975132,1.267073834230496,AlphaSparse 248af573c867cf4c7e05d40c611c7c34ebac4715,CUDA,13040,13000,2026-10-06T23:06:25.950890+00:00,derived,csr-alg5,0,0,,,,5,20,4,true
3,A100-SXM4-80GB-suitesparse_all-fp64-n2-row-major-AlphaSparse-SpMM-CSR-pre-plus-solve,AlphaSparse-SpMM-CSR-best-pre-plus-solve,AlphaSparseLib CSR PER MATRIX BEST,per-matrix-best,AlphaSparse-SpMM-CSR,best,pre-plus-solve,"csr-alg1,csr-alg2,csr-alg3,csr-alg4,csr-alg5",manual-selection,csr,ALPHASPARSE_SPMM_CSR_ALG5,workspace-setup,spmm.csr.fp64,fp64,A100-SXM4-80GB,A100-SXM4-80GB,,9700.0,752b02ae-c4ef-54eb-ad5c-0957985c94ee,suitesparse_all,Boeing/nasa2910,nasa2910,2910,2910,174296,2,row-major,N,N,1.0,0.0,20260922,main,pass,pass,0,0,697184.0,0.01393,0.0162303999066,0.0301603999066,0.0169268999066,42.95544188757137,23.115873866361937,41.18793186271277,0.4428396070883646,0.23830797800373132,0.4246178542547709,AlphaSparse 248af573c867cf4c7e05d40c611c7c34ebac4715,CUDA,13040,13000,2026-10-08T07:55:40.669552+00:00,derived,csr-alg5,0,0,,,,5,20,4,true
3,A100-SXM4-80GB-suitesparse_all-fp64-n2-row-major-AlphaSparse-SpMM-CSR-pre-plus-solve,AlphaSparse-SpMM-CSR-best-pre-plus-solve,AlphaSparseLib CSR PER MATRIX BEST,per-matrix-best,AlphaSparse-SpMM-CSR,best,pre-plus-solve,"csr-alg1,csr-alg2,csr-alg3,csr-alg4,csr-alg5",manual-selection,csr,ALPHASPARSE_SPMM_CSR_ALG5,workspace-setup,spmm.csr.fp64,fp64,A100-SXM4-80GB,A100-SXM4-80GB,,9700.0,152f8cc9-7213-5fba-8430-8cd9341fa530,suitesparse_all,Boeing/nasa4704,nasa4704,4704,4704,104756,2,row-major,N,N,1.0,0.0,20260922,main,pass,pass,0,0,419024.0,0.01358,0.0145408004522,0.0281208004522,0.0152198004522,28.81712058269821,14.900856066037697,27.53150419520978,0.2970837173474042,0.15361707284574946,0.28382994015680185,AlphaSparse 248af573c867cf4c7e05d40c611c7c34ebac4715,CUDA,13040,13000,2026-10-08T02:19:11.260039+00:00,derived,csr-alg5,0,0,,,,5,20,4,true
3,A100-SXM4-80GB-suitesparse_all-fp64-n2-row-major-AlphaSparse-SpMM-CSR-pre-plus-solve,AlphaSparse-SpMM-CSR-best-pre-plus-solve,AlphaSparseLib CSR PER MATRIX BEST,per-matrix-best,AlphaSparse-SpMM-CSR,best,pre-plus-solve,"csr-alg1,csr-alg2,csr-alg3,csr-alg4,csr-alg5",manual-selection,csr,ALPHASPARSE_SPMM_CSR_ALG1,workspace-setup,spmm.csr.fp64,fp64,A100-SXM4-80GB,A100-SXM4-80GB,,9700.0,a0827285-e98d-55a9-b486-73107367c8f5,suitesparse_all,Boeing/pcrystk02,pcrystk02,13965,13965,968583,2,row-major,N,N,1.0,0.0,20260922,main,pass,pass,0,0,3874332.0,0.01824,0.0274944007397,0.0457344007397,0.0284064007397,140.91349132064312,84.71373708493495,136.3894016528937,1.4527164053674548,0.873337495720979,1.406076305699935,AlphaSparse 248af573c867cf4c7e05d40c611c7c34ebac4715,CUDA,13040,13000,2026-10-06T07:03:25.612867+00:00,derived,csr-alg1,0,0,,,,5,20,4,true
3,A100-SXM4-80GB-suitesparse_all-fp64-n2-row-major-AlphaSparse-SpMM-CSR-pre-plus-solve,AlphaSparse-SpMM-CSR-best-pre-plus-solve,AlphaSparseLib CSR PER MATRIX BEST,per-matrix-best,AlphaSparse-SpMM-CSR,best,pre-plus-solve,"csr-alg1,csr-alg2,csr-alg3,csr-alg4,csr-alg5",manual-selection,csr,ALPHASPARSE_SPMM_CSR_ALG1,workspace-setup,spmm.csr.fp64,fp64,A100-SXM4-80GB,A100-SXM4-80GB,,9700.0,dd6a9a30-d69d-5ea7-834e-7b0f3242a57c,suitesparse_all,Boeing/pcrystk03,pcrystk03,24696,24696,1751178,2,row-major,N,N,1.0,0.0,20260922,main,pass,pass,0,0,7004712.0,0.02072,0.0310272008181,0.0517472008181,0.0320632008181,225.7603591463442,135.36407552985764,218.46577451012845,2.327426382952002,1.3955059332975015,2.2522244794858604,AlphaSparse 248af573c867cf4c7e05d40c611c7c34ebac4715,CUDA,13040,13000,2026-10-06T19:48:37.991965+00:00,derived,csr-alg1,0,0,,,,5,20,4,true
3,A100-SXM4-80GB-suitesparse_all-fp64-n2-row-major-AlphaSparse-SpMM-CSR-pre-plus-solve,AlphaSparse-SpMM-CSR-best-pre-plus-solve,AlphaSparseLib CSR PER MATRIX BEST,per-matrix-best,AlphaSparse-SpMM-CSR,best,pre-plus-solve,"csr-alg1,csr-alg2,csr-alg3,csr-alg4,csr-alg5",manual-selection,csr,ALPHASPARSE_SPMM_CSR_ALG5,workspace-setup,spmm.csr.fp64,fp64,A100-SXM4-80GB,A100-SXM4-80GB,,9700.0,005fdebf-9ece-5bc0-9d3c-6fda0356699d,suitesparse_all,Boeing/pct20stif,pct20stif,52329,52329,2698463,2,row-major,N,N,1.0,0.0,20260922,main,pass,pass,0,0,10793852.0,0.0188,0.0785920023918,0.0973920023918,0.0795320023918,137.34033580401803,110.82893600007549,135.71709092430547,1.415879750556887,1.1425663505162422,1.399145267260881,AlphaSparse 248af573c867cf4c7e05d40c611c7c34ebac4715,CUDA,13040,13000,2026-10-08T15:30:44.358891+00:00,derived,csr-alg5,0,0,,,,5,20,4,true
3,A100-SXM4-80GB-suitesparse_all-fp64-n2-row-major-AlphaSparse-SpMM-CSR-pre-plus-solve,AlphaSparse-SpMM-CSR-best-pre-plus-solve,AlphaSparseLib CSR PER MATRIX BEST,per-matrix-best,AlphaSparse-SpMM-CSR,best,pre-plus-solve,"csr-alg1,csr-alg2,csr-alg3,csr-alg4,csr-alg5",manual-selection,csr,ALPHASPARSE_SPMM_CSR_ALG1,workspace-setup,spmm.csr.fp64,fp64,A100-SXM4-80GB,A100-SXM4-80GB,,9700.0,d94c6f41-d28e-5f45-abb9-189a8a3b4f78,suitesparse_all,Boeing/pwtk,pwtk,217918,217918,11634424,2,row-major,N,N,1.0,0.0,20260922,main,pass,pass,0,0,46537696.0,0.03929,0.218470406532,0.257760406532,0.220434906532,213.01601776981857,180.54633225534783,211.11763437177873,2.196041420307408,1.8613023943850293,2.1764704574410176,AlphaSparse 248af573c867cf4c7e05d40c611c7c34ebac4715,CUDA,13040,13000,2026-10-06T01:49:41.012048+00:00,derived,csr-alg1,0,0,,,,5,20,4,true
3,A100-SXM4-80GB-suitesparse_all-fp64-n2-row-major-AlphaSparse-SpMM-CSR-pre-plus-solve,AlphaSparse-SpMM-CSR-best-pre-plus-solve,AlphaSparseLib CSR PER MATRIX BEST,per-matrix-best,AlphaSparse-SpMM-CSR,best,pre-plus-solve,"csr-alg1,csr-alg2,csr-alg3,csr-alg4,csr-alg5",manual-selection,csr,ALPHASPARSE_SPMM_CSR_ALG5,workspace-setup,spmm.csr.fp64,fp64,A100-SXM4-80GB,A100-SXM4-80GB,,9700.0,018f64fd-81d1-5f6a-986f-7d386c913e5c,suitesparse_all,Bomhof/circuit_1,circuit_1,2624,2624,35823,2,row-major,N,N,1.0,0.0,20260922,main,pass,pass,0,0,143292.0,0.01236,0.0153088003397,0.0276688003397,0.0159268003397,9.3601063976518,5.178829520642442,8.996910675323948,0.09649594224383298,0.053389995058169507,0.09275165644663863,AlphaSparse 248af573c867cf4c7e05d40c611c7c34ebac4715,CUDA,13040,13000,2026-10-06T23:06:26.575333+00:00,derived,csr-alg5,0,0,,,,5,20,4,true
3,A100-SXM4-80GB-suitesparse_all-fp64-n2-row-major-AlphaSparse-SpMM-CSR-pre-plus-solve,AlphaSparse-SpMM-CSR-best-pre-plus-solve,AlphaSparseLib CSR PER MATRIX BEST,per-matrix-best,AlphaSparse-SpMM-CSR,best,pre-plus-solve,"csr-alg1,csr-alg2,csr-alg3,csr-alg4,csr-alg5",manual-selection,csr,ALPHASPARSE_SPMM_CSR_ALG5,workspace-setup,spmm.csr.fp64,fp64,A100-SXM4-80GB,A100-SXM4-80GB,,9700.0,752b02ae-c4ef-54eb-ad5c-0957985c94ee,suitesparse_all,Bomhof/circuit_3,circuit_3,12127,12127,48137,2,row-major,N,N,1.0,0.0,20260922,main,pass,pass,0,0,192548.0,0.01316,0.015820799768,0.028980799768,0.016478799768,12.170560453552918,6.64398503634836,11.684588848145776,0.12546969539745276,0.06849469109637484,0.12045967884686366,AlphaSparse 248af573c867cf4c7e05d40c611c7c34ebac4715,CUDA,13040,13000,2026-10-08T07:55:41.361445+00:00,derived,csr-alg5,0,0,,,,5,20,4,true
3,A100-SXM4-80GB-suitesparse_all-fp64-n2-row-major-AlphaSparse-SpMM-CSR-pre-plus-solve,AlphaSparse-SpMM-CSR-best-pre-plus-solve,AlphaSparseLib CSR PER MATRIX BEST,per-matrix-best,AlphaSparse-SpMM-CSR,best,pre-plus-solve,"csr-alg1,csr-alg2,csr-alg3,csr-alg4,csr-alg5",manual-selection,csr,ALPHASPARSE_SPMM_CSR_ALG5,workspace-setup,spmm.csr.fp64,fp64,A100-SXM4-80GB,A100-SXM4-80GB,,9700.0,152f8cc9-7213-5fba-8430-8cd9341fa530,suitesparse_all,Bomhof/circuit_4,circuit_4,80209,80209,307604,2,row-major,N,N,1.0,0.0,20260922,main,pass,pass,0,0,1230416.0,0.01968,0.0231935992837,0.0428735992837,0.0241775992837,53.049808481631906,28.69868685057633,50.890743351409554,0.5469052420786794,0.2958627510368694,0.5246468386743253,AlphaSparse 248af573c867cf4c7e05d40c611c7c34ebac4715,CUDA,13040,13000,2026-10-08T02:19:12.094946+00:00,derived,csr-alg5,0,0,,,,5,20,4,true
3,A100-SXM4-80GB-suitesparse_all-fp64-n2-row-major-AlphaSparse-SpMM-CSR-pre-plus-solve,AlphaSparse-SpMM-CSR-best-pre-plus-solve,AlphaSparseLib CSR PER MATRIX BEST,per-matrix-best,AlphaSparse-SpMM-CSR,best,pre-plus-solve,"csr-alg1,csr-alg2,csr-alg3,csr-alg4,csr-alg5",manual-selection,csr,ALPHASPARSE_SPMM_CSR_ALG1,workspace-setup,spmm.csr.fp64,fp64,A100-SXM4-80GB,A100-SXM4-80GB,,9700.0,752b02ae-c4ef-54eb-ad5c-0957985c94ee,suitesparse_all,Botonakis/FEM_3D_thermal2,FEM_3D_thermal2,147900,147900,3489300,2,row-major,N,N,1.0,0.0,20260922,main,pass,pass,0,0,13957200.0,0.024271,0.0658415973186,0.0901125973186,0.0670551473186,211.9814914644719,154.88622473784937,208.14509486773582,2.185376200664659,1.5967652034829833,2.145825720285936,AlphaSparse 248af573c867cf4c7e05d40c611c7c34ebac4715,CUDA,13040,13000,2026-10-08T03:37:13.619375+00:00,derived,csr-alg1,0,0,,,,5,20,4,true
3,A100-SXM4-80GB-suitesparse_all-fp64-n2-row-major-AlphaSparse-SpMM-CSR-pre-plus-solve,AlphaSparse-SpMM-CSR-best-pre-plus-solve,AlphaSparseLib CSR PER MATRIX BEST,per-matrix-best,AlphaSparse-SpMM-CSR,best,pre-plus-solve,"csr-alg1,csr-alg2,csr-alg3,csr-alg4,csr-alg5",manual-selection,csr,ALPHASPARSE_SPMM_CSR_ALG1,workspace-setup,spmm.csr.fp64,fp64,A100-SXM4-80GB,A100-SXM4-80GB,,9700.0,752b02ae-c4ef-54eb-ad5c-0957985c94ee,suitesparse_all,Botonakis/thermomech_dK,thermomech_dK,204316,204316,2846228,2,row-major,N,N,1.0,0.0,20260922,main,pass,pass,0,0,11384912.0,0.02494,0.0616447985172,0.0865847985172,0.0628917985172,184.68568758195238,131.4885776137528,181.0237943328396,1.9039761606386842,1.355552346533534,1.8662246838437073,AlphaSparse 248af573c867cf4c7e05d40c611c7c34ebac4715,CUDA,13040,13000,2026-10-08T03:38:38.119895+00:00,derived,csr-alg1,0,0,,,,5,20,4,true
3,A100-SXM4-80GB-suitesparse_all-fp64-n2-row-major-AlphaSparse-SpMM-CSR-pre-plus-solve,AlphaSparse-SpMM-CSR-best-pre-plus-solve,AlphaSparseLib CSR PER MATRIX BEST,per-matrix-best,AlphaSparse-SpMM-CSR,best,pre-plus-solve,"csr-alg1,csr-alg2,csr-alg3,csr-alg4,csr-alg5",manual-selection,csr,ALPHASPARSE_SPMM_CSR_ALG5,workspace-setup,spmm.csr.fp64,fp64,A100-SXM4-80GB,A100-SXM4-80GB,,9700.0,d94c6f41-d28e-5f45-abb9-189a8a3b4f78,suitesparse_all,Botonakis/thermomech_TC,thermomech_TC,102158,102158,711558,2,row-major,N,N,1.0,0.0,20260922,main,pass,pass,0,0,2846232.0,0.014129,0.0320928007364,0.0462218007364,0.0327992507364,88.68755405232592,61.57769612291569,86.77734814354477,0.9143046809518137,0.6348216095145947,0.8946118365313893,AlphaSparse 248af573c867cf4c7e05d40c611c7c34ebac4715,CUDA,13040,13000,2026-10-06T03:42:45.142270+00:00,derived,csr-alg5,0,0,,,,5,20,4,true
3,A100-SXM4-80GB-suitesparse_all-fp64-n2-row-major-AlphaSparse-SpMM-CSR-pre-plus-solve,AlphaSparse-SpMM-CSR-best-pre-plus-solve,AlphaSparseLib CSR PER MATRIX BEST,per-matrix-best,AlphaSparse-SpMM-CSR,best,pre-plus-solve,"csr-alg1,csr-alg2,csr-alg3,csr-alg4,csr-alg5",manual-selection,csr,ALPHASPARSE_SPMM_CSR_ALG1,workspace-setup,spmm.csr.fp64,fp64,A100-SXM4-80GB,A100-SXM4-80GB,,9700.0,018f64fd-81d1-5f6a-986f-7d386c913e5c,suitesparse_all,Botonakis/thermomech_TK,thermomech_TK,102158,102158,711558,2,row-major,N,N,1.0,0.0,20260922,main,pass,pass,0,0,2846232.0,0.02294,0.0190464004874,0.0419864004874,0.0201934004874,149.4367401275061,67.78937863116288,140.94862337702622,1.5405849497681043,0.6988595735171431,1.4530785915157343,AlphaSparse 248af573c867cf4c7e05d40c611c7c34ebac4715,CUDA,13040,13000,2026-10-06T20:33:24.886843+00:00,derived,csr-alg1,0,0,,,,5,20,4,true
3,A100-SXM4-80GB-suitesparse_all-fp64-n2-row-major-AlphaSparse-SpMM-CSR-pre-plus-solve,AlphaSparse-SpMM-CSR-best-pre-plus-solve,AlphaSparseLib CSR PER MATRIX BEST,per-matrix-best,AlphaSparse-SpMM-CSR,best,pre-plus-solve,"csr-alg1,csr-alg2,csr-alg3,csr-alg4,csr-alg5",manual-selection,csr,ALPHASPARSE_SPMM_CSR_ALG5,workspace-setup,spmm.csr.fp64,fp64,A100-SXM4-80GB,A100-SXM4-80GB,,9700.0,d94c6f41-d28e-5f45-abb9-189a8a3b4f78,suitesparse_all,Bourchtein/atmosmodd,atmosmodd,1270432,1270432,8814880,2,row-major,N,N,1.0,0.0,20260922,main,pass,pass,0,0,35259520.0,0.43329,0.322662401199,0.755952401199,0.344326901199,109.27681647746095,46.64251339644616,102.40129329779593,1.1265651183243397,0.4808506535716099,1.0556834360597518,AlphaSparse 248af573c867cf4c7e05d40c611c7c34ebac4715,CUDA,13040,13000,2026-10-06T03:42:51.546587+00:00,derived,csr-alg5,0,0,,,,5,20,4,true
3,A100-SXM4-80GB-suitesparse_all-fp64-n2-row-major-AlphaSparse-SpMM-CSR-pre-plus-solve,AlphaSparse-SpMM-CSR-best-pre-plus-solve,AlphaSparseLib CSR PER MATRIX BEST,per-matrix-best,AlphaSparse-SpMM-CSR,best,pre-plus-solve,"csr-alg1,csr-alg2,csr-alg3,csr-alg4,csr-alg5",manual-selection,csr,ALPHASPARSE_SPMM_CSR_ALG4,workspace-setup,spmm.csr.fp64,fp64,A100-SXM4-80GB,A100-SXM4-80GB,,9700.0,018f64fd-81d1-5f6a-986f-7d386c913e5c,suitesparse_all,Bourchtein/atmosmodj,atmosmodj,1270432,1270432,8814880,2,row-major,N,N,1.0,0.0,20260922,main,pass,pass,0,0,35259520.0,0.42164,0.256051206589,0.677691206589,0.277133206589,137.70495546461822,52.02888816791727,127.22950249802192,1.4196387161300847,0.5363802903908997,1.3116443556497106,AlphaSparse 248af573c867cf4c7e05d40c611c7c34ebac4715,CUDA,13040,13000,2026-10-06T22:35:55.812821+00:00,derived,csr-alg4,0,0,,,,5,20,4,true
3,A100-SXM4-80GB-suitesparse_all-fp64-n2-row-major-AlphaSparse-SpMM-CSR-pre-plus-solve,AlphaSparse-SpMM-CSR-best-pre-plus-solve,AlphaSparseLib CSR PER MATRIX BEST,per-matrix-best,AlphaSparse-SpMM-CSR,best,pre-plus-solve,"csr-alg1,csr-alg2,csr-alg3,csr-alg4,csr-alg5",manual-selection,csr,ALPHASPARSE_SPMM_CSR_ALG1,workspace-setup,spmm.csr.fp64,fp64,A100-SXM4-80GB,A100-SXM4-80GB,,9700.0,752b02ae-c4ef-54eb-ad5c-0957985c94ee,suitesparse_all,Bourchtein/atmosmodm,atmosmodm,1489752,1489752,10319760,2,row-major,N,N,1.0,0.0,20260922,main,pass,pass,0,0,41279040.0,0.41955,0.192870402336,0.612420402336,0.213847902336,214.02475185429273,67.40311041654775,193.0299037263501,2.2064407407659044,0.694877426974719,1.9899990074881455,AlphaSparse 248af573c867cf4c7e05d40c611c7c34ebac4715,CUDA,13040,13000,2026-10-08T03:38:44.404007+00:00,derived,csr-alg1,0,0,,,,5,20,4,true
3,A100-SXM4-80GB-suitesparse_all-fp64-n2-row-major-AlphaSparse-SpMM-CSR-pre-plus-solve,AlphaSparse-SpMM-CSR-best-pre-plus-solve,AlphaSparseLib CSR PER MATRIX BEST,per-matrix-best,AlphaSparse-SpMM-CSR,best,pre-plus-solve,"csr-alg1,csr-alg2,csr-alg3,csr-alg4,csr-alg5",manual-selection,csr,ALPHASPARSE_SPMM_CSR_ALG1,workspace-setup,spmm.csr.fp64,fp64,A100-SXM4-80GB,A100-SXM4-80GB,,9700.0,a0827285-e98d-55a9-b486-73107367c8f5,suitesparse_all,Bova/rma10,rma10,46835,46835,2374001,2,row-major,N,N,1.0,0.0,20260922,main,pass,pass,0,0,9496004.0,0.01578,0.0586239993572,0.0744039993572,0.0594129993572,161.98151105556965,127.62760176924657,159.83040921581113,1.6699124851089657,1.3157484718479027,1.647736177482589,AlphaSparse 248af573c867cf4c7e05d40c611c7c34ebac4715,CUDA,13040,13000,2026-10-06T07:03:27.960306+00:00,derived,csr-alg1,0,0,,,,5,20,4,true
3,A100-SXM4-80GB-suitesparse_all-fp64-n2-row-major-AlphaSparse-SpMM-CSR-pre-plus-solve,AlphaSparse-SpMM-CSR-best-pre-plus-solve,AlphaSparseLib CSR PER MATRIX BEST,per-matrix-best,AlphaSparse-SpMM-CSR,best,pre-plus-solve,"csr-alg1,csr-alg2,csr-alg3,csr-alg4,csr-alg5",manual-selection,csr,ALPHASPARSE_SPMM_CSR_ALG5,workspace-setup,spmm.csr.fp64,fp64,A100-SXM4-80GB,A100-SXM4-80GB,,9700.0,dd6a9a30-d69d-5ea7-834e-7b0f3242a57c,suitesparse_all,Brethour/coater1,coater1,1348,1348,19457,2,row-major,N,N,1.0,0.0,20260922,main,pass,pass,0,0,77828.0,0.01169,0.0109056003392,0.0225956003392,0.0114901003392,7.136516796810217,3.4443873511508354,6.773483059541219,0.07357233811144553,0.03550914795000861,0.06982972226331154,AlphaSparse 248af573c867cf4c7e05d40c611c7c34ebac4715,CUDA,13040,13000,2026-10-06T22:20:21.029637+00:00,derived,csr-alg5,0,0,,,,5,20,4,true
3,A100-SXM4-80GB-suitesparse_all-fp64-n2-row-major-AlphaSparse-SpMM-CSR-pre-plus-solve,AlphaSparse-SpMM-CSR-best-pre-plus-solve,AlphaSparseLib CSR PER MATRIX BEST,per-matrix-best,AlphaSparse-SpMM-CSR,best,pre-plus-solve,"csr-alg1,csr-alg2,csr-alg3,csr-alg4,csr-alg5",manual-selection,csr,ALPHASPARSE_SPMM_CSR_ALG1,workspace-setup,spmm.csr.fp64,fp64,A100-SXM4-80GB,A100-SXM4-80GB,,9700.0,005fdebf-9ece-5bc0-9d3c-6fda0356699d,suitesparse_all,Brethour/coater2,coater2,9540,9540,207308,2,row-major,N,N,1.0,0.0,20260922,main,pass,pass,0,0,829232.0,0.01342,0.020070399344,0.033490399344,0.020741399344,41.31616844225359,24.760290000798744,39.979559057083456,0.4259398808479752,0.255260721657719,0.41216040265034487,AlphaSparse 248af573c867cf4c7e05d40c611c7c34ebac4715,CUDA,13040,13000,2026-10-08T13:53:12.855995+00:00,derived,csr-alg1,0,0,,,,5,20,4,true
3,A100-SXM4-80GB-suitesparse_all-fp64-n2-row-major-AlphaSparse-SpMM-CSR-pre-plus-solve,AlphaSparse-SpMM-CSR-best-pre-plus-solve,AlphaSparseLib CSR PER MATRIX BEST,per-matrix-best,AlphaSparse-SpMM-CSR,best,pre-plus-solve,"csr-alg1,csr-alg2,csr-alg3,csr-alg4,csr-alg5",manual-selection,csr,ALPHASPARSE_SPMM_CSR_ALG1,workspace-setup,spmm.csr.fp64,fp64,A100-SXM4-80GB,A100-SXM4-80GB,,9700.0,018f64fd-81d1-5f6a-986f-7d386c913e5c,suitesparse_all,Brogan/specular,specular,477976,1600,7647616,2,row-major,N,N,1.0,0.0,20260922,main,pass,pass,0,0,30590464.0,0.04121,0.100443196297,0.141653196297,0.102503696297,304.55486411988727,215.95322096270877,298.43278930513355,3.1397408672153326,2.2263218655949357,3.076626693867356,AlphaSparse 248af573c867cf4c7e05d40c611c7c34ebac4715,CUDA,13040,13000,2026-10-06T20:39:38.332325+00:00,derived,csr-alg1,0,0,,,,5,20,4,true
3,A100-SXM4-80GB-suitesparse_all-fp64-n2-row-major-AlphaSparse-SpMM-CSR-pre-plus-solve,AlphaSparse-SpMM-CSR-best-pre-plus-solve,AlphaSparseLib CSR PER MATRIX BEST,per-matrix-best,AlphaSparse-SpMM-CSR,best,pre-plus-solve,"csr-alg1,csr-alg2,csr-alg3,csr-alg4,csr-alg5",manual-selection,csr,ALPHASPARSE_SPMM_CSR_ALG1,workspace-setup,spmm.csr.fp64,fp64,A100-SXM4-80GB,A100-SXM4-80GB,,9700.0,d94c6f41-d28e-5f45-abb9-189a8a3b4f78,suitesparse_all,Brunetiere/thermal,thermal,3456,3456,66528,2,row-major,N,N,1.0,0.0,20260922,main,pass,pass,0,0,266112.0,0.01331,0.0115199998021,0.0248299998021,0.0121854998021,23.100000396830733,10.717358120054982,21.838414863716903,0.2381443339879457,0.11048822804180394,0.2251382975640918,AlphaSparse 248af573c867cf4c7e05d40c611c7c34ebac4715,CUDA,13040,13000,2026-10-06T01:49:41.711165+00:00,derived,csr-alg1,0,0,,,,5,20,4,true
3,A100-SXM4-80GB-suitesparse_all-fp64-n2-row-major-AlphaSparse-SpMM-CSR-pre-plus-solve,AlphaSparse-SpMM-CSR-best-pre-plus-solve,AlphaSparseLib CSR PER MATRIX BEST,per-matrix-best,AlphaSparse-SpMM-CSR,best,pre-plus-solve,"csr-alg1,csr-alg2,csr-alg3,csr-alg4,csr-alg5",manual-selection,csr,ALPHASPARSE_SPMM_CSR_ALG5,workspace-setup,spmm.csr.fp64,fp64,A100-SXM4-80GB,A100-SXM4-80GB,,9700.0,dd6a9a30-d69d-5ea7-834e-7b0f3242a57c,suitesparse_all,Buss/12month1,12month1,12471,872622,22624727,2,row-major,N,N,1.0,0.0,20260922,main,pass,pass,0,0,90498908.0,0.03564,0.734100818634,0.769740818634,0.735882818634,123.27858204599,117.5706235257232,122.98005294917846,1.2709132169689692,1.2120682837703423,1.267835597414211,AlphaSparse 248af573c867cf4c7e05d40c611c7c34ebac4715,CUDA,13040,13000,2026-10-06T22:26:54.024663+00:00,derived,csr-alg5,0,0,,,,5,20,4,true
3,A100-SXM4-80GB-suitesparse_all-fp64-n2-row-major-AlphaSparse-SpMM-CSR-pre-plus-solve,AlphaSparse-SpMM-CSR-best-pre-plus-solve,AlphaSparseLib CSR PER MATRIX BEST,per-matrix-best,AlphaSparse-SpMM-CSR,best,pre-plus-solve,"csr-alg1,csr-alg2,csr-alg3,csr-alg4,csr-alg5",manual-selection,csr,ALPHASPARSE_SPMM_CSR_ALG5,workspace-setup,spmm.csr.fp64,fp64,A100-SXM4-80GB,A100-SXM4-80GB,,9700.0,dd6a9a30-d69d-5ea7-834e-7b0f3242a57c,suitesparse_all,Buss/connectus,connectus,512,394792,1127525,2,row-major,N,N,1.0,0.0,20260922,main,pass,pass,0,0,4510100.0,0.01668,0.0554495990276,0.0721295990276,0.0562835990276,81.33692721123377,62.52772871057047,80.13169161034577,0.8385250227962245,0.6446157599027884,0.8260999135087193,AlphaSparse 248af573c867cf4c7e05d40c611c7c34ebac4715,CUDA,13040,13000,2026-10-06T22:26:44.333890+00:00,derived,csr-alg5,0,0,,,,5,20,4,true
3,A100-SXM4-80GB-suitesparse_all-fp64-n2-row-major-AlphaSparse-SpMM-CSR-pre-plus-solve,AlphaSparse-SpMM-CSR-best-pre-plus-solve,AlphaSparseLib CSR PER MATRIX BEST,per-matrix-best,AlphaSparse-SpMM-CSR,best,pre-plus-solve,"csr-alg1,csr-alg2,csr-alg3,csr-alg4,csr-alg5",manual-selection,csr,ALPHASPARSE_SPMM_CSR_ALG1,workspace-setup,spmm.csr.fp64,fp64,A100-SXM4-80GB,A100-SXM4-80GB,,9700.0,152f8cc9-7213-5fba-8430-8cd9341fa530,suitesparse_all,Bydder/mri1,mri1,65536,147456,589824,2,row-major,N,N,1.0,0.0,20260922,main,pass,pass,0,0,2359296.0,0.01766,0.0156672000885,0.0333272000885,0.0165502000885,150.58823444348326,70.79190552266365,142.55392607847503,1.552456025190549,0.7298134589965325,1.4696281039018044,AlphaSparse 248af573c867cf4c7e05d40c611c7c34ebac4715,CUDA,13040,13000,2026-10-07T22:26:54.756465+00:00,derived,csr-alg1,0,0,,,,5,20,4,true
3,A100-SXM4-80GB-suitesparse_all-fp64-n2-row-major-AlphaSparse-SpMM-CSR-pre-plus-solve,AlphaSparse-SpMM-CSR-best-pre-plus-solve,AlphaSparseLib CSR PER MATRIX BEST,per-matrix-best,AlphaSparse-SpMM-CSR,best,pre-plus-solve,"csr-alg1,csr-alg2,csr-alg3,csr-alg4,csr-alg5",manual-selection,csr,ALPHASPARSE_SPMM_CSR_ALG1,workspace-setup,spmm.csr.fp64,fp64,A100-SXM4-80GB,A100-SXM4-80GB,,9700.0,a0827285-e98d-55a9-b486-73107367c8f5,suitesparse_all,Bydder/mri2,mri2,63240,147456,569160,2,row-major,N,N,1.0,0.0,20260922,main,pass,pass,0,0,2276640.0,0.02044,0.0147456005216,0.0351856005216,0.0157676005216,154.39452578856168,64.70374148090494,144.38721965851659,1.5916961421501206,0.6670488812464427,1.4885280377166659,AlphaSparse 248af573c867cf4c7e05d40c611c7c34ebac4715,CUDA,13040,13000,2026-10-06T07:06:04.913589+00:00,derived,csr-alg1,0,0,,,,5,20,4,true
3,A100-SXM4-80GB-suitesparse_all-fp64-n2-row-major-AlphaSparse-SpMM-CSR-pre-plus-solve,AlphaSparse-SpMM-CSR-best-pre-plus-solve,AlphaSparseLib CSR PER MATRIX BEST,per-matrix-best,AlphaSparse-SpMM-CSR,best,pre-plus-solve,"csr-alg1,csr-alg2,csr-alg3,csr-alg4,csr-alg5",manual-selection,csr,ALPHASPARSE_SPMM_CSR_ALG2,workspace-setup,spmm.csr.fp64,fp64,A100-SXM4-80GB,A100-SXM4-80GB,,9700.0,a0827285-e98d-55a9-b486-73107367c8f5,suitesparse_all,Cannizzo/sts4098,sts4098,4098,4098,72356,2,row-major,N,N,1.0,0.0,20260922,main,pass,pass,0,0,289424.0,0.01757,0.0130048006773,0.0305748006773,0.0138833006773,22.25516616376845,9.466096052586218,20.846915782298442,0.22943470271926236,0.09758861909882699,0.21491665754946845,AlphaSparse 248af573c867cf4c7e05d40c611c7c34ebac4715,CUDA,13040,13000,2026-10-06T07:33:59.613520+00:00,derived,csr-alg2,0,0,,,,5,20,4,true
3,A100-SXM4-80GB-suitesparse_all-fp64-n2-row-major-AlphaSparse-SpMM-CSR-pre-plus-solve,AlphaSparse-SpMM-CSR-best-pre-plus-solve,AlphaSparseLib CSR PER MATRIX BEST,per-matrix-best,AlphaSparse-SpMM-CSR,best,pre-plus-solve,"csr-alg1,csr-alg2,csr-alg3,csr-alg4,csr-alg5",manual-selection,csr,ALPHASPARSE_SPMM_CSR_ALG1,workspace-setup,spmm.csr.fp64,fp64,A100-SXM4-80GB,A100-SXM4-80GB,,9700.0,752b02ae-c4ef-54eb-ad5c-0957985c94ee,suitesparse_all,Castrillon/denormal,denormal,89400,89400,1156224,2,row-major,N,N,1.0,0.0,20260922,main,pass,pass,0,0,4624896.0,0.0268,0.0188927993178,0.0456927993178,0.0202327993178,244.7967568068443,101.2171735820601,228.5840890010313,2.523677905225199,1.043476016309898,2.356537000010632,AlphaSparse 248af573c867cf4c7e05d40c611c7c34ebac4715,CUDA,13040,13000,2026-10-08T03:37:27.741851+00:00,derived,csr-alg1,0,0,,,,5,20,4,true
3,A100-SXM4-80GB-suitesparse_all-fp64-n2-row-major-AlphaSparse-SpMM-CSR-pre-plus-solve,AlphaSparse-SpMM-CSR-best-pre-plus-solve,AlphaSparseLib CSR PER MATRIX BEST,per-matrix-best,AlphaSparse-SpMM-CSR,best,pre-plus-solve,"csr-alg1,csr-alg2,csr-alg3,csr-alg4,csr-alg5",manual-selection,csr,ALPHASPARSE_SPMM_CSR_ALG3,workspace-setup,spmm.csr.fp64,fp64,A100-SXM4-80GB,A100-SXM4-80GB,,9700.0,d94c6f41-d28e-5f45-abb9-189a8a3b4f78,suitesparse_all,CEMW/t2em,t2em,921632,921632,4590832,2,row-major,N,N,1.0,0.0,20260922,main,pass,pass,0,0,18363328.0,0.37945,0.207820796967,0.587270796967,0.226793296967,88.3613587667837,31.268927545586564,80.9694477111111,0.9109418429565329,0.32236007778955217,0.8347365743413515,AlphaSparse 248af573c867cf4c7e05d40c611c7c34ebac4715,CUDA,13040,13000,2026-10-06T02:48:32.150120+00:00,derived,csr-alg3,0,0,,,,5,20,4,true
3,A100-SXM4-80GB-suitesparse_all-fp64-n2-row-major-AlphaSparse-SpMM-CSR-pre-plus-solve,AlphaSparse-SpMM-CSR-best-pre-plus-solve,AlphaSparseLib CSR PER MATRIX BEST,per-matrix-best,AlphaSparse-SpMM-CSR,best,pre-plus-solve,"csr-alg1,csr-alg2,csr-alg3,csr-alg4,csr-alg5",manual-selection,csr,ALPHASPARSE_SPMM_CSR_ALG1,workspace-setup,spmm.csr.fp64,fp64,A100-SXM4-80GB,A100-SXM4-80GB,,9700.0,018f64fd-81d1-5f6a-986f-7d386c913e5c,suitesparse_all,CEMW/tmt_unsym,tmt_unsym,917825,917825,4584801,2,row-major,N,N,1.0,0.0,20260922,main,pass,pass,0,0,18339204.0,0.359851,0.103833603859,0.463684603859,0.121826153859,176.62108718583602,39.55103069494344,150.53585309132845,1.8208359503694433,0.407742584483953,1.5519160112508086,AlphaSparse 248af573c867cf4c7e05d40c611c7c34ebac4715,CUDA,13040,13000,2026-10-06T20:31:50.487156+00:00,derived,csr-alg1,0,0,,,,5,20,4,true
3,A100-SXM4-80GB-suitesparse_all-fp64-n2-row-major-AlphaSparse-SpMM-CSR-pre-plus-solve,AlphaSparse-SpMM-CSR-best-pre-plus-solve,AlphaSparseLib CSR PER MATRIX BEST,per-matrix-best,AlphaSparse-SpMM-CSR,best,pre-plus-solve,"csr-alg1,csr-alg2,csr-alg3,csr-alg4,csr-alg5",manual-selection,csr,ALPHASPARSE_SPMM_CSR_ALG1,workspace-setup,spmm.csr.fp64,fp64,A100-SXM4-80GB,A100-SXM4-80GB,,9700.0,752b02ae-c4ef-54eb-ad5c-0957985c94ee,suitesparse_all,CEMW/vfem,vfem,93476,93476,1434636,2,row-major,N,N,1.0,0.0,20260922,main,pass,pass,0,0,5738544.0,0.02101,0.029542401433,0.050552401433,0.030592901433,194.24771588100572,113.51674376153271,187.57763177734878,2.002553771969131,1.1702757088817806,1.9337900183231833,AlphaSparse 248af573c867cf4c7e05d40c611c7c34ebac4715,CUDA,13040,13000,2026-10-08T03:37:29.509096+00:00,derived,csr-alg1,0,0,,,,5,20,4,true
3,A100-SXM4-80GB-suitesparse_all-fp64-n2-row-major-AlphaSparse-SpMM-CSR-pre-plus-solve,AlphaSparse-SpMM-CSR-best-pre-plus-solve,AlphaSparseLib CSR PER MATRIX BEST,per-matrix-best,AlphaSparse-SpMM-CSR,best,pre-plus-solve,"csr-alg1,csr-alg2,csr-alg3,csr-alg4,csr-alg5",manual-selection,csr,ALPHASPARSE_SPMM_CSR_ALG1,workspace-setup,spmm.csr.fp64,fp64,A100-SXM4-80GB,A100-SXM4-80GB,,9700.0,dd6a9a30-d69d-5ea7-834e-7b0f3242a57c,suitesparse_all,Chen/pkustk01,pkustk01,22044,22044,979380,2,row-major,N,N,1.0,0.0,20260922,main,pass,pass,0,0,3917520.0,0.01387,0.0314880013466,0.0453580013466,0.0321815013466,124.41310443550918,86.36888495294455,121.73204592935777,1.2826093240774141,0.8904008758035521,1.2549695456634822,AlphaSparse 248af573c867cf4c7e05d40c611c7c34ebac4715,CUDA,13040,13000,2026-10-06T19:50:00.039270+00:00,derived,csr-alg1,0,0,,,,5,20,4,true
3,A100-SXM4-80GB-suitesparse_all-fp64-n2-row-major-AlphaSparse-SpMM-CSR-pre-plus-solve,AlphaSparse-SpMM-CSR-best-pre-plus-solve,AlphaSparseLib CSR PER MATRIX BEST,per-matrix-best,AlphaSparse-SpMM-CSR,best,pre-plus-solve,"csr-alg1,csr-alg2,csr-alg3,csr-alg4,csr-alg5",manual-selection,csr,ALPHASPARSE_SPMM_CSR_ALG5,workspace-setup,spmm.csr.fp64,fp64,A100-SXM4-80GB,A100-SXM4-80GB,,9700.0,005fdebf-9ece-5bc0-9d3c-6fda0356699d,suitesparse_all,Chen/pkustk02,pkustk02,10800,10800,810000,2,row-major,N,N,1.0,0.0,20260922,main,pass,pass,0,0,3240000.0,0.014891,0.0305151998997,0.0454061998997,0.0312597498997,106.17659430872197,71.35589428661716,103.64766226204179,1.094604065038371,0.7356277761506923,1.068532600639606,AlphaSparse 248af573c867cf4c7e05d40c611c7c34ebac4715,CUDA,13040,13000,2026-10-08T15:31:32.862745+00:00,derived,csr-alg5,0,0,,,,5,20,4,true
3,A100-SXM4-80GB-suitesparse_all-fp64-n2-row-major-AlphaSparse-SpMM-CSR-pre-plus-solve,AlphaSparse-SpMM-CSR-best-pre-plus-solve,AlphaSparseLib CSR PER MATRIX BEST,per-matrix-best,AlphaSparse-SpMM-CSR,best,pre-plus-solve,"csr-alg1,csr-alg2,csr-alg3,csr-alg4,csr-alg5",manual-selection,csr,ALPHASPARSE_SPMM_CSR_ALG1,workspace-setup,spmm.csr.fp64,fp64,A100-SXM4-80GB,A100-SXM4-80GB,,9700.0,d94c6f41-d28e-5f45-abb9-189a8a3b4f78,suitesparse_all,Chen/pkustk03,pkustk03,63336,63336,3130416,2,row-major,N,N,1.0,0.0,20260922,main,pass,pass,0,0,12521664.0,0.02144,0.0788479983807,0.100287998381,0.0799199983807,158.80763313155947,124.85705370676023,156.67748065200004,1.6371920941397884,1.2871861206882498,1.6152317592989696,AlphaSparse 248af573c867cf4c7e05d40c611c7c34ebac4715,CUDA,13040,13000,2026-10-06T01:50:31.569320+00:00,derived,csr-alg1,0,0,,,,5,20,4,true
3,A100-SXM4-80GB-suitesparse_all-fp64-n2-row-major-AlphaSparse-SpMM-CSR-pre-plus-solve,AlphaSparse-SpMM-CSR-best-pre-plus-solve,AlphaSparseLib CSR PER MATRIX BEST,per-matrix-best,AlphaSparse-SpMM-CSR,best,pre-plus-solve,"csr-alg1,csr-alg2,csr-alg3,csr-alg4,csr-alg5",manual-selection,csr,ALPHASPARSE_SPMM_CSR_ALG5,workspace-setup,spmm.csr.fp64,fp64,A100-SXM4-80GB,A100-SXM4-80GB,,9700.0,018f64fd-81d1-5f6a-986f-7d386c913e5c,suitesparse_all,Chen/pkustk04,pkustk04,55590,55590,4218660,2,row-major,N,N,1.0,0.0,20260922,main,pass,pass,0,0,16874640.0,0.02044,0.126566398144,0.147006398144,0.127588398144,133.32638241629505,114.78847324366428,132.2584204008486,1.3744987877968562,1.183386322099632,1.363488870111841,AlphaSparse 248af573c867cf4c7e05d40c611c7c34ebac4715,CUDA,13040,13000,2026-10-06T23:07:23.535189+00:00,derived,csr-alg5,0,0,,,,5,20,4,true
3,A100-SXM4-80GB-suitesparse_all-fp64-n2-row-major-AlphaSparse-SpMM-CSR-pre-plus-solve,AlphaSparse-SpMM-CSR-best-pre-plus-solve,AlphaSparseLib CSR PER MATRIX BEST,per-matrix-best,AlphaSparse-SpMM-CSR,best,pre-plus-solve,"csr-alg1,csr-alg2,csr-alg3,csr-alg4,csr-alg5",manual-selection,csr,ALPHASPARSE_SPMM_CSR_ALG1,workspace-setup,spmm.csr.fp64,fp64,A100-SXM4-80GB,A100-SXM4-80GB,,9700.0,752b02ae-c4ef-54eb-ad5c-0957985c94ee,suitesparse_all,Chen/pkustk06,pkustk06,43164,43164,2571768,2,row-major,N,N,1.0,0.0,20260922,main,pass,pass,0,0,10287072.0,0.01767,0.0609791994095,0.0786491994095,0.0618626994095,168.69804949255152,130.79690673567654,166.28876686910718,1.7391551494077475,1.3484217189245005,1.7143171842175997,AlphaSparse 248af573c867cf4c7e05d40c611c7c34ebac4715,CUDA,13040,13000,2026-10-08T03:32:21.964002+00:00,derived,csr-alg1,0,0,,,,5,20,4,true
3,A100-SXM4-80GB-suitesparse_all-fp64-n2-row-major-AlphaSparse-SpMM-CSR-pre-plus-solve,AlphaSparse-SpMM-CSR-best-pre-plus-solve,AlphaSparseLib CSR PER MATRIX BEST,per-matrix-best,AlphaSparse-SpMM-CSR,best,pre-plus-solve,"csr-alg1,csr-alg2,csr-alg3,csr-alg4,csr-alg5",manual-selection,csr,ALPHASPARSE_SPMM_CSR_ALG5,workspace-setup,spmm.csr.fp64,fp64,A100-SXM4-80GB,A100-SXM4-80GB,,9700.0,152f8cc9-7213-5fba-8430-8cd9341fa530,suitesparse_all,Chen/pkustk07,pkustk07,16860,16860,2418804,2,row-major,N,N,1.0,0.0,20260922,main,pass,pass,0,0,9675216.0,0.025841,0.0779039978981,0.103744997898,0.0791960478981,124.19408837856277,93.2595903034523,122.16791439452774,1.2803514265831213,0.9614390752933226,1.2594630349951315,AlphaSparse 248af573c867cf4c7e05d40c611c7c34ebac4715,CUDA,13040,13000,2026-10-08T02:20:02.779870+00:00,derived,csr-alg5,0,0,,,,5,20,4,true
3,A100-SXM4-80GB-suitesparse_all-fp64-n2-row-major-AlphaSparse-SpMM-CSR-pre-plus-solve,AlphaSparse-SpMM-CSR-best-pre-plus-solve,AlphaSparseLib CSR PER MATRIX BEST,per-matrix-best,AlphaSparse-SpMM-CSR,best,pre-plus-solve,"csr-alg1,csr-alg2,csr-alg3,csr-alg4,csr-alg5",manual-selection,csr,ALPHASPARSE_SPMM_CSR_ALG5,workspace-setup,spmm.csr.fp64,fp64,A100-SXM4-80GB,A100-SXM4-80GB,,9700.0,a0827285-e98d-55a9-b486-73107367c8f5,suitesparse_all,Chen/pkustk08,pkustk08,22209,22209,3226671,2,row-major,N,N,1.0,0.0,20260922,main,pass,pass,0,0,12906684.0,0.01952,0.0969215989113,0.116441598911,0.0978975989113,133.16623069551136,110.84255215238831,131.8386165088082,1.372847739128983,1.142706723220498,1.359160994936167,AlphaSparse 248af573c867cf4c7e05d40c611c7c34ebac4715,CUDA,13040,13000,2026-10-06T08:57:17.371830+00:00,derived,csr-alg5,0,0,,,,5,20,4,true
3,A100-SXM4-80GB-suitesparse_all-fp64-n2-row-major-AlphaSparse-SpMM-CSR-pre-plus-solve,AlphaSparse-SpMM-CSR-best-pre-plus-solve,AlphaSparseLib CSR PER MATRIX BEST,per-matrix-best,AlphaSparse-SpMM-CSR,best,pre-plus-solve,"csr-alg1,csr-alg2,csr-alg3,csr-alg4,csr-alg5",manual-selection,csr,ALPHASPARSE_SPMM_CSR_ALG1,workspace-setup,spmm.csr.fp64,fp64,A100-SXM4-80GB,A100-SXM4-80GB,,9700.0,dd6a9a30-d69d-5ea7-834e-7b0f3242a57c,suitesparse_all,Chen/pkustk09,pkustk09,33960,33960,1583640,2,row-major,N,N,1.0,0.0,20260922,main,pass,pass,0,0,6334560.0,0.02126,0.0301568001509,0.0514168001509,0.0312198001509,210.05411609662943,123.20019879512319,202.90200351642508,2.1655063515116435,1.270105142217765,2.0917732321280935,AlphaSparse 248af573c867cf4c7e05d40c611c7c34ebac4715,CUDA,13040,13000,2026-10-06T19:50:01.739737+00:00,derived,csr-alg1,0,0,,,,5,20,4,true
3,A100-SXM4-80GB-suitesparse_all-fp64-n2-row-major-AlphaSparse-SpMM-CSR-pre-plus-solve,AlphaSparse-SpMM-CSR-best-pre-plus-solve,AlphaSparseLib CSR PER MATRIX BEST,per-matrix-best,AlphaSparse-SpMM-CSR,best,pre-plus-solve,"csr-alg1,csr-alg2,csr-alg3,csr-alg4,csr-alg5",manual-selection,csr,ALPHASPARSE_SPMM_CSR_ALG1,workspace-setup,spmm.csr.fp64,fp64,A100-SXM4-80GB,A100-SXM4-80GB,,9700.0,005fdebf-9ece-5bc0-9d3c-6fda0356699d,suitesparse_all,Chen/pkustk10,pkustk10,80676,80676,4308984,2,row-major,N,N,1.0,0.0,20260922,main,pass,pass,0,0,17235936.0,0.024,0.0982016026974,0.122201602697,0.0994016026974,175.51583198811014,141.0450895863998,173.3969627478736,1.8094415668877335,1.4540730885195856,1.7875975541017897,AlphaSparse 248af573c867cf4c7e05d40c611c7c34ebac4715,CUDA,13040,13000,2026-10-08T13:54:09.046775+00:00,derived,csr-alg1,0,0,,,,5,20,4,true
3,A100-SXM4-80GB-suitesparse_all-fp64-n2-row-major-AlphaSparse-SpMM-CSR-pre-plus-solve,AlphaSparse-SpMM-CSR-best-pre-plus-solve,AlphaSparseLib CSR PER MATRIX BEST,per-matrix-best,AlphaSparse-SpMM-CSR,best,pre-plus-solve,"csr-alg1,csr-alg2,csr-alg3,csr-alg4,csr-alg5",manual-selection,csr,ALPHASPARSE_SPMM_CSR_ALG1,workspace-setup,spmm.csr.fp64,fp64,A100-SXM4-80GB,A100-SXM4-80GB,,9700.0,d94c6f41-d28e-5f45-abb9-189a8a3b4f78,suitesparse_all,Chen/pkustk11,pkustk11,87804,87804,5217912,2,row-major,N,N,1.0,0.0,20260922,main,pass,pass,0,0,20871648.0,0.03293,0.126259195805,0.159189195805,0.127905695805,165.30794344861067,131.1122145850079,163.17997309377134,1.7042056025629966,1.3516723153093597,1.6822677638533128,AlphaSparse 248af573c867cf4c7e05d40c611c7c34ebac4715,CUDA,13040,13000,2026-10-06T01:50:33.508281+00:00,derived,csr-alg1,0,0,,,,5,20,4,true
3,A100-SXM4-80GB-suitesparse_all-fp64-n2-row-major-AlphaSparse-SpMM-CSR-pre-plus-solve,AlphaSparse-SpMM-CSR-best-pre-plus-solve,AlphaSparseLib CSR PER MATRIX BEST,per-matrix-best,AlphaSparse-SpMM-CSR,best,pre-plus-solve,"csr-alg1,csr-alg2,csr-alg3,csr-alg4,csr-alg5",manual-selection,csr,ALPHASPARSE_SPMM_CSR_ALG5,workspace-setup,spmm.csr.fp64,fp64,A100-SXM4-80GB,A100-SXM4-80GB,,9700.0,018f64fd-81d1-5f6a-986f-7d386c913e5c,suitesparse_all,Chen/pkustk12,pkustk12,94653,94653,7512317,2,row-major,N,N,1.0,0.0,20260922,main,pass,pass,0,0,30049268.0,0.03307,0.214118409157,0.247188409157,0.215771909157,140.33948840880234,121.56422747522282,139.26404098383142,1.446798849575282,1.2532394585074518,1.4357117627199116,AlphaSparse 248af573c867cf4c7e05d40c611c7c34ebac4715,CUDA,13040,13000,2026-10-06T23:07:26.412562+00:00,derived,csr-alg5,0,0,,,,5,20,4,true
3,A100-SXM4-80GB-suitesparse_all-fp64-n2-row-major-AlphaSparse-SpMM-CSR-pre-plus-solve,AlphaSparse-SpMM-CSR-best-pre-plus-solve,AlphaSparseLib CSR PER MATRIX BEST,per-matrix-best,AlphaSparse-SpMM-CSR,best,pre-plus-solve,"csr-alg1,csr-alg2,csr-alg3,csr-alg4,csr-alg5",manual-selection,csr,ALPHASPARSE_SPMM_CSR_ALG1,workspace-setup,spmm.csr.fp64,fp64,A100-SXM4-80GB,A100-SXM4-80GB,,9700.0,752b02ae-c4ef-54eb-ad5c-0957985c94ee,suitesparse_all,Chen/pkustk14,pkustk14,151926,151926,14836504,2,row-major,N,N,1.0,0.0,20260922,main,pass,pass,0,0,59346016.0,0.02542,0.35896320343,0.38438320343,0.36023420343,165.32618227420303,154.39284409524805,164.74286848647895,1.704393631692815,1.59167880510565,1.6983800874894737,AlphaSparse 248af573c867cf4c7e05d40c611c7c34ebac4715,CUDA,13040,13000,2026-10-08T03:32:25.780785+00:00,derived,csr-alg1,0,0,,,,5,20,4,true
3,A100-SXM4-80GB-suitesparse_all-fp64-n2-row-major-AlphaSparse-SpMM-CSR-pre-plus-solve,AlphaSparse-SpMM-CSR-best-pre-plus-solve,AlphaSparseLib CSR PER MATRIX BEST,per-matrix-best,AlphaSparse-SpMM-CSR,best,pre-plus-solve,"csr-alg1,csr-alg2,csr-alg3,csr-alg4,csr-alg5",manual-selection,csr,ALPHASPARSE_SPMM_CSR_ALG1,workspace-setup,spmm.csr.fp64,fp64,A100-SXM4-80GB,A100-SXM4-80GB,,9700.0,752b02ae-c4ef-54eb-ad5c-0957985c94ee,suitesparse_all,Chevron/Chevron2,Chevron2,90249,90249,803173,2,row-major,N,N,1.0,0.0,20260922,main,pass,pass,0,0,3212692.0,0.02104,0.014899200201,0.035939200201,0.015951200201,215.6284872113049,89.39241780652112,201.40754046824594,2.222974094961906,0.9215713175930013,2.076366396579855,AlphaSparse 248af573c867cf4c7e05d40c611c7c34ebac4715,CUDA,13040,13000,2026-10-08T03:50:45.681198+00:00,derived,csr-alg1,0,0,,,,5,20,4,true
3,A100-SXM4-80GB-suitesparse_all-fp64-n2-row-major-AlphaSparse-SpMM-CSR-pre-plus-solve,AlphaSparse-SpMM-CSR-best-pre-plus-solve,AlphaSparseLib CSR PER MATRIX BEST,per-matrix-best,AlphaSparse-SpMM-CSR,best,pre-plus-solve,"csr-alg1,csr-alg2,csr-alg3,csr-alg4,csr-alg5",manual-selection,csr,ALPHASPARSE_SPMM_CSR_ALG1,workspace-setup,spmm.csr.fp64,fp64,A100-SXM4-80GB,A100-SXM4-80GB,,9700.0,152f8cc9-7213-5fba-8430-8cd9341fa530,suitesparse_all,Chevron/Chevron3,Chevron3,381381,381381,3413113,2,row-major,N,N,1.0,0.0,20260922,main,pass,pass,0,0,13652452.0,0.02616,0.065689599514,0.091849599514,0.066997599514,207.8327787200216,148.63921097357698,203.77524118826295,2.1426059661857897,1.5323629997275978,2.1007756823532264,AlphaSparse 248af573c867cf4c7e05d40c611c7c34ebac4715,CUDA,13040,13000,2026-10-07T22:37:20.092001+00:00,derived,csr-alg1,0,0,,,,5,20,4,true
3,A100-SXM4-80GB-suitesparse_all-fp64-n2-row-major-AlphaSparse-SpMM-CSR-pre-plus-solve,AlphaSparse-SpMM-CSR-best-pre-plus-solve,AlphaSparseLib CSR PER MATRIX BEST,per-matrix-best,AlphaSparse-SpMM-CSR,best,pre-plus-solve,"csr-alg1,csr-alg2,csr-alg3,csr-alg4,csr-alg5",manual-selection,csr,ALPHASPARSE_SPMM_CSR_ALG4,workspace-setup,spmm.csr.fp64,fp64,A100-SXM4-80GB,A100-SXM4-80GB,,9700.0,a0827285-e98d-55a9-b486-73107367c8f5,suitesparse_all,Chevron/Chevron4,Chevron4,711450,711450,6376412,2,row-major,N,N,1.0,0.0,20260922,main,pass,pass,0,0,25505648.0,0.19779,0.171161603928,0.368951603928,0.181051103928,149.01500929337564,69.13006402047614,140.8754072559703,1.5362372092100582,0.7126810723760426,1.4523237861440237,AlphaSparse 248af573c867cf4c7e05d40c611c7c34ebac4715,CUDA,13040,13000,2026-10-06T08:50:17.168993+00:00,derived,csr-alg4,0,0,,,,5,20,4,true
3,A100-SXM4-80GB-suitesparse_all-fp64-n2-row-major-AlphaSparse-SpMM-CSR-pre-plus-solve,AlphaSparse-SpMM-CSR-best-pre-plus-solve,AlphaSparseLib CSR PER MATRIX BEST,per-matrix-best,AlphaSparse-SpMM-CSR,best,pre-plus-solve,"csr-alg1,csr-alg2,csr-alg3,csr-alg4,csr-alg5",manual-selection,csr,ALPHASPARSE_SPMM_CSR_ALG5,workspace-setup,spmm.csr.fp64,fp64,A100-SXM4-80GB,A100-SXM4-80GB,,9700.0,005fdebf-9ece-5bc0-9d3c-6fda0356699d,suitesparse_all,Clark/tomographic1,tomographic1,73159,59498,647495,2,row-major,N,N,1.0,0.0,20260922,main,pass,pass,0,0,2589980.0,0.015531,0.0251392006874,0.0406702006874,0.0259157506874,103.02555089979937,63.68249864088818,99.93845176397782,1.0621190814412307,0.656520604545239,1.0302933171544106,AlphaSparse 248af573c867cf4c7e05d40c611c7c34ebac4715,CUDA,13040,13000,2026-10-08T15:38:28.772603+00:00,derived,csr-alg5,0,0,,,,5,20,4,true
3,A100-SXM4-80GB-suitesparse_all-fp64-n2-row-major-AlphaSparse-SpMM-CSR-pre-plus-solve,AlphaSparse-SpMM-CSR-best-pre-plus-solve,AlphaSparseLib CSR PER MATRIX BEST,per-matrix-best,AlphaSparse-SpMM-CSR,best,pre-plus-solve,"csr-alg1,csr-alg2,csr-alg3,csr-alg4,csr-alg5",manual-selection,csr,ALPHASPARSE_SPMM_CSR_ALG5,workspace-setup,spmm.csr.fp64,fp64,A100-SXM4-80GB,A100-SXM4-80GB,,9700.0,018f64fd-81d1-5f6a-986f-7d386c913e5c,suitesparse_all,Cote/mplate,mplate,5962,5962,142190,2,row-major,N,N,1.0,0.0,20260922,main,pass,pass,0,0,568760.0,0.01345,0.0151040002704,0.0285540002704,0.0157765002704,37.6562493258574,19.918750249140924,36.0510880266083,0.38820875593667425,0.20534794071279303,0.3716607013052402,AlphaSparse 248af573c867cf4c7e05d40c611c7c34ebac4715,CUDA,13040,13000,2026-10-06T23:06:27.455200+00:00,derived,csr-alg5,0,0,,,,5,20,4,true
3,A100-SXM4-80GB-suitesparse_all-fp64-n2-row-major-AlphaSparse-SpMM-CSR-pre-plus-solve,AlphaSparse-SpMM-CSR-best-pre-plus-solve,AlphaSparseLib CSR PER MATRIX BEST,per-matrix-best,AlphaSparse-SpMM-CSR,best,pre-plus-solve,"csr-alg1,csr-alg2,csr-alg3,csr-alg4,csr-alg5",manual-selection,csr,ALPHASPARSE_SPMM_CSR_ALG5,workspace-setup,spmm.csr.fp64,fp64,A100-SXM4-80GB,A100-SXM4-80GB,,9700.0,152f8cc9-7213-5fba-8430-8cd9341fa530,suitesparse_all,CPM/cz10228,cz10228,10228,10228,102876,2,row-major,N,N,1.0,0.0,20260922,main,pass,pass,0,0,411504.0,0.01856,0.0149504005909,0.0335104005909,0.0158784005909,27.524613638143848,12.279889011883284,25.915960341486485,0.28375890348601907,0.1265967939369411,0.267174848881304,AlphaSparse 248af573c867cf4c7e05d40c611c7c34ebac4715,CUDA,13040,13000,2026-10-08T02:32:17.345591+00:00,derived,csr-alg5,0,0,,,,5,20,4,true
3,A100-SXM4-80GB-suitesparse_all-fp64-n2-row-major-AlphaSparse-SpMM-CSR-pre-plus-solve,AlphaSparse-SpMM-CSR-best-pre-plus-solve,AlphaSparseLib CSR PER MATRIX BEST,per-matrix-best,AlphaSparse-SpMM-CSR,best,pre-plus-solve,"csr-alg1,csr-alg2,csr-alg3,csr-alg4,csr-alg5",manual-selection,csr,ALPHASPARSE_SPMM_CSR_ALG3,workspace-setup,spmm.csr.fp64,fp64,A100-SXM4-80GB,A100-SXM4-80GB,,9700.0,018f64fd-81d1-5f6a-986f-7d386c913e5c,suitesparse_all,CPM/cz1268,cz1268,1268,1268,12786,2,row-major,N,N,1.0,0.0,20260922,main,pass,pass,0,0,51144.0,0.01188,0.0141312003136,0.0260112003136,0.0147252003136,3.6192254631603045,1.966229908016174,3.4732294916738136,0.03731160271299283,0.020270411422847155,0.03580648960488468,AlphaSparse 248af573c867cf4c7e05d40c611c7c34ebac4715,CUDA,13040,13000,2026-10-06T22:03:04.043686+00:00,derived,csr-alg3,0,0,,,,5,20,4,true
3,A100-SXM4-80GB-suitesparse_all-fp64-n2-row-major-AlphaSparse-SpMM-CSR-pre-plus-solve,AlphaSparse-SpMM-CSR-best-pre-plus-solve,AlphaSparseLib CSR PER MATRIX BEST,per-matrix-best,AlphaSparse-SpMM-CSR,best,pre-plus-solve,"csr-alg1,csr-alg2,csr-alg3,csr-alg4,csr-alg5",manual-selection,csr,ALPHASPARSE_SPMM_CSR_ALG1,workspace-setup,spmm.csr.fp64,fp64,A100-SXM4-80GB,A100-SXM4-80GB,,9700.0,dd6a9a30-d69d-5ea7-834e-7b0f3242a57c,suitesparse_all,CPM/cz148,cz148,148,148,1527,2,row-major,N,N,1.0,0.0,20260922,main,pass,pass,0,0,6108.0,0.01224,0.00890880003572,0.0211488000357,0.00952080003572,0.685614221388948,0.2888107121770246,0.6415427250949599,0.007068187849370598,0.0029774300224435528,0.0066138425267521644,AlphaSparse 248af573c867cf4c7e05d40c611c7c34ebac4715,CUDA,13040,13000,2026-10-06T20:06:00.288350+00:00,derived,csr-alg1,0,0,,,,5,20,4,true
3,A100-SXM4-80GB-suitesparse_all-fp64-n2-row-major-AlphaSparse-SpMM-CSR-pre-plus-solve,AlphaSparse-SpMM-CSR-best-pre-plus-solve,AlphaSparseLib CSR PER MATRIX BEST,per-matrix-best,AlphaSparse-SpMM-CSR,best,pre-plus-solve,"csr-alg1,csr-alg2,csr-alg3,csr-alg4,csr-alg5",manual-selection,csr,ALPHASPARSE_SPMM_CSR_ALG1,workspace-setup,spmm.csr.fp64,fp64,A100-SXM4-80GB,A100-SXM4-80GB,,9700.0,a0827285-e98d-55a9-b486-73107367c8f5,suitesparse_all,CPM/cz20468,cz20468,20468,20468,206076,2,row-major,N,N,1.0,0.0,20260922,main,pass,pass,0,0,824304.0,0.0186,0.0131071999669,0.0317071999669,0.0140371999669,62.889404455691476,25.99737601745071,58.7228223537262,0.6483443758318709,0.26801418574691455,0.6053899211724351,AlphaSparse 248af573c867cf4c7e05d40c611c7c34ebac4715,CUDA,13040,13000,2026-10-06T07:26:15.471297+00:00,derived,csr-alg1,0,0,,,,5,20,4,true
3,A100-SXM4-80GB-suitesparse_all-fp64-n2-row-major-AlphaSparse-SpMM-CSR-pre-plus-solve,AlphaSparse-SpMM-CSR-best-pre-plus-solve,AlphaSparseLib CSR PER MATRIX BEST,per-matrix-best,AlphaSparse-SpMM-CSR,best,pre-plus-solve,"csr-alg1,csr-alg2,csr-alg3,csr-alg4,csr-alg5",manual-selection,csr,ALPHASPARSE_SPMM_CSR_ALG1,workspace-setup,spmm.csr.fp64,fp64,A100-SXM4-80GB,A100-SXM4-80GB,,9700.0,005fdebf-9ece-5bc0-9d3c-6fda0356699d,suitesparse_all,CPM/cz308,cz308,308,308,3182,2,row-major,N,N,1.0,0.0,20260922,main,pass,pass,0,0,12728.0,0.0132,0.00860159993172,0.0218015999317,0.00926159993172,1.479724714127093,0.5838103643711585,1.3742765930115322,0.015254893960073125,0.006018663550218129,0.01416779992795394,AlphaSparse 248af573c867cf4c7e05d40c611c7c34ebac4715,CUDA,13040,13000,2026-10-08T14:06:49.181577+00:00,derived,csr-alg1,0,0,,,,5,20,4,true
3,A100-SXM4-80GB-suitesparse_all-fp64-n2-row-major-AlphaSparse-SpMM-CSR-pre-plus-solve,AlphaSparse-SpMM-CSR-best-pre-plus-solve,AlphaSparseLib CSR PER MATRIX BEST,per-matrix-best,AlphaSparse-SpMM-CSR,best,pre-plus-solve,"csr-alg1,csr-alg2,csr-alg3,csr-alg4,csr-alg5",manual-selection,csr,ALPHASPARSE_SPMM_CSR_ALG1,workspace-setup,spmm.csr.fp64,fp64,A100-SXM4-80GB,A100-SXM4-80GB,,9700.0,dd6a9a30-d69d-5ea7-834e-7b0f3242a57c,suitesparse_all,CPM/cz40948,cz40948,40948,40948,412148,2,row-major,N,N,1.0,0.0,20260922,main,pass,pass,0,0,1648592.0,0.014949,0.01520639956,0.03015539956,0.01595384956,108.4143549888413,54.66987750302586,103.33505990512799,1.1176737627715598,0.563606984567277,1.0653098959291545,AlphaSparse 248af573c867cf4c7e05d40c611c7c34ebac4715,CUDA,13040,13000,2026-10-06T20:06:01.210680+00:00,derived,csr-alg1,0,0,,,,5,20,4,true
3,A100-SXM4-80GB-suitesparse_all-fp64-n2-row-major-AlphaSparse-SpMM-CSR-pre-plus-solve,AlphaSparse-SpMM-CSR-best-pre-plus-solve,AlphaSparseLib CSR PER MATRIX BEST,per-matrix-best,AlphaSparse-SpMM-CSR,best,pre-plus-solve,"csr-alg1,csr-alg2,csr-alg3,csr-alg4,csr-alg5",manual-selection,csr,ALPHASPARSE_SPMM_CSR_ALG3,workspace-setup,spmm.csr.fp64,fp64,A100-SXM4-80GB,A100-SXM4-80GB,,9700.0,752b02ae-c4ef-54eb-ad5c-0957985c94ee,suitesparse_all,CPM/cz5108,cz5108,5108,5108,51412,2,row-major,N,N,1.0,0.0,20260922,main,pass,pass,0,0,205648.0,0.01206,0.0155903995037,0.0276503995037,0.0161933995037,13.1906818648999,7.437433226687429,12.699495245146759,0.1359864109783495,0.07667456934729308,0.13092263139326557,AlphaSparse 248af573c867cf4c7e05d40c611c7c34ebac4715,CUDA,13040,13000,2026-10-08T06:11:56.390718+00:00,derived,csr-alg3,0,0,,,,5,20,4,true
3,A100-SXM4-80GB-suitesparse_all-fp64-n2-row-major-AlphaSparse-SpMM-CSR-pre-plus-solve,AlphaSparse-SpMM-CSR-best-pre-plus-solve,AlphaSparseLib CSR PER MATRIX BEST,per-matrix-best,AlphaSparse-SpMM-CSR,best,pre-plus-solve,"csr-alg1,csr-alg2,csr-alg3,csr-alg4,csr-alg5",manual-selection,csr,ALPHASPARSE_SPMM_CSR_ALG2,workspace-setup,spmm.csr.fp64,fp64,A100-SXM4-80GB,A100-SXM4-80GB,,9700.0,d94c6f41-d28e-5f45-abb9-189a8a3b4f78,suitesparse_all,CPM/cz628,cz628,628,628,6346,2,row-major,N,N,1.0,0.0,20260922,main,pass,pass,0,0,25384.0,0.01254,0.0114175997674,0.0239575997674,0.0120445997674,2.223234350224593,1.0595385283354202,2.1075004973352884,0.022919941754892714,0.010923077611705361,0.02172680925087926,AlphaSparse 248af573c867cf4c7e05d40c611c7c34ebac4715,CUDA,13040,13000,2026-10-06T02:39:22.749936+00:00,derived,csr-alg2,0,0,,,,5,20,4,true
3,A100-SXM4-80GB-suitesparse_all-fp64-n2-row-major-AlphaSparse-SpMM-CSR-pre-plus-solve,AlphaSparse-SpMM-CSR-best-pre-plus-solve,AlphaSparseLib CSR PER MATRIX BEST,per-matrix-best,AlphaSparse-SpMM-CSR,best,pre-plus-solve,"csr-alg1,csr-alg2,csr-alg3,csr-alg4,csr-alg5",manual-selection,csr,ALPHASPARSE_SPMM_CSR_ALG5,workspace-setup,spmm.csr.fp64,fp64,A100-SXM4-80GB,A100-SXM4-80GB,,9700.0,018f64fd-81d1-5f6a-986f-7d386c913e5c,suitesparse_all,Cunningham/k3plates,k3plates,11107,11107,378927,2,row-major,N,N,1.0,0.0,20260922,main,pass,pass,0,0,1515708.0,0.01411,0.020377600193,0.034487600193,0.021083100193,74.38108440858838,43.949361263694,71.8920835230506,0.7668153031813235,0.45308619859478355,0.7411555002376351,AlphaSparse 248af573c867cf4c7e05d40c611c7c34ebac4715,CUDA,13040,13000,2026-10-06T23:07:21.824798+00:00,derived,csr-alg5,0,0,,,,5,20,4,true
3,A100-SXM4-80GB-suitesparse_all-fp64-n2-row-major-AlphaSparse-SpMM-CSR-pre-plus-solve,AlphaSparse-SpMM-CSR-best-pre-plus-solve,AlphaSparseLib CSR PER MATRIX BEST,per-matrix-best,AlphaSparse-SpMM-CSR,best,pre-plus-solve,"csr-alg1,csr-alg2,csr-alg3,csr-alg4,csr-alg5",manual-selection,csr,ALPHASPARSE_SPMM_CSR_ALG1,workspace-setup,spmm.csr.fp64,fp64,A100-SXM4-80GB,A100-SXM4-80GB,,9700.0,752b02ae-c4ef-54eb-ad5c-0957985c94ee,suitesparse_all,Cunningham/qa8fk,qa8fk,66127,66127,1660579,2,row-major,N,N,1.0,0.0,20260922,main,pass,pass,0,0,6642316.0,0.01665,0.0281599998474,0.0448099998474,0.0289924998474,235.8777001418657,148.23289494801026,229.10463171376622,2.431728867441914,1.5281741747217552,2.3619034197295488,AlphaSparse 248af573c867cf4c7e05d40c611c7c34ebac4715,CUDA,13040,13000,2026-10-08T03:32:20.767765+00:00,derived,csr-alg1,0,0,,,,5,20,4,true
3,A100-SXM4-80GB-suitesparse_all-fp64-n2-row-major-AlphaSparse-SpMM-CSR-pre-plus-solve,AlphaSparse-SpMM-CSR-best-pre-plus-solve,AlphaSparseLib CSR PER MATRIX BEST,per-matrix-best,AlphaSparse-SpMM-CSR,best,pre-plus-solve,"csr-alg1,csr-alg2,csr-alg3,csr-alg4,csr-alg5",manual-selection,csr,ALPHASPARSE_SPMM_CSR_ALG1,workspace-setup,spmm.csr.fp64,fp64,A100-SXM4-80GB,A100-SXM4-80GB,,9700.0,152f8cc9-7213-5fba-8430-8cd9341fa530,suitesparse_all,Cunningham/qa8fm,qa8fm,66127,66127,1660579,2,row-major,N,N,1.0,0.0,20260922,main,pass,pass,0,0,6642316.0,0.01984,0.029183998704,0.049023998704,0.030175998704,227.60129848448747,135.49110997871406,220.11917700405797,2.3464051390153347,1.3968155667908666,2.2692698660212165,AlphaSparse 248af573c867cf4c7e05d40c611c7c34ebac4715,CUDA,13040,13000,2026-10-07T22:25:48.790856+00:00,derived,csr-alg1,0,0,,,,5,20,4,true
3,A100-SXM4-80GB-suitesparse_all-fp64-n2-row-major-AlphaSparse-SpMM-CSR-pre-plus-solve,AlphaSparse-SpMM-CSR-best-pre-plus-solve,AlphaSparseLib CSR PER MATRIX BEST,per-matrix-best,AlphaSparse-SpMM-CSR,best,pre-plus-solve,"csr-alg1,csr-alg2,csr-alg3,csr-alg4,csr-alg5",manual-selection,csr,ALPHASPARSE_SPMM_CSR_ALG5,workspace-setup,spmm.csr.fp64,fp64,A100-SXM4-80GB,A100-SXM4-80GB,,9700.0,152f8cc9-7213-5fba-8430-8cd9341fa530,suitesparse_all,Cylshell/s1rmq4m1,s1rmq4m1,5489,5489,281111,2,row-major,N,N,1.0,0.0,20260922,main,pass,pass,0,0,1124444.0,0.01923,0.0181984007359,0.0374284007359,0.0191599007359,61.78806678225348,30.042533955277253,58.68736041482322,0.6369903791984894,0.3097168448997655,0.6050243341734352,AlphaSparse 248af573c867cf4c7e05d40c611c7c34ebac4715,CUDA,13040,13000,2026-10-08T02:22:42.098406+00:00,derived,csr-alg5,0,0,,,,5,20,4,true
3,A100-SXM4-80GB-suitesparse_all-fp64-n2-row-major-AlphaSparse-SpMM-CSR-pre-plus-solve,AlphaSparse-SpMM-CSR-best-pre-plus-solve,AlphaSparseLib CSR PER MATRIX BEST,per-matrix-best,AlphaSparse-SpMM-CSR,best,pre-plus-solve,"csr-alg1,csr-alg2,csr-alg3,csr-alg4,csr-alg5",manual-selection,csr,ALPHASPARSE_SPMM_CSR_ALG5,workspace-setup,spmm.csr.fp64,fp64,A100-SXM4-80GB,A100-SXM4-80GB,,9700.0,005fdebf-9ece-5bc0-9d3c-6fda0356699d,suitesparse_all,Cylshell/s1rmt3m1,s1rmt3m1,5489,5489,219521,2,row-major,N,N,1.0,0.0,20260922,main,pass,pass,0,0,878084.0,0.013669,0.0159743994474,0.0296433994474,0.0166578494474,54.9682010200964,29.621568928290245,52.71292688607254,0.5666824847432619,0.30537699926072415,0.5434322359388921,AlphaSparse 248af573c867cf4c7e05d40c611c7c34ebac4715,CUDA,13040,13000,2026-10-08T15:33:40.406045+00:00,derived,csr-alg5,0,0,,,,5,20,4,true
3,A100-SXM4-80GB-suitesparse_all-fp64-n2-row-major-AlphaSparse-SpMM-CSR-pre-plus-solve,AlphaSparse-SpMM-CSR-best-pre-plus-solve,AlphaSparseLib CSR PER MATRIX BEST,per-matrix-best,AlphaSparse-SpMM-CSR,best,pre-plus-solve,"csr-alg1,csr-alg2,csr-alg3,csr-alg4,csr-alg5",manual-selection,csr,ALPHASPARSE_SPMM_CSR_ALG1,workspace-setup,spmm.csr.fp64,fp64,A100-SXM4-80GB,A100-SXM4-80GB,,9700.0,a0827285-e98d-55a9-b486-73107367c8f5,suitesparse_all,Cylshell/s2rmq4m1,s2rmq4m1,5489,5489,281111,2,row-major,N,N,1.0,0.0,20260922,main,pass,pass,0,0,1124444.0,0.01833,0.0194560006261,0.0377860006261,0.0203725006261,57.79420044279663,29.75821683608692,55.194206182005516,0.5958164994102746,0.30678574057821567,0.5690124348660363,AlphaSparse 248af573c867cf4c7e05d40c611c7c34ebac4715,CUDA,13040,13000,2026-10-06T07:07:14.817472+00:00,derived,csr-alg1,0,0,,,,5,20,4,true
3,A100-SXM4-80GB-suitesparse_all-fp64-n2-row-major-AlphaSparse-SpMM-CSR-pre-plus-solve,AlphaSparse-SpMM-CSR-best-pre-plus-solve,AlphaSparseLib CSR PER MATRIX BEST,per-matrix-best,AlphaSparse-SpMM-CSR,best,pre-plus-solve,"csr-alg1,csr-alg2,csr-alg3,csr-alg4,csr-alg5",manual-selection,csr,ALPHASPARSE_SPMM_CSR_ALG5,workspace-setup,spmm.csr.fp64,fp64,A100-SXM4-80GB,A100-SXM4-80GB,,9700.0,d94c6f41-d28e-5f45-abb9-189a8a3b4f78,suitesparse_all,Cylshell/s2rmt3m1,s2rmt3m1,5489,5489,219521,2,row-major,N,N,1.0,0.0,20260922,main,pass,pass,0,0,878084.0,0.01339,0.0154719993472,0.0288619993472,0.0161414993472,56.75310477303689,30.423533360837173,54.39915965131935,0.5850835543612051,0.31364467382306366,0.560816078879581,AlphaSparse 248af573c867cf4c7e05d40c611c7c34ebac4715,CUDA,13040,13000,2026-10-06T03:35:43.824311+00:00,derived,csr-alg5,0,0,,,,5,20,4,true
3,A100-SXM4-80GB-suitesparse_all-fp64-n2-row-major-AlphaSparse-SpMM-CSR-pre-plus-solve,AlphaSparse-SpMM-CSR-best-pre-plus-solve,AlphaSparseLib CSR PER MATRIX BEST,per-matrix-best,AlphaSparse-SpMM-CSR,best,pre-plus-solve,"csr-alg1,csr-alg2,csr-alg3,csr-alg4,csr-alg5",manual-selection,csr,ALPHASPARSE_SPMM_CSR_ALG3,workspace-setup,spmm.csr.fp64,fp64,A100-SXM4-80GB,A100-SXM4-80GB,,9700.0,dd6a9a30-d69d-5ea7-834e-7b0f3242a57c,suitesparse_all,Cylshell/s3rmq4m1,s3rmq4m1,5489,5489,281111,2,row-major,N,N,1.0,0.0,20260922,main,pass,pass,0,0,1124444.0,0.01421,0.0183904007077,0.0326004007077,0.0191009007077,61.14298529282176,34.49172327916858,58.868637516486935,0.6303400545651728,0.35558477607390293,0.6068931702730612,AlphaSparse 248af573c867cf4c7e05d40c611c7c34ebac4715,CUDA,13040,13000,2026-10-06T21:09:16.369035+00:00,derived,csr-alg3,0,0,,,,5,20,4,true
3,A100-SXM4-80GB-suitesparse_all-fp64-n2-row-major-AlphaSparse-SpMM-CSR-pre-plus-solve,AlphaSparse-SpMM-CSR-best-pre-plus-solve,AlphaSparseLib CSR PER MATRIX BEST,per-matrix-best,AlphaSparse-SpMM-CSR,best,pre-plus-solve,"csr-alg1,csr-alg2,csr-alg3,csr-alg4,csr-alg5",manual-selection,csr,ALPHASPARSE_SPMM_CSR_ALG5,workspace-setup,spmm.csr.fp64,fp64,A100-SXM4-80GB,A100-SXM4-80GB,,9700.0,018f64fd-81d1-5f6a-986f-7d386c913e5c,suitesparse_all,Cylshell/s3rmt3m1,s3rmt3m1,5489,5489,219521,2,row-major,N,N,1.0,0.0,20260922,main,pass,pass,0,0,878084.0,0.01373,0.0159743994474,0.0297043994474,0.0166608994474,54.9682010200964,29.560739026382098,52.70327708129999,0.5666824847432619,0.30474988686991855,0.5433327534154638,AlphaSparse 248af573c867cf4c7e05d40c611c7c34ebac4715,CUDA,13040,13000,2026-10-06T23:10:25.938087+00:00,derived,csr-alg5,0,0,,,,5,20,4,true
3,A100-SXM4-80GB-suitesparse_all-fp64-n2-row-major-AlphaSparse-SpMM-CSR-pre-plus-solve,AlphaSparse-SpMM-CSR-best-pre-plus-solve,AlphaSparseLib CSR PER MATRIX BEST,per-matrix-best,AlphaSparse-SpMM-CSR,best,pre-plus-solve,"csr-alg1,csr-alg2,csr-alg3,csr-alg4,csr-alg5",manual-selection,csr,ALPHASPARSE_SPMM_CSR_ALG5,workspace-setup,spmm.csr.fp64,fp64,A100-SXM4-80GB,A100-SXM4-80GB,,9700.0,dd6a9a30-d69d-5ea7-834e-7b0f3242a57c,suitesparse_all,Dattorro/EternityII_A,EternityII_A,7362,150638,782087,2,row-major,N,N,1.0,0.0,20260922,main,pass,pass,0,0,3128348.0,0.01518,0.0339967995882,0.0491767995882,0.0347557995882,92.01889701070048,63.614306465576675,90.009380795892,0.9486484227907266,0.6558175924286256,0.9279317607823917,AlphaSparse 248af573c867cf4c7e05d40c611c7c34ebac4715,CUDA,13040,13000,2026-10-06T22:27:13.087663+00:00,derived,csr-alg5,0,0,,,,5,20,4,true
3,A100-SXM4-80GB-suitesparse_all-fp64-n2-row-major-AlphaSparse-SpMM-CSR-pre-plus-solve,AlphaSparse-SpMM-CSR-best-pre-plus-solve,AlphaSparseLib CSR PER MATRIX BEST,per-matrix-best,AlphaSparse-SpMM-CSR,best,pre-plus-solve,"csr-alg1,csr-alg2,csr-alg3,csr-alg4,csr-alg5",manual-selection,csr,ALPHASPARSE_SPMM_CSR_ALG5,workspace-setup,spmm.csr.fp64,fp64,A100-SXM4-80GB,A100-SXM4-80GB,,9700.0,152f8cc9-7213-5fba-8430-8cd9341fa530,suitesparse_all,Dattorro/EternityII_E,EternityII_E,11077,262144,1503732,2,row-major,N,N,1.0,0.0,20260922,main,pass,pass,0,0,6014928.0,0.019329,0.0556544005871,0.0749834005871,0.0566208505871,108.07641330332082,80.21679402247325,106.23167857125743,1.1141898278692868,0.8269772579636416,1.0951719440335819,AlphaSparse 248af573c867cf4c7e05d40c611c7c34ebac4715,CUDA,13040,13000,2026-10-08T02:25:30.224905+00:00,derived,csr-alg5,0,0,,,,5,20,4,true
3,A100-SXM4-80GB-suitesparse_all-fp64-n2-row-major-AlphaSparse-SpMM-CSR-pre-plus-solve,AlphaSparse-SpMM-CSR-best-pre-plus-solve,AlphaSparseLib CSR PER MATRIX BEST,per-matrix-best,AlphaSparse-SpMM-CSR,best,pre-plus-solve,"csr-alg1,csr-alg2,csr-alg3,csr-alg4,csr-alg5",manual-selection,csr,ALPHASPARSE_SPMM_CSR_ALG5,workspace-setup,spmm.csr.fp64,fp64,A100-SXM4-80GB,A100-SXM4-80GB,,9700.0,a0827285-e98d-55a9-b486-73107367c8f5,suitesparse_all,Dattorro/EternityII_Etilde,EternityII_Etilde,10054,204304,1170516,2,row-major,N,N,1.0,0.0,20260922,main,pass,pass,0,0,4682064.0,0.01927,0.0451584011316,0.0644284011316,0.0461219011316,103.6809072658616,72.67080849075428,101.51498279831588,1.0688753326377485,0.7491835926881885,1.0465462144156277,AlphaSparse 248af573c867cf4c7e05d40c611c7c34ebac4715,CUDA,13040,13000,2026-10-06T09:02:40.886189+00:00,derived,csr-alg5,0,0,,,,5,20,4,true
3,A100-SXM4-80GB-suitesparse_all-fp64-n2-row-major-AlphaSparse-SpMM-CSR-pre-plus-solve,AlphaSparse-SpMM-CSR-best-pre-plus-solve,AlphaSparseLib CSR PER MATRIX BEST,per-matrix-best,AlphaSparse-SpMM-CSR,best,pre-plus-solve,"csr-alg1,csr-alg2,csr-alg3,csr-alg4,csr-alg5",manual-selection,csr,ALPHASPARSE_SPMM_CSR_ALG5,workspace-setup,spmm.csr.fp64,fp64,A100-SXM4-80GB,A100-SXM4-80GB,,9700.0,005fdebf-9ece-5bc0-9d3c-6fda0356699d,suitesparse_all,Davis/FX_March2010,FX_March2010,1319,9498,301899,2,row-major,N,N,1.0,0.0,20260922,main,pass,pass,0,0,1207596.0,0.02052,0.0245728000998,0.0450928000998,0.0255988000998,49.143605738681316,26.78023980163867,47.17392984405682,0.5066351107080548,0.27608494640864606,0.4863291736500703,AlphaSparse 248af573c867cf4c7e05d40c611c7c34ebac4715,CUDA,13040,13000,2026-10-08T15:44:25.704172+00:00,derived,csr-alg5,0,0,,,,5,20,4,true
3,A100-SXM4-80GB-suitesparse_all-fp64-n2-row-major-AlphaSparse-SpMM-CSR-pre-plus-solve,AlphaSparse-SpMM-CSR-best-pre-plus-solve,AlphaSparseLib CSR PER MATRIX BEST,per-matrix-best,AlphaSparse-SpMM-CSR,best,pre-plus-solve,"csr-alg1,csr-alg2,csr-alg3,csr-alg4,csr-alg5",manual-selection,csr,ALPHASPARSE_SPMM_CSR_ALG1,workspace-setup,spmm.csr.fp64,fp64,A100-SXM4-80GB,A100-SXM4-80GB,,9700.0,d94c6f41-d28e-5f45-abb9-189a8a3b4f78,suitesparse_all,Dehghani/light_in_tissue,light_in_tissue,29282,29282,406084,2,row-major,N,N,1.0,0.0,20260922,main,pass,pass,0,0,1624336.0,0.01476,0.0126463994384,0.0274063994384,0.0133843994384,128.4425664326089,59.26849324556256,121.3603947996173,1.3241501694083393,0.6110153942841501,1.251138090717704,AlphaSparse 248af573c867cf4c7e05d40c611c7c34ebac4715,CUDA,13040,13000,2026-10-06T01:53:42.009067+00:00,derived,csr-alg1,0,0,,,,5,20,4,true
3,A100-SXM4-80GB-suitesparse_all-fp64-n2-row-major-AlphaSparse-SpMM-CSR-pre-plus-solve,AlphaSparse-SpMM-CSR-best-pre-plus-solve,AlphaSparseLib CSR PER MATRIX BEST,per-matrix-best,AlphaSparse-SpMM-CSR,best,pre-plus-solve,"csr-alg1,csr-alg2,csr-alg3,csr-alg4,csr-alg5",manual-selection,csr,ALPHASPARSE_SPMM_CSR_ALG1,workspace-setup,spmm.csr.fp64,fp64,A100-SXM4-80GB,A100-SXM4-80GB,,9700.0,152f8cc9-7213-5fba-8430-8cd9341fa530,suitesparse_all,DIMACS10/144,144,144649,144649,2148786,2,row-major,N,N,1.0,0.0,20260922,main,pass,pass,0,0,8595144.0,0.025789,0.0524800002575,0.0782690002575,0.0537694502575,163.77941992810213,109.81543103556359,159.8518109974746,1.6884476281247642,1.1321178457274599,1.6479568144069545,AlphaSparse 248af573c867cf4c7e05d40c611c7c34ebac4715,CUDA,13040,13000,2026-10-07T22:36:06.061165+00:00,derived,csr-alg1,0,0,,,,5,20,4,true
3,A100-SXM4-80GB-suitesparse_all-fp64-n2-row-major-AlphaSparse-SpMM-CSR-pre-plus-solve,AlphaSparse-SpMM-CSR-best-pre-plus-solve,AlphaSparseLib CSR PER MATRIX BEST,per-matrix-best,AlphaSparse-SpMM-CSR,best,pre-plus-solve,"csr-alg1,csr-alg2,csr-alg3,csr-alg4,csr-alg5",manual-selection,csr,ALPHASPARSE_SPMM_CSR_ALG2,workspace-setup,spmm.csr.fp64,fp64,A100-SXM4-80GB,A100-SXM4-80GB,,9700.0,d94c6f41-d28e-5f45-abb9-189a8a3b4f78,suitesparse_all,DIMACS10/333SP,333SP,3712815,3712815,22217266,2,row-major,N,N,1.0,0.0,20260922,main,pass,pass,0,0,88869064.0,0.40142,1.15318241119,1.55460241119,1.17325341119,77.06418614926118,57.16513969123043,75.7458390083541,0.7944761458686719,0.5893313370229941,0.7808849382304546,AlphaSparse 248af573c867cf4c7e05d40c611c7c34ebac4715,CUDA,13040,13000,2026-10-06T02:39:30.096813+00:00,derived,csr-alg2,0,0,,,,5,20,4,true
3,A100-SXM4-80GB-suitesparse_all-fp64-n2-row-major-AlphaSparse-SpMM-CSR-pre-plus-solve,AlphaSparse-SpMM-CSR-best-pre-plus-solve,AlphaSparseLib CSR PER MATRIX BEST,per-matrix-best,AlphaSparse-SpMM-CSR,best,pre-plus-solve,"csr-alg1,csr-alg2,csr-alg3,csr-alg4,csr-alg5",manual-selection,csr,ALPHASPARSE_SPMM_CSR_ALG1,workspace-setup,spmm.csr.fp64,fp64,A100-SXM4-80GB,A100-SXM4-80GB,,9700.0,a0827285-e98d-55a9-b486-73107367c8f5,suitesparse_all,DIMACS10/598a,598a,110971,110971,1483868,2,row-major,N,N,1.0,0.0,20260922,main,pass,pass,0,0,5935472.0,0.02236,0.0348159998655,0.0571759998655,0.0359339998655,170.48115874683236,103.81055012527142,165.17704742629022,1.7575377190395087,1.070211856961561,1.70285615903392,AlphaSparse 248af573c867cf4c7e05d40c611c7c34ebac4715,CUDA,13040,13000,2026-10-06T07:25:19.188972+00:00,derived,csr-alg1,0,0,,,,5,20,4,true
3,A100-SXM4-80GB-suitesparse_all-fp64-n2-row-major-AlphaSparse-SpMM-CSR-pre-plus-solve,AlphaSparse-SpMM-CSR-best-pre-plus-solve,AlphaSparseLib CSR PER MATRIX BEST,per-matrix-best,AlphaSparse-SpMM-CSR,best,pre-plus-solve,"csr-alg1,csr-alg2,csr-alg3,csr-alg4,csr-alg5",manual-selection,csr,ALPHASPARSE_SPMM_CSR_ALG1,workspace-setup,spmm.csr.fp64,fp64,A100-SXM4-80GB,A100-SXM4-80GB,,9700.0,dd6a9a30-d69d-5ea7-834e-7b0f3242a57c,suitesparse_all,DIMACS10/adaptive,adaptive,6815744,6815744,27248640,2,row-major,N,N,1.0,0.0,20260922,main,pass,pass,0,0,108994560.0,0.47261,0.743372821808,1.21598282181,0.767003321808,146.62166385758903,89.63495046563301,142.10441715307726,1.5115635449235982,0.9240716542848764,1.4649939912688377,AlphaSparse 248af573c867cf4c7e05d40c611c7c34ebac4715,CUDA,13040,13000,2026-10-06T20:04:38.474467+00:00,derived,csr-alg1,0,0,,,,5,20,4,true
3,A100-SXM4-80GB-suitesparse_all-fp64-n2-row-major-AlphaSparse-SpMM-CSR-pre-plus-solve,AlphaSparse-SpMM-CSR-best-pre-plus-solve,AlphaSparseLib CSR PER MATRIX BEST,per-matrix-best,AlphaSparse-SpMM-CSR,best,pre-plus-solve,"csr-alg1,csr-alg2,csr-alg3,csr-alg4,csr-alg5",manual-selection,csr,ALPHASPARSE_SPMM_CSR_ALG5,workspace-setup,spmm.csr.fp64,fp64,A100-SXM4-80GB,A100-SXM4-80GB,,9700.0,a0827285-e98d-55a9-b486-73107367c8f5,suitesparse_all,DIMACS10/ak2010,ak2010,45292,45292,217098,2,row-major,N,N,1.0,0.0,20260922,main,pass,pass,0,0,868392.0,0.02156,0.0189952000976,0.0405552000976,0.0200732000976,45.71639127453673,21.412593154765133,43.26126356423991,0.4713030028302756,0.2207483830388158,0.44599240787876193,AlphaSparse 248af573c867cf4c7e05d40c611c7c34ebac4715,CUDA,13040,13000,2026-10-06T09:18:03.894215+00:00,derived,csr-alg5,0,0,,,,5,20,4,true
3,A100-SXM4-80GB-suitesparse_all-fp64-n2-row-major-AlphaSparse-SpMM-CSR-pre-plus-solve,AlphaSparse-SpMM-CSR-best-pre-plus-solve,AlphaSparseLib CSR PER MATRIX BEST,per-matrix-best,AlphaSparse-SpMM-CSR,best,pre-plus-solve,"csr-alg1,csr-alg2,csr-alg3,csr-alg4,csr-alg5",manual-selection,csr,ALPHASPARSE_SPMM_CSR_ALG5,workspace-setup,spmm.csr.fp64,fp64,A100-SXM4-80GB,A100-SXM4-80GB,,9700.0,dd6a9a30-d69d-5ea7-834e-7b0f3242a57c,suitesparse_all,DIMACS10/al2010,al2010,252266,252266,1230482,2,row-major,N,N,1.0,0.0,20260922,main,pass,pass,0,0,4921928.0,0.02102,0.0488959997892,0.0699159997892,0.0499469997892,100.66115881093283,70.39773463641859,98.54301601243053,1.0377439052673487,0.7257498416125628,1.0159073815714486,AlphaSparse 248af573c867cf4c7e05d40c611c7c34ebac4715,CUDA,13040,13000,2026-10-06T22:36:00.352588+00:00,derived,csr-alg5,0,0,,,,5,20,4,true
3,A100-SXM4-80GB-suitesparse_all-fp64-n2-row-major-AlphaSparse-SpMM-CSR-pre-plus-solve,AlphaSparse-SpMM-CSR-best-pre-plus-solve,AlphaSparseLib CSR PER MATRIX BEST,per-matrix-best,AlphaSparse-SpMM-CSR,best,pre-plus-solve,"csr-alg1,csr-alg2,csr-alg3,csr-alg4,csr-alg5",manual-selection,csr,ALPHASPARSE_SPMM_CSR_ALG5,workspace-setup,spmm.csr.fp64,fp64,A100-SXM4-80GB,A100-SXM4-80GB,,9700.0,005fdebf-9ece-5bc0-9d3c-6fda0356699d,suitesparse_all,DIMACS10/ar2010,ar2010,186211,186211,904310,2,row-major,N,N,1.0,0.0,20260922,main,pass,pass,0,0,3617240.0,0.01581,0.0390480011702,0.0548580011702,0.0398385011702,92.63572760698811,65.93823914176733,90.79759262393557,0.9550075011029703,0.6797756612553333,0.9360576559168615,AlphaSparse 248af573c867cf4c7e05d40c611c7c34ebac4715,CUDA,13040,13000,2026-10-08T15:44:27.593602+00:00,derived,csr-alg5,0,0,,,,5,20,4,true
3,A100-SXM4-80GB-suitesparse_all-fp64-n2-row-major-AlphaSparse-SpMM-CSR-pre-plus-solve,AlphaSparse-SpMM-CSR-best-pre-plus-solve,AlphaSparseLib CSR PER MATRIX BEST,per-matrix-best,AlphaSparse-SpMM-CSR,best,pre-plus-solve,"csr-alg1,csr-alg2,csr-alg3,csr-alg4,csr-alg5",manual-selection,csr,ALPHASPARSE_SPMM_CSR_ALG1,workspace-setup,spmm.csr.fp64,fp64,A100-SXM4-80GB,A100-SXM4-80GB,,9700.0,018f64fd-81d1-5f6a-986f-7d386c913e5c,suitesparse_all,DIMACS10/AS365,AS365,3799275,3799275,22736152,2,row-major,N,N,1.0,0.0,20260922,main,pass,pass,0,0,90944608.0,0.46861,0.927999973297,1.3966099733,0.951430473297,98.0006579923616,65.11811439031202,95.58723475068955,1.0103160617769236,0.6713207669104332,0.9854354098009231,AlphaSparse 248af573c867cf4c7e05d40c611c7c34ebac4715,CUDA,13040,13000,2026-10-06T20:38:08.254596+00:00,derived,csr-alg1,0,0,,,,5,20,4,true
3,A100-SXM4-80GB-suitesparse_all-fp64-n2-row-major-AlphaSparse-SpMM-CSR-pre-plus-solve,AlphaSparse-SpMM-CSR-best-pre-plus-solve,AlphaSparseLib CSR PER MATRIX BEST,per-matrix-best,AlphaSparse-SpMM-CSR,best,pre-plus-solve,"csr-alg1,csr-alg2,csr-alg3,csr-alg4,csr-alg5",manual-selection,csr,ALPHASPARSE_SPMM_CSR_ALG1,workspace-setup,spmm.csr.fp64,fp64,A100-SXM4-80GB,A100-SXM4-80GB,,9700.0,152f8cc9-7213-5fba-8430-8cd9341fa530,suitesparse_all,DIMACS10/asia_osm,asia_osm,11950757,11950757,25423206,2,row-major,N,N,1.0,0.0,20260922,main,pass,pass,0,0,101692824.0,0.38131,1.0850815773,1.4663915773,1.1041470773,93.71905866565486,69.34902353111055,92.10079534754749,0.9661758625325243,0.7149383869186654,0.9494927355417268,AlphaSparse 248af573c867cf4c7e05d40c611c7c34ebac4715,CUDA,13040,13000,2026-10-07T22:36:04.950320+00:00,derived,csr-alg1,0,0,,,,5,20,4,true
3,A100-SXM4-80GB-suitesparse_all-fp64-n2-row-major-AlphaSparse-SpMM-CSR-pre-plus-solve,AlphaSparse-SpMM-CSR-best-pre-plus-solve,AlphaSparseLib CSR PER MATRIX BEST,per-matrix-best,AlphaSparse-SpMM-CSR,best,pre-plus-solve,"csr-alg1,csr-alg2,csr-alg3,csr-alg4,csr-alg5",manual-selection,csr,ALPHASPARSE_SPMM_CSR_ALG4,workspace-setup,spmm.csr.fp64,fp64,A100-SXM4-80GB,A100-SXM4-80GB,,9700.0,dd6a9a30-d69d-5ea7-834e-7b0f3242a57c,suitesparse_all,DIMACS10/auto,auto,448695,448695,6629222,2,row-major,N,N,1.0,0.0,20260922,main,pass,pass,0,0,26516888.0,0.03273,0.215705609322,0.248435609322,0.217342109322,122.93091534961543,106.73545580831443,122.00529424656636,1.2673290242228397,1.100365523797056,1.2577865386243956,AlphaSparse 248af573c867cf4c7e05d40c611c7c34ebac4715,CUDA,13040,13000,2026-10-06T21:58:11.664379+00:00,derived,csr-alg4,0,0,,,,5,20,4,true
3,A100-SXM4-80GB-suitesparse_all-fp64-n2-row-major-AlphaSparse-SpMM-CSR-pre-plus-solve,AlphaSparse-SpMM-CSR-best-pre-plus-solve,AlphaSparseLib CSR PER MATRIX BEST,per-matrix-best,AlphaSparse-SpMM-CSR,best,pre-plus-solve,"csr-alg1,csr-alg2,csr-alg3,csr-alg4,csr-alg5",manual-selection,csr,ALPHASPARSE_SPMM_CSR_ALG5,workspace-setup,spmm.csr.fp64,fp64,A100-SXM4-80GB,A100-SXM4-80GB,,9700.0,d94c6f41-d28e-5f45-abb9-189a8a3b4f78,suitesparse_all,DIMACS10/az2010,az2010,241666,241666,1196094,2,row-major,N,N,1.0,0.0,20260922,main,pass,pass,0,0,4784376.0,0.01858,0.0415232002735,0.0601032002735,0.0424522002735,115.22175478977657,79.602683022346,112.70030691404604,1.187853142162645,0.8206462167252164,1.161858834165423,AlphaSparse 248af573c867cf4c7e05d40c611c7c34ebac4715,CUDA,13040,13000,2026-10-06T03:52:30.453196+00:00,derived,csr-alg5,0,0,,,,5,20,4,true
3,A100-SXM4-80GB-suitesparse_all-fp64-n2-row-major-AlphaSparse-SpMM-CSR-pre-plus-solve,AlphaSparse-SpMM-CSR-best-pre-plus-solve,AlphaSparseLib CSR PER MATRIX BEST,per-matrix-best,AlphaSparse-SpMM-CSR,best,pre-plus-solve,"csr-alg1,csr-alg2,csr-alg3,csr-alg4,csr-alg5",manual-selection,csr,ALPHASPARSE_SPMM_CSR_ALG1,workspace-setup,spmm.csr.fp64,fp64,A100-SXM4-80GB,A100-SXM4-80GB,,9700.0,a0827285-e98d-55a9-b486-73107367c8f5,suitesparse_all,DIMACS10/belgium_osm,belgium_osm,1441295,1441295,3099940,2,row-major,N,N,1.0,0.0,20260922,main,pass,pass,0,0,12399760.0,0.29068,0.141107201576,0.431787201576,0.155641201576,87.87474956281035,28.71729396967197,79.66887864165689,0.9059252532248491,0.29605457700692756,0.8213286457902771,AlphaSparse 248af573c867cf4c7e05d40c611c7c34ebac4715,CUDA,13040,13000,2026-10-06T07:25:17.598987+00:00,derived,csr-alg1,0,0,,,,5,20,4,true
3,A100-SXM4-80GB-suitesparse_all-fp64-n2-row-major-AlphaSparse-SpMM-CSR-pre-plus-solve,AlphaSparse-SpMM-CSR-best-pre-plus-solve,AlphaSparseLib CSR PER MATRIX BEST,per-matrix-best,AlphaSparse-SpMM-CSR,best,pre-plus-solve,"csr-alg1,csr-alg2,csr-alg3,csr-alg4,csr-alg5",manual-selection,csr,ALPHASPARSE_SPMM_CSR_ALG3,workspace-setup,spmm.csr.fp64,fp64,A100-SXM4-80GB,A100-SXM4-80GB,,9700.0,018f64fd-81d1-5f6a-986f-7d386c913e5c,suitesparse_all,DIMACS10/ca2010,ca2010,710145,710145,3489366,2,row-major,N,N,1.0,0.0,20260922,main,pass,pass,0,0,13957464.0,0.34837,0.193996798992,0.542366798992,0.211415298992,71.94687784810085,25.734362844370704,66.01917678875336,0.7417203901866067,0.26530270973578046,0.680610069987148,AlphaSparse 248af573c867cf4c7e05d40c611c7c34ebac4715,CUDA,13040,13000,2026-10-06T22:03:14.994008+00:00,derived,csr-alg3,0,0,,,,5,20,4,true
3,A100-SXM4-80GB-suitesparse_all-fp64-n2-row-major-AlphaSparse-SpMM-CSR-pre-plus-solve,AlphaSparse-SpMM-CSR-best-pre-plus-solve,AlphaSparseLib CSR PER MATRIX BEST,per-matrix-best,AlphaSparse-SpMM-CSR,best,pre-plus-solve,"csr-alg1,csr-alg2,csr-alg3,csr-alg4,csr-alg5",manual-selection,csr,ALPHASPARSE_SPMM_CSR_ALG5,workspace-setup,spmm.csr.fp64,fp64,A100-SXM4-80GB,A100-SXM4-80GB,,9700.0,005fdebf-9ece-5bc0-9d3c-6fda0356699d,suitesparse_all,DIMACS10/caidaRouterLevel,caidaRouterLevel,192244,192244,1218132,2,row-major,N,N,1.0,0.0,20260922,main,pass,pass,0,0,4872528.0,0.0182,0.0412160009146,0.0594160009146,0.0421260009146,118.21932967480107,82.00700021873566,115.6655721932362,1.218755976028877,0.8454329919457284,1.1924285793117133,AlphaSparse 248af573c867cf4c7e05d40c611c7c34ebac4715,CUDA,13040,13000,2026-10-08T15:42:22.721703+00:00,derived,csr-alg5,0,0,,,,5,20,4,true
3,A100-SXM4-80GB-suitesparse_all-fp64-n2-row-major-AlphaSparse-SpMM-CSR-pre-plus-solve,AlphaSparse-SpMM-CSR-best-pre-plus-solve,AlphaSparseLib CSR PER MATRIX BEST,per-matrix-best,AlphaSparse-SpMM-CSR,best,pre-plus-solve,"csr-alg1,csr-alg2,csr-alg3,csr-alg4,csr-alg5",manual-selection,csr,ALPHASPARSE_SPMM_CSR_ALG1,workspace-setup,spmm.csr.fp64,fp64,A100-SXM4-80GB,A100-SXM4-80GB,,9700.0,005fdebf-9ece-5bc0-9d3c-6fda0356699d,suitesparse_all,DIMACS10/channel-500x100x100-b050,channel-500x100x100-b050,4802000,4802000,85362744,2,row-major,N,N,1.0,0.0,20260922,main,pass,pass,0,0,341450976.0,0.41459,1.31870718002,1.73329718002,1.33943668002,258.9285788182494,196.99505655231036,254.92132707228953,2.6693667919407154,2.030876871673303,2.628054918271026,AlphaSparse 248af573c867cf4c7e05d40c611c7c34ebac4715,CUDA,13040,13000,2026-10-08T14:05:45.936778+00:00,derived,csr-alg1,0,0,,,,5,20,4,true
3,A100-SXM4-80GB-suitesparse_all-fp64-n2-row-major-AlphaSparse-SpMM-CSR-pre-plus-solve,AlphaSparse-SpMM-CSR-best-pre-plus-solve,AlphaSparseLib CSR PER MATRIX BEST,per-matrix-best,AlphaSparse-SpMM-CSR,best,pre-plus-solve,"csr-alg1,csr-alg2,csr-alg3,csr-alg4,csr-alg5",manual-selection,csr,ALPHASPARSE_SPMM_CSR_ALG3,workspace-setup,spmm.csr.fp64,fp64,A100-SXM4-80GB,A100-SXM4-80GB,,9700.0,d94c6f41-d28e-5f45-abb9-189a8a3b4f78,suitesparse_all,DIMACS10/chesapeake,chesapeake,39,39,340,2,row-major,N,N,1.0,0.0,20260922,main,pass,pass,0,0,1360.0,0.01249,0.0115199998021,0.0240099998021,0.0121444998021,0.11805555758361065,0.05664306585629582,0.11198485093349268,0.0012170676039547491,0.0005839491325391321,0.0011544829993143575,AlphaSparse 248af573c867cf4c7e05d40c611c7c34ebac4715,CUDA,13040,13000,2026-10-06T03:02:17.024978+00:00,derived,csr-alg3,0,0,,,,5,20,4,true
3,A100-SXM4-80GB-suitesparse_all-fp64-n2-row-major-AlphaSparse-SpMM-CSR-pre-plus-solve,AlphaSparse-SpMM-CSR-best-pre-plus-solve,AlphaSparseLib CSR PER MATRIX BEST,per-matrix-best,AlphaSparse-SpMM-CSR,best,pre-plus-solve,"csr-alg1,csr-alg2,csr-alg3,csr-alg4,csr-alg5",manual-selection,csr,ALPHASPARSE_SPMM_CSR_ALG5,workspace-setup,spmm.csr.fp64,fp64,A100-SXM4-80GB,A100-SXM4-80GB,,9700.0,752b02ae-c4ef-54eb-ad5c-0957985c94ee,suitesparse_all,DIMACS10/citationCiteseer,citationCiteseer,268495,268495,2313294,2,row-major,N,N,1.0,0.0,20260922,main,pass,pass,0,0,9253176.0,0.03382,0.0937471985817,0.127567198582,0.0954381985817,98.70349343757643,72.5356996379604,96.95463805384807,1.017561788016252,0.7477907179171176,0.9995323510705987,AlphaSparse 248af573c867cf4c7e05d40c611c7c34ebac4715,CUDA,13040,13000,2026-10-08T08:11:49.336879+00:00,derived,csr-alg5,0,0,,,,5,20,4,true
3,A100-SXM4-80GB-suitesparse_all-fp64-n2-row-major-AlphaSparse-SpMM-CSR-pre-plus-solve,AlphaSparse-SpMM-CSR-best-pre-plus-solve,AlphaSparseLib CSR PER MATRIX BEST,per-matrix-best,AlphaSparse-SpMM-CSR,best,pre-plus-solve,"csr-alg1,csr-alg2,csr-alg3,csr-alg4,csr-alg5",manual-selection,csr,ALPHASPARSE_SPMM_CSR_ALG5,workspace-setup,spmm.csr.fp64,fp64,A100-SXM4-80GB,A100-SXM4-80GB,,9700.0,152f8cc9-7213-5fba-8430-8cd9341fa530,suitesparse_all,DIMACS10/coAuthorsCiteseer,coAuthorsCiteseer,227320,227320,1628268,2,row-major,N,N,1.0,0.0,20260922,main,pass,pass,0,0,6513072.0,0.027469,0.0612352013588,0.0887042013588,0.0626086513588,106.36156745590613,73.42461687530727,104.02830692957501,1.096511004700063,0.7569548131474976,1.0724567724698455,AlphaSparse 248af573c867cf4c7e05d40c611c7c34ebac4715,CUDA,13040,13000,2026-10-08T02:29:45.802920+00:00,derived,csr-alg5,0,0,,,,5,20,4,true
3,A100-SXM4-80GB-suitesparse_all-fp64-n2-row-major-AlphaSparse-SpMM-CSR-pre-plus-solve,AlphaSparse-SpMM-CSR-best-pre-plus-solve,AlphaSparseLib CSR PER MATRIX BEST,per-matrix-best,AlphaSparse-SpMM-CSR,best,pre-plus-solve,"csr-alg1,csr-alg2,csr-alg3,csr-alg4,csr-alg5",manual-selection,csr,ALPHASPARSE_SPMM_CSR_ALG5,workspace-setup,spmm.csr.fp64,fp64,A100-SXM4-80GB,A100-SXM4-80GB,,9700.0,a0827285-e98d-55a9-b486-73107367c8f5,suitesparse_all,DIMACS10/coAuthorsDBLP,coAuthorsDBLP,299067,299067,1955352,2,row-major,N,N,1.0,0.0,20260922,main,pass,pass,0,0,7821408.0,0.02126,0.0798207998276,0.101080799828,0.0808837998276,97.98709129566447,77.37778107522871,96.69931453110465,1.010176198924376,0.7977090832497806,0.9969001498052025,AlphaSparse 248af573c867cf4c7e05d40c611c7c34ebac4715,CUDA,13040,13000,2026-10-06T09:15:36.295234+00:00,derived,csr-alg5,0,0,,,,5,20,4,true
3,A100-SXM4-80GB-suitesparse_all-fp64-n2-row-major-AlphaSparse-SpMM-CSR-pre-plus-solve,AlphaSparse-SpMM-CSR-best-pre-plus-solve,AlphaSparseLib CSR PER MATRIX BEST,per-matrix-best,AlphaSparse-SpMM-CSR,best,pre-plus-solve,"csr-alg1,csr-alg2,csr-alg3,csr-alg4,csr-alg5",manual-selection,csr,ALPHASPARSE_SPMM_CSR_ALG1,workspace-setup,spmm.csr.fp64,fp64,A100-SXM4-80GB,A100-SXM4-80GB,,9700.0,dd6a9a30-d69d-5ea7-834e-7b0f3242a57c,suitesparse_all,DIMACS10/coPapersCiteseer,coPapersCiteseer,434102,434102,32073440,2,row-major,N,N,1.0,0.0,20260922,main,pass,pass,0,0,128293760.0,0.05159,0.759705591202,0.811295591202,0.762285091202,168.87299696848967,158.13442275696633,168.30154686313165,1.7409587316339143,1.6302517809996526,1.7350674934343466,AlphaSparse 248af573c867cf4c7e05d40c611c7c34ebac4715,CUDA,13040,13000,2026-10-06T20:03:55.811588+00:00,derived,csr-alg1,0,0,,,,5,20,4,true
3,A100-SXM4-80GB-suitesparse_all-fp64-n2-row-major-AlphaSparse-SpMM-CSR-pre-plus-solve,AlphaSparse-SpMM-CSR-best-pre-plus-solve,AlphaSparseLib CSR PER MATRIX BEST,per-matrix-best,AlphaSparse-SpMM-CSR,best,pre-plus-solve,"csr-alg1,csr-alg2,csr-alg3,csr-alg4,csr-alg5",manual-selection,csr,ALPHASPARSE_SPMM_CSR_ALG3,workspace-setup,spmm.csr.fp64,fp64,A100-SXM4-80GB,A100-SXM4-80GB,,9700.0,005fdebf-9ece-5bc0-9d3c-6fda0356699d,suitesparse_all,DIMACS10/coPapersDBLP,coPapersDBLP,540486,540486,30491458,2,row-major,N,N,1.0,0.0,20260922,main,pass,pass,0,0,121965832.0,0.38442,1.26561279297,1.65003279297,1.28483379297,96.36899427492676,73.91721699086105,94.92732263685706,0.9934947863394512,0.7620331648542377,0.9786321921325469,AlphaSparse 248af573c867cf4c7e05d40c611c7c34ebac4715,CUDA,13040,13000,2026-10-08T14:54:59.045400+00:00,derived,csr-alg3,0,0,,,,5,20,4,true
3,A100-SXM4-80GB-suitesparse_all-fp64-n2-row-major-AlphaSparse-SpMM-CSR-pre-plus-solve,AlphaSparse-SpMM-CSR-best-pre-plus-solve,AlphaSparseLib CSR PER MATRIX BEST,per-matrix-best,AlphaSparse-SpMM-CSR,best,pre-plus-solve,"csr-alg1,csr-alg2,csr-alg3,csr-alg4,csr-alg5",manual-selection,csr,ALPHASPARSE_SPMM_CSR_ALG1,workspace-setup,spmm.csr.fp64,fp64,A100-SXM4-80GB,A100-SXM4-80GB,,9700.0,005fdebf-9ece-5bc0-9d3c-6fda0356699d,suitesparse_all,DIMACS10/cs4,cs4,22499,22499,87716,2,row-major,N,N,1.0,0.0,20260922,main,pass,pass,0,0,350864.0,0.01384,0.00675840005279,0.0205984000528,0.00745040005279,51.91524580661017,17.03355596068764,47.09331009260498,0.535208719655775,0.17560366969781072,0.485498042191804,AlphaSparse 248af573c867cf4c7e05d40c611c7c34ebac4715,CUDA,13040,13000,2026-10-08T14:05:58.323685+00:00,derived,csr-alg1,0,0,,,,5,20,4,true
3,A100-SXM4-80GB-suitesparse_all-fp64-n2-row-major-AlphaSparse-SpMM-CSR-pre-plus-solve,AlphaSparse-SpMM-CSR-best-pre-plus-solve,AlphaSparseLib CSR PER MATRIX BEST,per-matrix-best,AlphaSparse-SpMM-CSR,best,pre-plus-solve,"csr-alg1,csr-alg2,csr-alg3,csr-alg4,csr-alg5",manual-selection,csr,ALPHASPARSE_SPMM_CSR_ALG5,workspace-setup,spmm.csr.fp64,fp64,A100-SXM4-80GB,A100-SXM4-80GB,,9700.0,752b02ae-c4ef-54eb-ad5c-0957985c94ee,suitesparse_all,DIMACS10/ct2010,ct2010,67578,67578,336352,2,row-major,N,N,1.0,0.0,20260922,main,pass,pass,0,0,1345408.0,0.01644,0.0229888007045,0.0394288007045,0.0238108007045,58.5244970929101,34.1224682455647,56.50410570803406,0.6033453308547434,0.35177802315015155,0.5825165536910728,AlphaSparse 248af573c867cf4c7e05d40c611c7c34ebac4715,CUDA,13040,13000,2026-10-08T08:14:30.895595+00:00,derived,csr-alg5,0,0,,,,5,20,4,true
3,A100-SXM4-80GB-suitesparse_all-fp64-n2-row-major-AlphaSparse-SpMM-CSR-pre-plus-solve,AlphaSparse-SpMM-CSR-best-pre-plus-solve,AlphaSparseLib CSR PER MATRIX BEST,per-matrix-best,AlphaSparse-SpMM-CSR,best,pre-plus-solve,"csr-alg1,csr-alg2,csr-alg3,csr-alg4,csr-alg5",manual-selection,csr,ALPHASPARSE_SPMM_CSR_ALG1,workspace-setup,spmm.csr.fp64,fp64,A100-SXM4-80GB,A100-SXM4-80GB,,9700.0,d94c6f41-d28e-5f45-abb9-189a8a3b4f78,suitesparse_all,DIMACS10/cti,cti,16840,16840,96464,2,row-major,N,N,1.0,0.0,20260922,main,pass,pass,0,0,385856.0,0.01617,0.00542719997466,0.0215971999747,0.00623569997466,71.09669844516331,17.8660196901455,61.878538346617404,0.7329556540738487,0.1841857700015,0.6379230757383237,AlphaSparse 248af573c867cf4c7e05d40c611c7c34ebac4715,CUDA,13040,13000,2026-10-06T02:08:56.232063+00:00,derived,csr-alg1,0,0,,,,5,20,4,true
3,A100-SXM4-80GB-suitesparse_all-fp64-n2-row-major-AlphaSparse-SpMM-CSR-pre-plus-solve,AlphaSparse-SpMM-CSR-best-pre-plus-solve,AlphaSparseLib CSR PER MATRIX BEST,per-matrix-best,AlphaSparse-SpMM-CSR,best,pre-plus-solve,"csr-alg1,csr-alg2,csr-alg3,csr-alg4,csr-alg5",manual-selection,csr,ALPHASPARSE_SPMM_CSR_ALG1,workspace-setup,spmm.csr.fp64,fp64,A100-SXM4-80GB,A100-SXM4-80GB,,9700.0,018f64fd-81d1-5f6a-986f-7d386c913e5c,suitesparse_all,DIMACS10/data,data,2851,2851,30186,2,row-major,N,N,1.0,0.0,20260922,main,pass,pass,0,0,120744.0,0.01536,0.00839679986238,0.0237567998624,0.00916479986238,14.379763955190441,5.082502723403505,13.174755784426273,0.14824498922876744,0.05239693529281964,0.13582222458171414,AlphaSparse 248af573c867cf4c7e05d40c611c7c34ebac4715,CUDA,13040,13000,2026-10-06T20:37:33.549204+00:00,derived,csr-alg1,0,0,,,,5,20,4,true
3,A100-SXM4-80GB-suitesparse_all-fp64-n2-row-major-AlphaSparse-SpMM-CSR-pre-plus-solve,AlphaSparse-SpMM-CSR-best-pre-plus-solve,AlphaSparseLib CSR PER MATRIX BEST,per-matrix-best,AlphaSparse-SpMM-CSR,best,pre-plus-solve,"csr-alg1,csr-alg2,csr-alg3,csr-alg4,csr-alg5",manual-selection,csr,ALPHASPARSE_SPMM_CSR_ALG5,workspace-setup,spmm.csr.fp64,fp64,A100-SXM4-80GB,A100-SXM4-80GB,,9700.0,152f8cc9-7213-5fba-8430-8cd9341fa530,suitesparse_all,DIMACS10/de2010,de2010,24115,24115,116056,2,row-major,N,N,1.0,0.0,20260922,main,pass,pass,0,0,464224.0,0.02534,0.0161791995168,0.0415191995168,0.0174461995168,28.69264326198361,11.180947739904283,26.608889778714882,0.295800445999831,0.11526750247324002,0.27431845132695754,AlphaSparse 248af573c867cf4c7e05d40c611c7c34ebac4715,CUDA,13040,13000,2026-10-08T02:32:38.670244+00:00,derived,csr-alg5,0,0,,,,5,20,4,true
3,A100-SXM4-80GB-suitesparse_all-fp64-n2-row-major-AlphaSparse-SpMM-CSR-pre-plus-solve,AlphaSparse-SpMM-CSR-best-pre-plus-solve,AlphaSparseLib CSR PER MATRIX BEST,per-matrix-best,AlphaSparse-SpMM-CSR,best,pre-plus-solve,"csr-alg1,csr-alg2,csr-alg3,csr-alg4,csr-alg5",manual-selection,csr,ALPHASPARSE_SPMM_CSR_ALG1,workspace-setup,spmm.csr.fp64,fp64,A100-SXM4-80GB,A100-SXM4-80GB,,9700.0,d94c6f41-d28e-5f45-abb9-189a8a3b4f78,suitesparse_all,DIMACS10/delaunay_n10,delaunay_n10,1024,1024,6112,2,row-major,N,N,1.0,0.0,20260922,main,pass,pass,0,0,24448.0,0.01188,0.00727040022612,0.0191504002261,0.00786440022612,3.3626759517539218,1.276631282445989,3.1086922456973842,0.03466676238921569,0.013161147241711225,0.03204837366698334,AlphaSparse 248af573c867cf4c7e05d40c611c7c34ebac4715,CUDA,13040,13000,2026-10-06T02:08:08.200013+00:00,derived,csr-alg1,0,0,,,,5,20,4,true
3,A100-SXM4-80GB-suitesparse_all-fp64-n2-row-major-AlphaSparse-SpMM-CSR-pre-plus-solve,AlphaSparse-SpMM-CSR-best-pre-plus-solve,AlphaSparseLib CSR PER MATRIX BEST,per-matrix-best,AlphaSparse-SpMM-CSR,best,pre-plus-solve,"csr-alg1,csr-alg2,csr-alg3,csr-alg4,csr-alg5",manual-selection,csr,ALPHASPARSE_SPMM_CSR_ALG1,workspace-setup,spmm.csr.fp64,fp64,A100-SXM4-80GB,A100-SXM4-80GB,,9700.0,018f64fd-81d1-5f6a-986f-7d386c913e5c,suitesparse_all,DIMACS10/delaunay_n11,delaunay_n11,2048,2048,12254,2,row-major,N,N,1.0,0.0,20260922,main,pass,pass,0,0,49016.0,0.01415,0.00742399990559,0.0215739999056,0.00813149990559,6.602370773616625,2.2719940768738405,6.027916198622096,0.0680656780785219,0.02342261934921485,0.062143465965176246,AlphaSparse 248af573c867cf4c7e05d40c611c7c34ebac4715,CUDA,13040,13000,2026-10-06T20:36:44.557655+00:00,derived,csr-alg1,0,0,,,,5,20,4,true
3,A100-SXM4-80GB-suitesparse_all-fp64-n2-row-major-AlphaSparse-SpMM-CSR-pre-plus-solve,AlphaSparse-SpMM-CSR-best-pre-plus-solve,AlphaSparseLib CSR PER MATRIX BEST,per-matrix-best,AlphaSparse-SpMM-CSR,best,pre-plus-solve,"csr-alg1,csr-alg2,csr-alg3,csr-alg4,csr-alg5",manual-selection,csr,ALPHASPARSE_SPMM_CSR_ALG1,workspace-setup,spmm.csr.fp64,fp64,A100-SXM4-80GB,A100-SXM4-80GB,,9700.0,752b02ae-c4ef-54eb-ad5c-0957985c94ee,suitesparse_all,DIMACS10/delaunay_n13,delaunay_n13,8192,8192,49094,2,row-major,N,N,1.0,0.0,20260922,main,pass,pass,0,0,196376.0,0.01784,0.00855040028691,0.0263904002869,0.00944240028691,22.966877971857812,7.441190655129228,20.797254303255507,0.23677193785420428,0.07671330572298173,0.21440468353871658,AlphaSparse 248af573c867cf4c7e05d40c611c7c34ebac4715,CUDA,13040,13000,2026-10-08T03:48:10.687197+00:00,derived,csr-alg1,0,0,,,,5,20,4,true
3,A100-SXM4-80GB-suitesparse_all-fp64-n2-row-major-AlphaSparse-SpMM-CSR-pre-plus-solve,AlphaSparse-SpMM-CSR-best-pre-plus-solve,AlphaSparseLib CSR PER MATRIX BEST,per-matrix-best,AlphaSparse-SpMM-CSR,best,pre-plus-solve,"csr-alg1,csr-alg2,csr-alg3,csr-alg4,csr-alg5",manual-selection,csr,ALPHASPARSE_SPMM_CSR_ALG1,workspace-setup,spmm.csr.fp64,fp64,A100-SXM4-80GB,A100-SXM4-80GB,,9700.0,152f8cc9-7213-5fba-8430-8cd9341fa530,suitesparse_all,DIMACS10/delaunay_n14,delaunay_n14,16384,16384,98244,2,row-major,N,N,1.0,0.0,20260922,main,pass,pass,0,0,392976.0,0.01662,0.00926719978452,0.0258871997845,0.0100981997845,42.40504242246186,15.18032090266074,38.91545110874014,0.43716538579857583,0.15649815363567773,0.4011902176158778,AlphaSparse 248af573c867cf4c7e05d40c611c7c34ebac4715,CUDA,13040,13000,2026-10-07T22:35:03.298380+00:00,derived,csr-alg1,0,0,,,,5,20,4,true
3,A100-SXM4-80GB-suitesparse_all-fp64-n2-row-major-AlphaSparse-SpMM-CSR-pre-plus-solve,AlphaSparse-SpMM-CSR-best-pre-plus-solve,AlphaSparseLib CSR PER MATRIX BEST,per-matrix-best,AlphaSparse-SpMM-CSR,best,pre-plus-solve,"csr-alg1,csr-alg2,csr-alg3,csr-alg4,csr-alg5",manual-selection,csr,ALPHASPARSE_SPMM_CSR_ALG1,workspace-setup,spmm.csr.fp64,fp64,A100-SXM4-80GB,A100-SXM4-80GB,,9700.0,a0827285-e98d-55a9-b486-73107367c8f5,suitesparse_all,DIMACS10/delaunay_n15,delaunay_n15,32768,32768,196548,2,row-major,N,N,1.0,0.0,20260922,main,pass,pass,0,0,786192.0,0.01798,0.00865280032158,0.0266328003216,0.00955180032158,90.85983390131456,29.519689649847844,82.30825326444355,0.9366993185702532,0.3043266974211118,0.8485386934478716,AlphaSparse 248af573c867cf4c7e05d40c611c7c34ebac4715,CUDA,13040,13000,2026-10-06T07:23:48.564870+00:00,derived,csr-alg1,0,0,,,,5,20,4,true
3,A100-SXM4-80GB-suitesparse_all-fp64-n2-row-major-AlphaSparse-SpMM-CSR-pre-plus-solve,AlphaSparse-SpMM-CSR-best-pre-plus-solve,AlphaSparseLib CSR PER MATRIX BEST,per-matrix-best,AlphaSparse-SpMM-CSR,best,pre-plus-solve,"csr-alg1,csr-alg2,csr-alg3,csr-alg4,csr-alg5",manual-selection,csr,ALPHASPARSE_SPMM_CSR_ALG1,workspace-setup,spmm.csr.fp64,fp64,A100-SXM4-80GB,A100-SXM4-80GB,,9700.0,dd6a9a30-d69d-5ea7-834e-7b0f3242a57c,suitesparse_all,DIMACS10/delaunay_n16,delaunay_n16,65536,65536,393150,2,row-major,N,N,1.0,0.0,20260922,main,pass,pass,0,0,1572600.0,0.01758,0.0150015994906,0.0325815994906,0.0158805994906,104.82882181899275,48.26650700355288,99.02648832185768,1.0807095032885852,0.49759285570673073,1.0208916321841,AlphaSparse 248af573c867cf4c7e05d40c611c7c34ebac4715,CUDA,13040,13000,2026-10-06T20:03:56.689847+00:00,derived,csr-alg1,0,0,,,,5,20,4,true
3,A100-SXM4-80GB-suitesparse_all-fp64-n2-row-major-AlphaSparse-SpMM-CSR-pre-plus-solve,AlphaSparse-SpMM-CSR-best-pre-plus-solve,AlphaSparseLib CSR PER MATRIX BEST,per-matrix-best,AlphaSparse-SpMM-CSR,best,pre-plus-solve,"csr-alg1,csr-alg2,csr-alg3,csr-alg4,csr-alg5",manual-selection,csr,ALPHASPARSE_SPMM_CSR_ALG1,workspace-setup,spmm.csr.fp64,fp64,A100-SXM4-80GB,A100-SXM4-80GB,,9700.0,005fdebf-9ece-5bc0-9d3c-6fda0356699d,suitesparse_all,DIMACS10/delaunay_n17,delaunay_n17,131072,131072,786352,2,row-major,N,N,1.0,0.0,20260922,main,pass,pass,0,0,3145408.0,0.01979,0.0205824002624,0.0403724002624,0.0215719002624,152.8202716835724,77.9098587043736,145.81042753486452,1.5754667183873443,0.8031944196327176,1.5032002838645826,AlphaSparse 248af573c867cf4c7e05d40c611c7c34ebac4715,CUDA,13040,13000,2026-10-08T14:04:57.986710+00:00,derived,csr-alg1,0,0,,,,5,20,4,true
3,A100-SXM4-80GB-suitesparse_all-fp64-n2-row-major-AlphaSparse-SpMM-CSR-pre-plus-solve,AlphaSparse-SpMM-CSR-best-pre-plus-solve,AlphaSparseLib CSR PER MATRIX BEST,per-matrix-best,AlphaSparse-SpMM-CSR,best,pre-plus-solve,"csr-alg1,csr-alg2,csr-alg3,csr-alg4,csr-alg5",manual-selection,csr,ALPHASPARSE_SPMM_CSR_ALG1,workspace-setup,spmm.csr.fp64,fp64,A100-SXM4-80GB,A100-SXM4-80GB,,9700.0,d94c6f41-d28e-5f45-abb9-189a8a3b4f78,suitesparse_all,DIMACS10/delaunay_n18,delaunay_n18,262144,262144,1572792,2,row-major,N,N,1.0,0.0,20260922,main,pass,pass,0,0,6291168.0,0.02205,0.0419328004122,0.0639828004122,0.0430353004122,150.02976042996727,98.32592445891792,146.18622246718482,1.5466985611336832,1.0136693243187416,1.5070744584245857,AlphaSparse 248af573c867cf4c7e05d40c611c7c34ebac4715,CUDA,13040,13000,2026-10-06T02:08:09.694569+00:00,derived,csr-alg1,0,0,,,,5,20,4,true
3,A100-SXM4-80GB-suitesparse_all-fp64-n2-row-major-AlphaSparse-SpMM-CSR-pre-plus-solve,AlphaSparse-SpMM-CSR-best-pre-plus-solve,AlphaSparseLib CSR PER MATRIX BEST,per-matrix-best,AlphaSparse-SpMM-CSR,best,pre-plus-solve,"csr-alg1,csr-alg2,csr-alg3,csr-alg4,csr-alg5",manual-selection,csr,ALPHASPARSE_SPMM_CSR_ALG1,workspace-setup,spmm.csr.fp64,fp64,A100-SXM4-80GB,A100-SXM4-80GB,,9700.0,018f64fd-81d1-5f6a-986f-7d386c913e5c,suitesparse_all,DIMACS10/delaunay_n19,delaunay_n19,524288,524288,3145646,2,row-major,N,N,1.0,0.0,20260922,main,pass,pass,0,0,12582584.0,0.29315,0.089087998867,0.382237998867,0.103745498867,141.23769935369873,32.91819242800641,121.28317987203148,1.4560587562236982,0.33936280853614853,1.250342060536407,AlphaSparse 248af573c867cf4c7e05d40c611c7c34ebac4715,CUDA,13040,13000,2026-10-06T20:36:45.908479+00:00,derived,csr-alg1,0,0,,,,5,20,4,true
3,A100-SXM4-80GB-suitesparse_all-fp64-n2-row-major-AlphaSparse-SpMM-CSR-pre-plus-solve,AlphaSparse-SpMM-CSR-best-pre-plus-solve,AlphaSparseLib CSR PER MATRIX BEST,per-matrix-best,AlphaSparse-SpMM-CSR,best,pre-plus-solve,"csr-alg1,csr-alg2,csr-alg3,csr-alg4,csr-alg5",manual-selection,csr,ALPHASPARSE_SPMM_CSR_ALG1,workspace-setup,spmm.csr.fp64,fp64,A100-SXM4-80GB,A100-SXM4-80GB,,9700.0,752b02ae-c4ef-54eb-ad5c-0957985c94ee,suitesparse_all,DIMACS10/delaunay_n21,delaunay_n21,2097152,2097152,12582816,2,row-major,N,N,1.0,0.0,20260922,main,pass,pass,0,0,50331264.0,0.4611,0.348364806175,0.809464806175,0.371419806175,144.47861295930176,62.178446321628925,135.51044710923594,1.4894702366938326,0.641014910532257,1.397014918651917,AlphaSparse 248af573c867cf4c7e05d40c611c7c34ebac4715,CUDA,13040,13000,2026-10-08T03:48:15.023703+00:00,derived,csr-alg1,0,0,,,,5,20,4,true
3,A100-SXM4-80GB-suitesparse_all-fp64-n2-row-major-AlphaSparse-SpMM-CSR-pre-plus-solve,AlphaSparse-SpMM-CSR-best-pre-plus-solve,AlphaSparseLib CSR PER MATRIX BEST,per-matrix-best,AlphaSparse-SpMM-CSR,best,pre-plus-solve,"csr-alg1,csr-alg2,csr-alg3,csr-alg4,csr-alg5",manual-selection,csr,ALPHASPARSE_SPMM_CSR_ALG1,workspace-setup,spmm.csr.fp64,fp64,A100-SXM4-80GB,A100-SXM4-80GB,,9700.0,152f8cc9-7213-5fba-8430-8cd9341fa530,suitesparse_all,DIMACS10/delaunay_n22,delaunay_n22,4194304,4194304,25165738,2,row-major,N,N,1.0,0.0,20260922,main,pass,pass,0,0,100662952.0,0.37127,0.686540794373,1.05781079437,0.705104294373,146.62340945366967,95.16158516793337,142.76320936254194,1.5115815407594813,0.981047269772509,1.4717856635313602,AlphaSparse 248af573c867cf4c7e05d40c611c7c34ebac4715,CUDA,13040,13000,2026-10-07T22:35:10.390327+00:00,derived,csr-alg1,0,0,,,,5,20,4,true
3,A100-SXM4-80GB-suitesparse_all-fp64-n2-row-major-AlphaSparse-SpMM-CSR-pre-plus-solve,AlphaSparse-SpMM-CSR-best-pre-plus-solve,AlphaSparseLib CSR PER MATRIX BEST,per-matrix-best,AlphaSparse-SpMM-CSR,best,pre-plus-solve,"csr-alg1,csr-alg2,csr-alg3,csr-alg4,csr-alg5",manual-selection,csr,ALPHASPARSE_SPMM_CSR_ALG5,workspace-setup,spmm.csr.fp64,fp64,A100-SXM4-80GB,A100-SXM4-80GB,,9700.0,a0827285-e98d-55a9-b486-73107367c8f5,suitesparse_all,DIMACS10/delaunay_n23,delaunay_n23,8388608,8388608,50331568,2,row-major,N,N,1.0,0.0,20260922,main,pass,pass,0,0,201326272.0,0.59666,1.7331199646,2.3297799646,1.7629529646,116.1640717966489,86.4142859235918,114.19832295167292,1.1975677504809166,0.8908689270473382,1.1773022984708548,AlphaSparse 248af573c867cf4c7e05d40c611c7c34ebac4715,CUDA,13040,13000,2026-10-06T09:15:50.212053+00:00,derived,csr-alg5,0,0,,,,5,20,4,true
3,A100-SXM4-80GB-suitesparse_all-fp64-n2-row-major-AlphaSparse-SpMM-CSR-pre-plus-solve,AlphaSparse-SpMM-CSR-best-pre-plus-solve,AlphaSparseLib CSR PER MATRIX BEST,per-matrix-best,AlphaSparse-SpMM-CSR,best,pre-plus-solve,"csr-alg1,csr-alg2,csr-alg3,csr-alg4,csr-alg5",manual-selection,csr,ALPHASPARSE_SPMM_CSR_ALG1,workspace-setup,spmm.csr.fp64,fp64,A100-SXM4-80GB,A100-SXM4-80GB,,9700.0,dd6a9a30-d69d-5ea7-834e-7b0f3242a57c,suitesparse_all,DIMACS10/delaunay_n24,delaunay_n24,16777216,16777216,100663202,2,row-major,N,N,1.0,0.0,20260922,main,pass,pass,0,0,402652808.0,0.35829,2.71462402344,3.07291402344,2.73253852344,148.32728382391392,131.03289090699872,147.3548513757454,1.5291472559166384,1.3508545454329766,1.5191221791313958,AlphaSparse 248af573c867cf4c7e05d40c611c7c34ebac4715,CUDA,13040,13000,2026-10-06T20:04:24.332181+00:00,derived,csr-alg1,0,0,,,,5,20,4,true
3,A100-SXM4-80GB-suitesparse_all-fp64-n2-row-major-AlphaSparse-SpMM-CSR-pre-plus-solve,AlphaSparse-SpMM-CSR-best-pre-plus-solve,AlphaSparseLib CSR PER MATRIX BEST,per-matrix-best,AlphaSparse-SpMM-CSR,best,pre-plus-solve,"csr-alg1,csr-alg2,csr-alg3,csr-alg4,csr-alg5",manual-selection,csr,ALPHASPARSE_SPMM_CSR_ALG1,workspace-setup,spmm.csr.fp64,fp64,A100-SXM4-80GB,A100-SXM4-80GB,,9700.0,dd6a9a30-d69d-5ea7-834e-7b0f3242a57c,suitesparse_all,DIMACS10/europe_osm,europe_osm,50912018,50912018,108109320,2,row-major,N,N,1.0,0.0,20260922,main,pass,pass,0,0,432437280.0,0.421341,4.31708145142,4.73842245142,4.33814850142,100.16889532111102,91.2618670946927,99.68245205493794,1.0326690239289795,0.9408439906669351,1.0276541448962675,AlphaSparse 248af573c867cf4c7e05d40c611c7c34ebac4715,CUDA,13040,13000,2026-10-06T20:05:12.404251+00:00,derived,csr-alg1,0,0,,,,5,20,4,true
3,A100-SXM4-80GB-suitesparse_all-fp64-n2-row-major-AlphaSparse-SpMM-CSR-pre-plus-solve,AlphaSparse-SpMM-CSR-best-pre-plus-solve,AlphaSparseLib CSR PER MATRIX BEST,per-matrix-best,AlphaSparse-SpMM-CSR,best,pre-plus-solve,"csr-alg1,csr-alg2,csr-alg3,csr-alg4,csr-alg5",manual-selection,csr,ALPHASPARSE_SPMM_CSR_ALG1,workspace-setup,spmm.csr.fp64,fp64,A100-SXM4-80GB,A100-SXM4-80GB,,9700.0,752b02ae-c4ef-54eb-ad5c-0957985c94ee,suitesparse_all,DIMACS10/fe_body,fe_body,45087,45087,327468,2,row-major,N,N,1.0,0.0,20260922,main,pass,pass,0,0,1309872.0,0.01863,0.0143871992826,0.0330171992826,0.0153186992826,91.04426610564644,39.67241402847575,85.50804319840914,0.9386006815015098,0.40899395905645103,0.8815262185403004,AlphaSparse 248af573c867cf4c7e05d40c611c7c34ebac4715,CUDA,13040,13000,2026-10-08T03:49:53.732117+00:00,derived,csr-alg1,0,0,,,,5,20,4,true
3,A100-SXM4-80GB-suitesparse_all-fp64-n2-row-major-AlphaSparse-SpMM-CSR-pre-plus-solve,AlphaSparse-SpMM-CSR-best-pre-plus-solve,AlphaSparseLib CSR PER MATRIX BEST,per-matrix-best,AlphaSparse-SpMM-CSR,best,pre-plus-solve,"csr-alg1,csr-alg2,csr-alg3,csr-alg4,csr-alg5",manual-selection,csr,ALPHASPARSE_SPMM_CSR_ALG1,workspace-setup,spmm.csr.fp64,fp64,A100-SXM4-80GB,A100-SXM4-80GB,,9700.0,152f8cc9-7213-5fba-8430-8cd9341fa530,suitesparse_all,DIMACS10/fe_ocean,fe_ocean,143437,143437,819186,2,row-major,N,N,1.0,0.0,20260922,main,pass,pass,0,0,3276744.0,0.02137,0.0168448001146,0.0382148001146,0.0179133001146,194.52554958844107,85.74541774845282,182.92240843602755,2.0054180369942376,0.8839733788500291,1.885798025113686,AlphaSparse 248af573c867cf4c7e05d40c611c7c34ebac4715,CUDA,13040,13000,2026-10-07T22:36:06.870263+00:00,derived,csr-alg1,0,0,,,,5,20,4,true
3,A100-SXM4-80GB-suitesparse_all-fp64-n2-row-major-AlphaSparse-SpMM-CSR-pre-plus-solve,AlphaSparse-SpMM-CSR-best-pre-plus-solve,AlphaSparseLib CSR PER MATRIX BEST,per-matrix-best,AlphaSparse-SpMM-CSR,best,pre-plus-solve,"csr-alg1,csr-alg2,csr-alg3,csr-alg4,csr-alg5",manual-selection,csr,ALPHASPARSE_SPMM_CSR_ALG1,workspace-setup,spmm.csr.fp64,fp64,A100-SXM4-80GB,A100-SXM4-80GB,,9700.0,a0827285-e98d-55a9-b486-73107367c8f5,suitesparse_all,DIMACS10/fe_rotor,fe_rotor,99617,99617,1324862,2,row-major,N,N,1.0,0.0,20260922,main,pass,pass,0,0,5299448.0,0.0219,0.0412160009146,0.0631160009146,0.0423110009146,128.57744279898753,83.96362131958413,125.24988502863215,1.3255406474122426,0.8656043435008673,1.2912359281302284,AlphaSparse 248af573c867cf4c7e05d40c611c7c34ebac4715,CUDA,13040,13000,2026-10-06T07:25:20.781736+00:00,derived,csr-alg1,0,0,,,,5,20,4,true
3,A100-SXM4-80GB-suitesparse_all-fp64-n2-row-major-AlphaSparse-SpMM-CSR-pre-plus-solve,AlphaSparse-SpMM-CSR-best-pre-plus-solve,AlphaSparseLib CSR PER MATRIX BEST,per-matrix-best,AlphaSparse-SpMM-CSR,best,pre-plus-solve,"csr-alg1,csr-alg2,csr-alg3,csr-alg4,csr-alg5",manual-selection,csr,ALPHASPARSE_SPMM_CSR_ALG1,workspace-setup,spmm.csr.fp64,fp64,A100-SXM4-80GB,A100-SXM4-80GB,,9700.0,dd6a9a30-d69d-5ea7-834e-7b0f3242a57c,suitesparse_all,DIMACS10/fe_sphere,fe_sphere,16386,16386,98304,2,row-major,N,N,1.0,0.0,20260922,main,pass,pass,0,0,393216.0,0.014171,0.00547839999199,0.019649399992,0.00618694999199,71.7757010395231,20.011603415885105,63.555710084788345,0.7399556808198258,0.20630518985448565,0.6552135060287458,AlphaSparse 248af573c867cf4c7e05d40c611c7c34ebac4715,CUDA,13040,13000,2026-10-06T20:05:15.391378+00:00,derived,csr-alg1,0,0,,,,5,20,4,true
3,A100-SXM4-80GB-suitesparse_all-fp64-n2-row-major-AlphaSparse-SpMM-CSR-pre-plus-solve,AlphaSparse-SpMM-CSR-best-pre-plus-solve,AlphaSparseLib CSR PER MATRIX BEST,per-matrix-best,AlphaSparse-SpMM-CSR,best,pre-plus-solve,"csr-alg1,csr-alg2,csr-alg3,csr-alg4,csr-alg5",manual-selection,csr,ALPHASPARSE_SPMM_CSR_ALG1,workspace-setup,spmm.csr.fp64,fp64,A100-SXM4-80GB,A100-SXM4-80GB,,9700.0,005fdebf-9ece-5bc0-9d3c-6fda0356699d,suitesparse_all,DIMACS10/fe_tooth,fe_tooth,78136,78136,905182,2,row-major,N,N,1.0,0.0,20260922,main,pass,pass,0,0,3620728.0,0.01497,0.0207359999418,0.0357059999418,0.0214844999418,174.61072579872416,101.40390987233819,168.52745047863797,1.800110575244579,1.0454011327045174,1.7373963966869896,AlphaSparse 248af573c867cf4c7e05d40c611c7c34ebac4715,CUDA,13040,13000,2026-10-08T14:05:59.122223+00:00,derived,csr-alg1,0,0,,,,5,20,4,true
3,A100-SXM4-80GB-suitesparse_all-fp64-n2-row-major-AlphaSparse-SpMM-CSR-pre-plus-solve,AlphaSparse-SpMM-CSR-best-pre-plus-solve,AlphaSparseLib CSR PER MATRIX BEST,per-matrix-best,AlphaSparse-SpMM-CSR,best,pre-plus-solve,"csr-alg1,csr-alg2,csr-alg3,csr-alg4,csr-alg5",manual-selection,csr,ALPHASPARSE_SPMM_CSR_ALG5,workspace-setup,spmm.csr.fp64,fp64,A100-SXM4-80GB,A100-SXM4-80GB,,9700.0,a0827285-e98d-55a9-b486-73107367c8f5,suitesparse_all,DIMACS10/fl2010,fl2010,484481,484481,2346294,2,row-major,N,N,1.0,0.0,20260922,main,pass,pass,0,0,9385176.0,0.02314,0.102092802525,0.125232802525,0.103249802525,91.9278907805651,74.94183481301917,90.89776222794765,0.9477102142326298,0.7725962351857647,0.9370903322468829,AlphaSparse 248af573c867cf4c7e05d40c611c7c34ebac4715,CUDA,13040,13000,2026-10-06T09:18:05.406246+00:00,derived,csr-alg5,0,0,,,,5,20,4,true
3,A100-SXM4-80GB-suitesparse_all-fp64-n2-row-major-AlphaSparse-SpMM-CSR-pre-plus-solve,AlphaSparse-SpMM-CSR-best-pre-plus-solve,AlphaSparseLib CSR PER MATRIX BEST,per-matrix-best,AlphaSparse-SpMM-CSR,best,pre-plus-solve,"csr-alg1,csr-alg2,csr-alg3,csr-alg4,csr-alg5",manual-selection,csr,ALPHASPARSE_SPMM_CSR_ALG1,workspace-setup,spmm.csr.fp64,fp64,A100-SXM4-80GB,A100-SXM4-80GB,,9700.0,a0827285-e98d-55a9-b486-73107367c8f5,suitesparse_all,DIMACS10/G_n_pin_pout,G_n_pin_pout,100000,100000,1002396,2,row-major,N,N,1.0,0.0,20260922,main,pass,pass,0,0,4009584.0,0.017951,0.028876799345,0.046827799345,0.029774349345,138.85139942610215,85.62401086712866,134.6657135489454,1.4314577260422903,0.8827217615167903,1.38830632524686,AlphaSparse 248af573c867cf4c7e05d40c611c7c34ebac4715,CUDA,13040,13000,2026-10-06T07:26:16.308538+00:00,derived,csr-alg1,0,0,,,,5,20,4,true
3,A100-SXM4-80GB-suitesparse_all-fp64-n2-row-major-AlphaSparse-SpMM-CSR-pre-plus-solve,AlphaSparse-SpMM-CSR-best-pre-plus-solve,AlphaSparseLib CSR PER MATRIX BEST,per-matrix-best,AlphaSparse-SpMM-CSR,best,pre-plus-solve,"csr-alg1,csr-alg2,csr-alg3,csr-alg4,csr-alg5",manual-selection,csr,ALPHASPARSE_SPMM_CSR_ALG5,workspace-setup,spmm.csr.fp64,fp64,A100-SXM4-80GB,A100-SXM4-80GB,,9700.0,dd6a9a30-d69d-5ea7-834e-7b0f3242a57c,suitesparse_all,DIMACS10/ga2010,ga2010,291086,291086,1418056,2,row-major,N,N,1.0,0.0,20260922,main,pass,pass,0,0,5672224.0,0.01567,0.0610303997993,0.0767003997993,0.0618138997993,92.94096087610848,73.9529913122013,91.76292093553097,0.9581542358361698,0.7624019722907351,0.9460094941807317,AlphaSparse 248af573c867cf4c7e05d40c611c7c34ebac4715,CUDA,13040,13000,2026-10-06T22:36:01.454878+00:00,derived,csr-alg5,0,0,,,,5,20,4,true
3,A100-SXM4-80GB-suitesparse_all-fp64-n2-row-major-AlphaSparse-SpMM-CSR-pre-plus-solve,AlphaSparse-SpMM-CSR-best-pre-plus-solve,AlphaSparseLib CSR PER MATRIX BEST,per-matrix-best,AlphaSparse-SpMM-CSR,best,pre-plus-solve,"csr-alg1,csr-alg2,csr-alg3,csr-alg4,csr-alg5",manual-selection,csr,ALPHASPARSE_SPMM_CSR_ALG1,workspace-setup,spmm.csr.fp64,fp64,A100-SXM4-80GB,A100-SXM4-80GB,,9700.0,005fdebf-9ece-5bc0-9d3c-6fda0356699d,suitesparse_all,DIMACS10/germany_osm,germany_osm,11548845,11548845,24738362,2,row-major,N,N,1.0,0.0,20260922,main,pass,pass,0,0,98953448.0,0.35612,1.14800643921,1.50412643921,1.16581243921,86.19589979660284,65.78798525207263,84.87938940422931,0.888617523676318,0.678226652083223,0.8750452515899929,AlphaSparse 248af573c867cf4c7e05d40c611c7c34ebac4715,CUDA,13040,13000,2026-10-08T14:05:57.701368+00:00,derived,csr-alg1,0,0,,,,5,20,4,true
3,A100-SXM4-80GB-suitesparse_all-fp64-n2-row-major-AlphaSparse-SpMM-CSR-pre-plus-solve,AlphaSparse-SpMM-CSR-best-pre-plus-solve,AlphaSparseLib CSR PER MATRIX BEST,per-matrix-best,AlphaSparse-SpMM-CSR,best,pre-plus-solve,"csr-alg1,csr-alg2,csr-alg3,csr-alg4,csr-alg5",manual-selection,csr,ALPHASPARSE_SPMM_CSR_ALG5,workspace-setup,spmm.csr.fp64,fp64,A100-SXM4-80GB,A100-SXM4-80GB,,9700.0,d94c6f41-d28e-5f45-abb9-189a8a3b4f78,suitesparse_all,DIMACS10/great-britain_osm,great-britain_osm,7733822,7733822,16313034,2,row-major,N,N,1.0,0.0,20260922,main,pass,pass,0,0,65252136.0,0.525531,0.92677116394,1.45230216394,0.95304771394,70.40803440904693,44.93013755689467,68.46680921172432,0.7258560248355355,0.463197294400976,0.7058433939353024,AlphaSparse 248af573c867cf4c7e05d40c611c7c34ebac4715,CUDA,13040,13000,2026-10-06T03:51:51.444713+00:00,derived,csr-alg5,0,0,,,,5,20,4,true
3,A100-SXM4-80GB-suitesparse_all-fp64-n2-row-major-AlphaSparse-SpMM-CSR-pre-plus-solve,AlphaSparse-SpMM-CSR-best-pre-plus-solve,AlphaSparseLib CSR PER MATRIX BEST,per-matrix-best,AlphaSparse-SpMM-CSR,best,pre-plus-solve,"csr-alg1,csr-alg2,csr-alg3,csr-alg4,csr-alg5",manual-selection,csr,ALPHASPARSE_SPMM_CSR_ALG5,workspace-setup,spmm.csr.fp64,fp64,A100-SXM4-80GB,A100-SXM4-80GB,,9700.0,005fdebf-9ece-5bc0-9d3c-6fda0356699d,suitesparse_all,DIMACS10/hi2010,hi2010,25016,25016,124126,2,row-major,N,N,1.0,0.0,20260922,main,pass,pass,0,0,496504.0,0.01519,0.0136191993952,0.0288091993952,0.0143786993952,36.45618113022045,17.234217209198956,34.53052229228372,0.37583691886825205,0.17767234236287585,0.3559847658998322,AlphaSparse 248af573c867cf4c7e05d40c611c7c34ebac4715,CUDA,13040,13000,2026-10-08T15:44:28.539352+00:00,derived,csr-alg5,0,0,,,,5,20,4,true
3,A100-SXM4-80GB-suitesparse_all-fp64-n2-row-major-AlphaSparse-SpMM-CSR-pre-plus-solve,AlphaSparse-SpMM-CSR-best-pre-plus-solve,AlphaSparseLib CSR PER MATRIX BEST,per-matrix-best,AlphaSparse-SpMM-CSR,best,pre-plus-solve,"csr-alg1,csr-alg2,csr-alg3,csr-alg4,csr-alg5",manual-selection,csr,ALPHASPARSE_SPMM_CSR_ALG1,workspace-setup,spmm.csr.fp64,fp64,A100-SXM4-80GB,A100-SXM4-80GB,,9700.0,005fdebf-9ece-5bc0-9d3c-6fda0356699d,suitesparse_all,DIMACS10/hugebubbles-00000,hugebubbles-00000,18318143,18318143,54940162,2,row-major,N,N,1.0,0.0,20260922,main,pass,pass,0,0,219760648.0,0.38299,1.83592967987,2.21891967987,1.85507917987,119.6999266418314,99.03947853257813,118.46429542452219,1.2340198622869216,1.0210255518822489,1.2212813961290947,AlphaSparse 248af573c867cf4c7e05d40c611c7c34ebac4715,CUDA,13040,13000,2026-10-08T14:05:15.024051+00:00,derived,csr-alg1,0,0,,,,5,20,4,true
3,A100-SXM4-80GB-suitesparse_all-fp64-n2-row-major-AlphaSparse-SpMM-CSR-pre-plus-solve,AlphaSparse-SpMM-CSR-best-pre-plus-solve,AlphaSparseLib CSR PER MATRIX BEST,per-matrix-best,AlphaSparse-SpMM-CSR,best,pre-plus-solve,"csr-alg1,csr-alg2,csr-alg3,csr-alg4,csr-alg5",manual-selection,csr,ALPHASPARSE_SPMM_CSR_ALG1,workspace-setup,spmm.csr.fp64,fp64,A100-SXM4-80GB,A100-SXM4-80GB,,9700.0,d94c6f41-d28e-5f45-abb9-189a8a3b4f78,suitesparse_all,DIMACS10/hugebubbles-00010,hugebubbles-00010,19458087,19458087,58359528,2,row-major,N,N,1.0,0.0,20260922,main,pass,pass,0,0,233438112.0,1.07223,2.33477115631,3.40700115631,2.38838265631,99.98329445226587,68.51718015054283,97.73899143977911,1.0307556129099573,0.706362681964359,1.0076184684513312,AlphaSparse 248af573c867cf4c7e05d40c611c7c34ebac4715,CUDA,13040,13000,2026-10-06T02:08:28.594349+00:00,derived,csr-alg1,0,0,,,,5,20,4,true
3,A100-SXM4-80GB-suitesparse_all-fp64-n2-row-major-AlphaSparse-SpMM-CSR-pre-plus-solve,AlphaSparse-SpMM-CSR-best-pre-plus-solve,AlphaSparseLib CSR PER MATRIX BEST,per-matrix-best,AlphaSparse-SpMM-CSR,best,pre-plus-solve,"csr-alg1,csr-alg2,csr-alg3,csr-alg4,csr-alg5",manual-selection,csr,ALPHASPARSE_SPMM_CSR_ALG1,workspace-setup,spmm.csr.fp64,fp64,A100-SXM4-80GB,A100-SXM4-80GB,,9700.0,018f64fd-81d1-5f6a-986f-7d386c913e5c,suitesparse_all,DIMACS10/hugebubbles-00020,hugebubbles-00020,21198119,21198119,63580358,2,row-major,N,N,1.0,0.0,20260922,main,pass,pass,0,0,254321432.0,0.38696,2.59097595215,2.97793595215,2.61032395215,98.15661615421915,85.40191464372693,97.42906882899631,1.011923877878548,0.8804321097291435,1.0044233899896526,AlphaSparse 248af573c867cf4c7e05d40c611c7c34ebac4715,CUDA,13040,13000,2026-10-06T20:37:05.517471+00:00,derived,csr-alg1,0,0,,,,5,20,4,true
3,A100-SXM4-80GB-suitesparse_all-fp64-n2-row-major-AlphaSparse-SpMM-CSR-pre-plus-solve,AlphaSparse-SpMM-CSR-best-pre-plus-solve,AlphaSparseLib CSR PER MATRIX BEST,per-matrix-best,AlphaSparse-SpMM-CSR,best,pre-plus-solve,"csr-alg1,csr-alg2,csr-alg3,csr-alg4,csr-alg5",manual-selection,csr,ALPHASPARSE_SPMM_CSR_ALG1,workspace-setup,spmm.csr.fp64,fp64,A100-SXM4-80GB,A100-SXM4-80GB,,9700.0,752b02ae-c4ef-54eb-ad5c-0957985c94ee,suitesparse_all,DIMACS10/hugetrace-00010,hugetrace-00010,12057441,12057441,36164358,2,row-major,N,N,1.0,0.0,20260922,main,pass,pass,0,0,144657432.0,0.48176,1.24088315964,1.72264315964,1.26497115964,116.5761908171656,83.97411337948289,114.35630836134499,1.201816400176965,0.865712509066834,1.1789310140344844,AlphaSparse 248af573c867cf4c7e05d40c611c7c34ebac4715,CUDA,13040,13000,2026-10-08T03:48:26.784486+00:00,derived,csr-alg1,0,0,,,,5,20,4,true
3,A100-SXM4-80GB-suitesparse_all-fp64-n2-row-major-AlphaSparse-SpMM-CSR-pre-plus-solve,AlphaSparse-SpMM-CSR-best-pre-plus-solve,AlphaSparseLib CSR PER MATRIX BEST,per-matrix-best,AlphaSparse-SpMM-CSR,best,pre-plus-solve,"csr-alg1,csr-alg2,csr-alg3,csr-alg4,csr-alg5",manual-selection,csr,ALPHASPARSE_SPMM_CSR_ALG1,workspace-setup,spmm.csr.fp64,fp64,A100-SXM4-80GB,A100-SXM4-80GB,,9700.0,152f8cc9-7213-5fba-8430-8cd9341fa530,suitesparse_all,DIMACS10/hugetrace-00020,hugetrace-00020,16002413,16002413,47997626,2,row-major,N,N,1.0,0.0,20260922,main,pass,pass,0,0,191990504.0,0.55537,1.73322238922,2.28859238922,1.76099088922,110.77084233051089,83.89021343614375,109.02413247864038,1.141967446706298,0.8648475611973582,1.123960128645777,AlphaSparse 248af573c867cf4c7e05d40c611c7c34ebac4715,CUDA,13040,13000,2026-10-07T22:35:25.543398+00:00,derived,csr-alg1,0,0,,,,5,20,4,true
3,A100-SXM4-80GB-suitesparse_all-fp64-n2-row-major-AlphaSparse-SpMM-CSR-pre-plus-solve,AlphaSparse-SpMM-CSR-best-pre-plus-solve,AlphaSparseLib CSR PER MATRIX BEST,per-matrix-best,AlphaSparse-SpMM-CSR,best,pre-plus-solve,"csr-alg1,csr-alg2,csr-alg3,csr-alg4,csr-alg5",manual-selection,csr,ALPHASPARSE_SPMM_CSR_ALG4,workspace-setup,spmm.csr.fp64,fp64,A100-SXM4-80GB,A100-SXM4-80GB,,9700.0,a0827285-e98d-55a9-b486-73107367c8f5,suitesparse_all,DIMACS10/hugetric-00000,hugetric-00000,5824554,5824554,17467046,2,row-major,N,N,1.0,0.0,20260922,main,pass,pass,0,0,69868184.0,0.46553,0.898508834839,1.36403883484,0.921785334839,77.76015247809931,51.2215504540202,75.79658881446974,0.8016510564752506,0.528057221175466,0.7814081321079355,AlphaSparse 248af573c867cf4c7e05d40c611c7c34ebac4715,CUDA,13040,13000,2026-10-06T08:48:19.954175+00:00,derived,csr-alg4,0,0,,,,5,20,4,true
3,A100-SXM4-80GB-suitesparse_all-fp64-n2-row-major-AlphaSparse-SpMM-CSR-pre-plus-solve,AlphaSparse-SpMM-CSR-best-pre-plus-solve,AlphaSparseLib CSR PER MATRIX BEST,per-matrix-best,AlphaSparse-SpMM-CSR,best,pre-plus-solve,"csr-alg1,csr-alg2,csr-alg3,csr-alg4,csr-alg5",manual-selection,csr,ALPHASPARSE_SPMM_CSR_ALG1,workspace-setup,spmm.csr.fp64,fp64,A100-SXM4-80GB,A100-SXM4-80GB,,9700.0,dd6a9a30-d69d-5ea7-834e-7b0f3242a57c,suitesparse_all,DIMACS10/hugetric-00010,hugetric-00010,6592765,6592765,19771708,2,row-major,N,N,1.0,0.0,20260922,main,pass,pass,0,0,79086832.0,0.22461,0.738508796692,0.963118796692,0.749739296692,107.08989839288765,82.11534472345214,105.48577665456105,1.1040195710606973,0.8465499456025994,1.0874822335521757,AlphaSparse 248af573c867cf4c7e05d40c611c7c34ebac4715,CUDA,13040,13000,2026-10-06T20:04:30.800770+00:00,derived,csr-alg1,0,0,,,,5,20,4,true
3,A100-SXM4-80GB-suitesparse_all-fp64-n2-row-major-AlphaSparse-SpMM-CSR-pre-plus-solve,AlphaSparse-SpMM-CSR-best-pre-plus-solve,AlphaSparseLib CSR PER MATRIX BEST,per-matrix-best,AlphaSparse-SpMM-CSR,best,pre-plus-solve,"csr-alg1,csr-alg2,csr-alg3,csr-alg4,csr-alg5",manual-selection,csr,ALPHASPARSE_SPMM_CSR_ALG1,workspace-setup,spmm.csr.fp64,fp64,A100-SXM4-80GB,A100-SXM4-80GB,,9700.0,005fdebf-9ece-5bc0-9d3c-6fda0356699d,suitesparse_all,DIMACS10/hugetric-00020,hugetric-00020,7122792,7122792,21361554,2,row-major,N,N,1.0,0.0,20260922,main,pass,pass,0,0,85446216.0,0.37239,0.948326396942,1.32071639694,0.966945896942,90.10211703009878,64.69686921277909,88.36711161423472,0.9288878044340081,0.6669780331214339,0.9110011506622137,AlphaSparse 248af573c867cf4c7e05d40c611c7c34ebac4715,CUDA,13040,13000,2026-10-08T14:05:22.411861+00:00,derived,csr-alg1,0,0,,,,5,20,4,true
3,A100-SXM4-80GB-suitesparse_all-fp64-n2-row-major-AlphaSparse-SpMM-CSR-pre-plus-solve,AlphaSparse-SpMM-CSR-best-pre-plus-solve,AlphaSparseLib CSR PER MATRIX BEST,per-matrix-best,AlphaSparse-SpMM-CSR,best,pre-plus-solve,"csr-alg1,csr-alg2,csr-alg3,csr-alg4,csr-alg5",manual-selection,csr,ALPHASPARSE_SPMM_CSR_ALG5,workspace-setup,spmm.csr.fp64,fp64,A100-SXM4-80GB,A100-SXM4-80GB,,9700.0,d94c6f41-d28e-5f45-abb9-189a8a3b4f78,suitesparse_all,DIMACS10/ia2010,ia2010,216007,216007,1021170,2,row-major,N,N,1.0,0.0,20260922,main,pass,pass,0,0,4084680.0,0.01364,0.0406015992165,0.0542415992165,0.0412835992165,100.60391902839224,75.30530181634951,98.9419546144479,1.037153804416415,0.7763433176943249,1.0200201506644113,AlphaSparse 248af573c867cf4c7e05d40c611c7c34ebac4715,CUDA,13040,13000,2026-10-06T03:52:32.053539+00:00,derived,csr-alg5,0,0,,,,5,20,4,true
3,A100-SXM4-80GB-suitesparse_all-fp64-n2-row-major-AlphaSparse-SpMM-CSR-pre-plus-solve,AlphaSparse-SpMM-CSR-best-pre-plus-solve,AlphaSparseLib CSR PER MATRIX BEST,per-matrix-best,AlphaSparse-SpMM-CSR,best,pre-plus-solve,"csr-alg1,csr-alg2,csr-alg3,csr-alg4,csr-alg5",manual-selection,csr,ALPHASPARSE_SPMM_CSR_ALG5,workspace-setup,spmm.csr.fp64,fp64,A100-SXM4-80GB,A100-SXM4-80GB,,9700.0,018f64fd-81d1-5f6a-986f-7d386c913e5c,suitesparse_all,DIMACS10/id2010,id2010,149842,149842,728264,2,row-major,N,N,1.0,0.0,20260922,main,pass,pass,0,0,2913056.0,0.02248,0.0342527985573,0.0567327985573,0.0353767985573,85.04578086158061,51.34694698795477,82.34368622366173,0.8767606274389753,0.5293499689479874,0.8489039816872345,AlphaSparse 248af573c867cf4c7e05d40c611c7c34ebac4715,CUDA,13040,13000,2026-10-06T23:18:40.662239+00:00,derived,csr-alg5,0,0,,,,5,20,4,true
3,A100-SXM4-80GB-suitesparse_all-fp64-n2-row-major-AlphaSparse-SpMM-CSR-pre-plus-solve,AlphaSparse-SpMM-CSR-best-pre-plus-solve,AlphaSparseLib CSR PER MATRIX BEST,per-matrix-best,AlphaSparse-SpMM-CSR,best,pre-plus-solve,"csr-alg1,csr-alg2,csr-alg3,csr-alg4,csr-alg5",manual-selection,csr,ALPHASPARSE_SPMM_CSR_ALG5,workspace-setup,spmm.csr.fp64,fp64,A100-SXM4-80GB,A100-SXM4-80GB,,9700.0,752b02ae-c4ef-54eb-ad5c-0957985c94ee,suitesparse_all,DIMACS10/in2010,in2010,267071,267071,1281716,2,row-major,N,N,1.0,0.0,20260922,main,pass,pass,0,0,5126864.0,0.0158,0.0509440004826,0.0667440004826,0.0517340004826,100.63724779036716,76.81385537171332,99.10047458487863,1.0374973999006922,0.7918954162032301,1.021654377163697,AlphaSparse 248af573c867cf4c7e05d40c611c7c34ebac4715,CUDA,13040,13000,2026-10-08T08:14:32.122164+00:00,derived,csr-alg5,0,0,,,,5,20,4,true
3,A100-SXM4-80GB-suitesparse_all-fp64-n2-row-major-AlphaSparse-SpMM-CSR-pre-plus-solve,AlphaSparse-SpMM-CSR-best-pre-plus-solve,AlphaSparseLib CSR PER MATRIX BEST,per-matrix-best,AlphaSparse-SpMM-CSR,best,pre-plus-solve,"csr-alg1,csr-alg2,csr-alg3,csr-alg4,csr-alg5",manual-selection,csr,ALPHASPARSE_SPMM_CSR_ALG1,workspace-setup,spmm.csr.fp64,fp64,A100-SXM4-80GB,A100-SXM4-80GB,,9700.0,018f64fd-81d1-5f6a-986f-7d386c913e5c,suitesparse_all,DIMACS10/italy_osm,italy_osm,6686493,6686493,14027956,2,row-major,N,N,1.0,0.0,20260922,main,pass,pass,0,0,56111824.0,0.49477,0.596940803528,1.09171080353,0.621679303528,93.99897555732765,51.398066061602414,90.2584719831722,0.9690616036837901,0.5298769697072414,0.9304997111667237,AlphaSparse 248af573c867cf4c7e05d40c611c7c34ebac4715,CUDA,13040,13000,2026-10-06T20:37:32.930979+00:00,derived,csr-alg1,0,0,,,,5,20,4,true
3,A100-SXM4-80GB-suitesparse_all-fp64-n2-row-major-AlphaSparse-SpMM-CSR-pre-plus-solve,AlphaSparse-SpMM-CSR-best-pre-plus-solve,AlphaSparseLib CSR PER MATRIX BEST,per-matrix-best,AlphaSparse-SpMM-CSR,best,pre-plus-solve,"csr-alg1,csr-alg2,csr-alg3,csr-alg4,csr-alg5",manual-selection,csr,ALPHASPARSE_SPMM_CSR_ALG5,workspace-setup,spmm.csr.fp64,fp64,A100-SXM4-80GB,A100-SXM4-80GB,,9700.0,d94c6f41-d28e-5f45-abb9-189a8a3b4f78,suitesparse_all,DIMACS10/kron_g500-logn16,kron_g500-logn16,65536,65536,4912469,2,row-major,N,N,1.0,0.0,20260922,main,pass,pass,0,0,19649876.0,0.025891,0.177356803417,0.203247803417,0.178651353417,110.79290797657961,96.67940154651852,109.99007633675261,1.1421949275936043,0.9966948613043145,1.1339183127500267,AlphaSparse 248af573c867cf4c7e05d40c611c7c34ebac4715,CUDA,13040,13000,2026-10-06T03:51:25.538752+00:00,derived,csr-alg5,0,0,,,,5,20,4,true
3,A100-SXM4-80GB-suitesparse_all-fp64-n2-row-major-AlphaSparse-SpMM-CSR-pre-plus-solve,AlphaSparse-SpMM-CSR-best-pre-plus-solve,AlphaSparseLib CSR PER MATRIX BEST,per-matrix-best,AlphaSparse-SpMM-CSR,best,pre-plus-solve,"csr-alg1,csr-alg2,csr-alg3,csr-alg4,csr-alg5",manual-selection,csr,ALPHASPARSE_SPMM_CSR_ALG5,workspace-setup,spmm.csr.fp64,fp64,A100-SXM4-80GB,A100-SXM4-80GB,,9700.0,018f64fd-81d1-5f6a-986f-7d386c913e5c,suitesparse_all,DIMACS10/kron_g500-logn17,kron_g500-logn17,131072,131072,10228360,2,row-major,N,N,1.0,0.0,20260922,main,pass,pass,0,0,40913440.0,0.04136,0.363161611557,0.404521611557,0.365229611557,112.65904406743286,101.14030704694501,112.02114698636584,1.1614334439941532,1.0426835778035568,1.154857185426452,AlphaSparse 248af573c867cf4c7e05d40c611c7c34ebac4715,CUDA,13040,13000,2026-10-06T23:17:36.490432+00:00,derived,csr-alg5,0,0,,,,5,20,4,true
3,A100-SXM4-80GB-suitesparse_all-fp64-n2-row-major-AlphaSparse-SpMM-CSR-pre-plus-solve,AlphaSparse-SpMM-CSR-best-pre-plus-solve,AlphaSparseLib CSR PER MATRIX BEST,per-matrix-best,AlphaSparse-SpMM-CSR,best,pre-plus-solve,"csr-alg1,csr-alg2,csr-alg3,csr-alg4,csr-alg5",manual-selection,csr,ALPHASPARSE_SPMM_CSR_ALG3,workspace-setup,spmm.csr.fp64,fp64,A100-SXM4-80GB,A100-SXM4-80GB,,9700.0,752b02ae-c4ef-54eb-ad5c-0957985c94ee,suitesparse_all,DIMACS10/kron_g500-logn19,kron_g500-logn19,524288,524288,43562265,2,row-major,N,N,1.0,0.0,20260922,main,pass,pass,0,0,174249060.0,0.472441,3.19232006073,3.66476106073,3.21594211073,54.583831409483984,47.54718168864481,54.1828969553331,0.5627199114379793,0.4901771308107713,0.5585865665498257,AlphaSparse 248af573c867cf4c7e05d40c611c7c34ebac4715,CUDA,13040,13000,2026-10-08T06:09:59.591250+00:00,derived,csr-alg3,0,0,,,,5,20,4,true
3,A100-SXM4-80GB-suitesparse_all-fp64-n2-row-major-AlphaSparse-SpMM-CSR-pre-plus-solve,AlphaSparse-SpMM-CSR-best-pre-plus-solve,AlphaSparseLib CSR PER MATRIX BEST,per-matrix-best,AlphaSparse-SpMM-CSR,best,pre-plus-solve,"csr-alg1,csr-alg2,csr-alg3,csr-alg4,csr-alg5",manual-selection,csr,ALPHASPARSE_SPMM_CSR_ALG3,workspace-setup,spmm.csr.fp64,fp64,A100-SXM4-80GB,A100-SXM4-80GB,,9700.0,152f8cc9-7213-5fba-8430-8cd9341fa530,suitesparse_all,DIMACS10/kron_g500-logn20,kron_g500-logn20,1048576,1048576,89239674,2,row-major,N,N,1.0,0.0,20260922,main,pass,pass,0,0,356958696.0,0.592811,7.17127685547,7.76408785547,7.20091740547,49.776170017438986,45.975612672712536,49.57128042169253,0.5131563919323606,0.47397538837847975,0.5110441280586858,AlphaSparse 248af573c867cf4c7e05d40c611c7c34ebac4715,CUDA,13040,13000,2026-10-08T00:32:32.845460+00:00,derived,csr-alg3,0,0,,,,5,20,4,true
3,A100-SXM4-80GB-suitesparse_all-fp64-n2-row-major-AlphaSparse-SpMM-CSR-pre-plus-solve,AlphaSparse-SpMM-CSR-best-pre-plus-solve,AlphaSparseLib CSR PER MATRIX BEST,per-matrix-best,AlphaSparse-SpMM-CSR,best,pre-plus-solve,"csr-alg1,csr-alg2,csr-alg3,csr-alg4,csr-alg5",manual-selection,csr,ALPHASPARSE_SPMM_CSR_ALG5,workspace-setup,spmm.csr.fp64,fp64,A100-SXM4-80GB,A100-SXM4-80GB,,9700.0,a0827285-e98d-55a9-b486-73107367c8f5,suitesparse_all,DIMACS10/kron_g500-logn21,kron_g500-logn21,2097152,2097152,182082942,2,row-major,N,N,1.0,0.0,20260922,main,pass,pass,0,0,728331768.0,1.45833,6.18398704529,7.64231704529,6.25690354529,117.77705267910123,95.30248008342896,116.40450627503523,1.2141964193721777,0.9824997946745253,1.2000464564436621,AlphaSparse 248af573c867cf4c7e05d40c611c7c34ebac4715,CUDA,13040,13000,2026-10-06T09:16:56.723970+00:00,derived,csr-alg5,0,0,,,,5,20,4,true
3,A100-SXM4-80GB-suitesparse_all-fp64-n2-row-major-AlphaSparse-SpMM-CSR-pre-plus-solve,AlphaSparse-SpMM-CSR-best-pre-plus-solve,AlphaSparseLib CSR PER MATRIX BEST,per-matrix-best,AlphaSparse-SpMM-CSR,best,pre-plus-solve,"csr-alg1,csr-alg2,csr-alg3,csr-alg4,csr-alg5",manual-selection,csr,ALPHASPARSE_SPMM_CSR_ALG1,workspace-setup,spmm.csr.fp64,fp64,A100-SXM4-80GB,A100-SXM4-80GB,,9700.0,152f8cc9-7213-5fba-8430-8cd9341fa530,suitesparse_all,DIMACS10/ks2010,ks2010,238600,238600,1121798,2,row-major,N,N,1.0,0.0,20260922,main,pass,pass,0,0,4487192.0,0.02382,0.0443392008543,0.0681592008543,0.0455302008543,101.20146311939752,65.83398783668271,98.55418855628038,1.043314052777294,0.6787009055328115,1.0160225624358803,AlphaSparse 248af573c867cf4c7e05d40c611c7c34ebac4715,CUDA,13040,13000,2026-10-07T22:37:41.473888+00:00,derived,csr-alg1,0,0,,,,5,20,4,true
3,A100-SXM4-80GB-suitesparse_all-fp64-n2-row-major-AlphaSparse-SpMM-CSR-pre-plus-solve,AlphaSparse-SpMM-CSR-best-pre-plus-solve,AlphaSparseLib CSR PER MATRIX BEST,per-matrix-best,AlphaSparse-SpMM-CSR,best,pre-plus-solve,"csr-alg1,csr-alg2,csr-alg3,csr-alg4,csr-alg5",manual-selection,csr,ALPHASPARSE_SPMM_CSR_ALG5,workspace-setup,spmm.csr.fp64,fp64,A100-SXM4-80GB,A100-SXM4-80GB,,9700.0,a0827285-e98d-55a9-b486-73107367c8f5,suitesparse_all,DIMACS10/ky2010,ky2010,161672,161672,787778,2,row-major,N,N,1.0,0.0,20260922,main,pass,pass,0,0,3151112.0,0.02629,0.0348672002554,0.0611572002554,0.0361817002554,90.3746781192154,51.52479163271975,87.09131903025224,0.931697712569231,0.531183418894018,0.8978486497964148,AlphaSparse 248af573c867cf4c7e05d40c611c7c34ebac4715,CUDA,13040,13000,2026-10-06T09:18:06.567826+00:00,derived,csr-alg5,0,0,,,,5,20,4,true
3,A100-SXM4-80GB-suitesparse_all-fp64-n2-row-major-AlphaSparse-SpMM-CSR-pre-plus-solve,AlphaSparse-SpMM-CSR-best-pre-plus-solve,AlphaSparseLib CSR PER MATRIX BEST,per-matrix-best,AlphaSparse-SpMM-CSR,best,pre-plus-solve,"csr-alg1,csr-alg2,csr-alg3,csr-alg4,csr-alg5",manual-selection,csr,ALPHASPARSE_SPMM_CSR_ALG5,workspace-setup,spmm.csr.fp64,fp64,A100-SXM4-80GB,A100-SXM4-80GB,,9700.0,dd6a9a30-d69d-5ea7-834e-7b0f3242a57c,suitesparse_all,DIMACS10/la2010,la2010,204447,204447,980634,2,row-major,N,N,1.0,0.0,20260922,main,pass,pass,0,0,3922536.0,0.01372,0.0408064007759,0.0545264007759,0.0414924007759,96.12550789621773,71.9382894191269,94.53625065432038,0.9909846174867808,0.7416318496817206,0.9746005222094885,AlphaSparse 248af573c867cf4c7e05d40c611c7c34ebac4715,CUDA,13040,13000,2026-10-06T22:36:02.364854+00:00,derived,csr-alg5,0,0,,,,5,20,4,true
3,A100-SXM4-80GB-suitesparse_all-fp64-n2-row-major-AlphaSparse-SpMM-CSR-pre-plus-solve,AlphaSparse-SpMM-CSR-best-pre-plus-solve,AlphaSparseLib CSR PER MATRIX BEST,per-matrix-best,AlphaSparse-SpMM-CSR,best,pre-plus-solve,"csr-alg1,csr-alg2,csr-alg3,csr-alg4,csr-alg5",manual-selection,csr,ALPHASPARSE_SPMM_CSR_ALG1,workspace-setup,spmm.csr.fp64,fp64,A100-SXM4-80GB,A100-SXM4-80GB,,9700.0,d94c6f41-d28e-5f45-abb9-189a8a3b4f78,suitesparse_all,DIMACS10/m14b,m14b,214765,214765,3358036,2,row-major,N,N,1.0,0.0,20260922,main,pass,pass,0,0,13432144.0,0.02318,0.0837632000446,0.106943200045,0.0849222000446,160.35853445006887,125.6007300543463,158.16999551290027,1.6531807675264834,1.2948528871582092,1.6306185104422708,AlphaSparse 248af573c867cf4c7e05d40c611c7c34ebac4715,CUDA,13040,13000,2026-10-06T02:08:57.867910+00:00,derived,csr-alg1,0,0,,,,5,20,4,true
3,A100-SXM4-80GB-suitesparse_all-fp64-n2-row-major-AlphaSparse-SpMM-CSR-pre-plus-solve,AlphaSparse-SpMM-CSR-best-pre-plus-solve,AlphaSparseLib CSR PER MATRIX BEST,per-matrix-best,AlphaSparse-SpMM-CSR,best,pre-plus-solve,"csr-alg1,csr-alg2,csr-alg3,csr-alg4,csr-alg5",manual-selection,csr,ALPHASPARSE_SPMM_CSR_ALG5,workspace-setup,spmm.csr.fp64,fp64,A100-SXM4-80GB,A100-SXM4-80GB,,9700.0,005fdebf-9ece-5bc0-9d3c-6fda0356699d,suitesparse_all,DIMACS10/ma2010,ma2010,157508,157508,776610,2,row-major,N,N,1.0,0.0,20260922,main,pass,pass,0,0,3106440.0,0.01468,0.0290656000376,0.0437456000376,0.0297996000376,106.87685772808508,71.01148452255697,104.24435214165334,1.101823275547269,0.7320771600263606,1.074684042697457,AlphaSparse 248af573c867cf4c7e05d40c611c7c34ebac4715,CUDA,13040,13000,2026-10-08T15:44:29.690158+00:00,derived,csr-alg5,0,0,,,,5,20,4,true
3,A100-SXM4-80GB-suitesparse_all-fp64-n2-row-major-AlphaSparse-SpMM-CSR-pre-plus-solve,AlphaSparse-SpMM-CSR-best-pre-plus-solve,AlphaSparseLib CSR PER MATRIX BEST,per-matrix-best,AlphaSparse-SpMM-CSR,best,pre-plus-solve,"csr-alg1,csr-alg2,csr-alg3,csr-alg4,csr-alg5",manual-selection,csr,ALPHASPARSE_SPMM_CSR_ALG5,workspace-setup,spmm.csr.fp64,fp64,A100-SXM4-80GB,A100-SXM4-80GB,,9700.0,d94c6f41-d28e-5f45-abb9-189a8a3b4f78,suitesparse_all,DIMACS10/md2010,md2010,145247,145247,700378,2,row-major,N,N,1.0,0.0,20260922,main,pass,pass,0,0,2801512.0,0.01859,0.0333312004805,0.0519212004805,0.0342607004805,84.05073803564291,53.9569958720843,81.77042385909546,0.8665024539757001,0.556257689402931,0.8429940604030459,AlphaSparse 248af573c867cf4c7e05d40c611c7c34ebac4715,CUDA,13040,13000,2026-10-06T03:52:33.255823+00:00,derived,csr-alg5,0,0,,,,5,20,4,true
3,A100-SXM4-80GB-suitesparse_all-fp64-n2-row-major-AlphaSparse-SpMM-CSR-pre-plus-solve,AlphaSparse-SpMM-CSR-best-pre-plus-solve,AlphaSparseLib CSR PER MATRIX BEST,per-matrix-best,AlphaSparse-SpMM-CSR,best,pre-plus-solve,"csr-alg1,csr-alg2,csr-alg3,csr-alg4,csr-alg5",manual-selection,csr,ALPHASPARSE_SPMM_CSR_ALG5,workspace-setup,spmm.csr.fp64,fp64,A100-SXM4-80GB,A100-SXM4-80GB,,9700.0,018f64fd-81d1-5f6a-986f-7d386c913e5c,suitesparse_all,DIMACS10/me2010,me2010,69518,69518,335476,2,row-major,N,N,1.0,0.0,20260922,main,pass,pass,0,0,1341904.0,0.01554,0.022528000176,0.038068000176,0.023305000176,59.56605067100387,35.25018371850289,57.580089674572164,0.6140829966082872,0.3634039558608545,0.5936091719028058,AlphaSparse 248af573c867cf4c7e05d40c611c7c34ebac4715,CUDA,13040,13000,2026-10-06T23:18:41.550061+00:00,derived,csr-alg5,0,0,,,,5,20,4,true
3,A100-SXM4-80GB-suitesparse_all-fp64-n2-row-major-AlphaSparse-SpMM-CSR-pre-plus-solve,AlphaSparse-SpMM-CSR-best-pre-plus-solve,AlphaSparseLib CSR PER MATRIX BEST,per-matrix-best,AlphaSparse-SpMM-CSR,best,pre-plus-solve,"csr-alg1,csr-alg2,csr-alg3,csr-alg4,csr-alg5",manual-selection,csr,ALPHASPARSE_SPMM_CSR_ALG5,workspace-setup,spmm.csr.fp64,fp64,A100-SXM4-80GB,A100-SXM4-80GB,,9700.0,752b02ae-c4ef-54eb-ad5c-0957985c94ee,suitesparse_all,DIMACS10/mn2010,mn2010,259777,259777,1227102,2,row-major,N,N,1.0,0.0,20260922,main,pass,pass,0,0,4908408.0,0.01541,0.04869120121,0.06410120121,0.04946170121,100.80687840972655,76.57279282364325,99.23653816839673,1.0392461691724386,0.7894102352952913,1.0230570945195538,AlphaSparse 248af573c867cf4c7e05d40c611c7c34ebac4715,CUDA,13040,13000,2026-10-08T08:14:33.169794+00:00,derived,csr-alg5,0,0,,,,5,20,4,true
3,A100-SXM4-80GB-suitesparse_all-fp64-n2-row-major-AlphaSparse-SpMM-CSR-pre-plus-solve,AlphaSparse-SpMM-CSR-best-pre-plus-solve,AlphaSparseLib CSR PER MATRIX BEST,per-matrix-best,AlphaSparse-SpMM-CSR,best,pre-plus-solve,"csr-alg1,csr-alg2,csr-alg3,csr-alg4,csr-alg5",manual-selection,csr,ALPHASPARSE_SPMM_CSR_ALG5,workspace-setup,spmm.csr.fp64,fp64,A100-SXM4-80GB,A100-SXM4-80GB,,9700.0,152f8cc9-7213-5fba-8430-8cd9341fa530,suitesparse_all,DIMACS10/mo2010,mo2010,343565,343565,1656568,2,row-major,N,N,1.0,0.0,20260922,main,pass,pass,0,0,6626272.0,0.02171,0.0708607971668,0.0925707971668,0.0719462971668,93.51111284286496,71.58058699721856,92.10025061661865,0.9640320911635563,0.7379441958476141,0.9494871197589553,AlphaSparse 248af573c867cf4c7e05d40c611c7c34ebac4715,CUDA,13040,13000,2026-10-08T02:32:40.937216+00:00,derived,csr-alg5,0,0,,,,5,20,4,true
3,A100-SXM4-80GB-suitesparse_all-fp64-n2-row-major-AlphaSparse-SpMM-CSR-pre-plus-solve,AlphaSparse-SpMM-CSR-best-pre-plus-solve,AlphaSparseLib CSR PER MATRIX BEST,per-matrix-best,AlphaSparse-SpMM-CSR,best,pre-plus-solve,"csr-alg1,csr-alg2,csr-alg3,csr-alg4,csr-alg5",manual-selection,csr,ALPHASPARSE_SPMM_CSR_ALG5,workspace-setup,spmm.csr.fp64,fp64,A100-SXM4-80GB,A100-SXM4-80GB,,9700.0,a0827285-e98d-55a9-b486-73107367c8f5,suitesparse_all,DIMACS10/ms2010,ms2010,171778,171778,839980,2,row-major,N,N,1.0,0.0,20260922,main,pass,pass,0,0,3359920.0,0.02455,0.0357376009226,0.0602876009226,0.0369651009226,94.01638367602986,55.73152602827271,90.89438189375502,0.96924106882505,0.5745518147244609,0.9370554834407735,AlphaSparse 248af573c867cf4c7e05d40c611c7c34ebac4715,CUDA,13040,13000,2026-10-06T09:18:07.733184+00:00,derived,csr-alg5,0,0,,,,5,20,4,true
3,A100-SXM4-80GB-suitesparse_all-fp64-n2-row-major-AlphaSparse-SpMM-CSR-pre-plus-solve,AlphaSparse-SpMM-CSR-best-pre-plus-solve,AlphaSparseLib CSR PER MATRIX BEST,per-matrix-best,AlphaSparse-SpMM-CSR,best,pre-plus-solve,"csr-alg1,csr-alg2,csr-alg3,csr-alg4,csr-alg5",manual-selection,csr,ALPHASPARSE_SPMM_CSR_ALG5,workspace-setup,spmm.csr.fp64,fp64,A100-SXM4-80GB,A100-SXM4-80GB,,9700.0,dd6a9a30-d69d-5ea7-834e-7b0f3242a57c,suitesparse_all,DIMACS10/mt2010,mt2010,132288,132288,638668,2,row-major,N,N,1.0,0.0,20260922,main,pass,pass,0,0,2554672.0,0.01362,0.0304639995098,0.0440839995098,0.0311449995098,83.85871983677602,57.95009591704784,82.02510965511988,0.8645228849152167,0.5974236692479159,0.8456196871661843,AlphaSparse 248af573c867cf4c7e05d40c611c7c34ebac4715,CUDA,13040,13000,2026-10-06T22:36:03.182850+00:00,derived,csr-alg5,0,0,,,,5,20,4,true
3,A100-SXM4-80GB-suitesparse_all-fp64-n2-row-major-AlphaSparse-SpMM-CSR-pre-plus-solve,AlphaSparse-SpMM-CSR-best-pre-plus-solve,AlphaSparseLib CSR PER MATRIX BEST,per-matrix-best,AlphaSparse-SpMM-CSR,best,pre-plus-solve,"csr-alg1,csr-alg2,csr-alg3,csr-alg4,csr-alg5",manual-selection,csr,ALPHASPARSE_SPMM_CSR_ALG5,workspace-setup,spmm.csr.fp64,fp64,A100-SXM4-80GB,A100-SXM4-80GB,,9700.0,752b02ae-c4ef-54eb-ad5c-0957985c94ee,suitesparse_all,DIMACS10/NACA0015,NACA0015,1039183,1039183,6229636,2,row-major,N,N,1.0,0.0,20260922,main,pass,pass,0,0,24918544.0,0.26644,0.263782405853,0.530222405853,0.277104405853,94.46628526804227,46.99639948242487,89.92474848349737,0.973879229567446,0.4844989637363389,0.9270592627164678,AlphaSparse 248af573c867cf4c7e05d40c611c7c34ebac4715,CUDA,13040,13000,2026-10-08T08:14:30.055392+00:00,derived,csr-alg5,0,0,,,,5,20,4,true
3,A100-SXM4-80GB-suitesparse_all-fp64-n2-row-major-AlphaSparse-SpMM-CSR-pre-plus-solve,AlphaSparse-SpMM-CSR-best-pre-plus-solve,AlphaSparseLib CSR PER MATRIX BEST,per-matrix-best,AlphaSparse-SpMM-CSR,best,pre-plus-solve,"csr-alg1,csr-alg2,csr-alg3,csr-alg4,csr-alg5",manual-selection,csr,ALPHASPARSE_SPMM_CSR_ALG5,workspace-setup,spmm.csr.fp64,fp64,A100-SXM4-80GB,A100-SXM4-80GB,,9700.0,005fdebf-9ece-5bc0-9d3c-6fda0356699d,suitesparse_all,DIMACS10/nc2010,nc2010,288987,288987,1416620,2,row-major,N,N,1.0,0.0,20260922,main,pass,pass,0,0,5666480.0,0.02431,0.0497759997845,0.0740859997845,0.0509914997845,113.8396019071929,76.48516611077063,111.12597244536141,1.1736041433731228,0.7885068671213467,1.1456285819109424,AlphaSparse 248af573c867cf4c7e05d40c611c7c34ebac4715,CUDA,13040,13000,2026-10-08T15:44:30.851759+00:00,derived,csr-alg5,0,0,,,,5,20,4,true
3,A100-SXM4-80GB-suitesparse_all-fp64-n2-row-major-AlphaSparse-SpMM-CSR-pre-plus-solve,AlphaSparse-SpMM-CSR-best-pre-plus-solve,AlphaSparseLib CSR PER MATRIX BEST,per-matrix-best,AlphaSparse-SpMM-CSR,best,pre-plus-solve,"csr-alg1,csr-alg2,csr-alg3,csr-alg4,csr-alg5",manual-selection,csr,ALPHASPARSE_SPMM_CSR_ALG5,workspace-setup,spmm.csr.fp64,fp64,A100-SXM4-80GB,A100-SXM4-80GB,,9700.0,d94c6f41-d28e-5f45-abb9-189a8a3b4f78,suitesparse_all,DIMACS10/nd2010,nd2010,133769,133769,625946,2,row-major,N,N,1.0,0.0,20260922,main,pass,pass,0,0,2503784.0,0.0147,0.0296959996223,0.0443959996223,0.0304309996223,84.31384805513673,56.396612787210564,82.27741549985802,0.8692149284034714,0.5814083792495934,0.8482207783490517,AlphaSparse 248af573c867cf4c7e05d40c611c7c34ebac4715,CUDA,13040,13000,2026-10-06T03:52:34.249610+00:00,derived,csr-alg5,0,0,,,,5,20,4,true
3,A100-SXM4-80GB-suitesparse_all-fp64-n2-row-major-AlphaSparse-SpMM-CSR-pre-plus-solve,AlphaSparse-SpMM-CSR-best-pre-plus-solve,AlphaSparseLib CSR PER MATRIX BEST,per-matrix-best,AlphaSparse-SpMM-CSR,best,pre-plus-solve,"csr-alg1,csr-alg2,csr-alg3,csr-alg4,csr-alg5",manual-selection,csr,ALPHASPARSE_SPMM_CSR_ALG5,workspace-setup,spmm.csr.fp64,fp64,A100-SXM4-80GB,A100-SXM4-80GB,,9700.0,018f64fd-81d1-5f6a-986f-7d386c913e5c,suitesparse_all,DIMACS10/ne2010,ne2010,193352,193352,913854,2,row-major,N,N,1.0,0.0,20260922,main,pass,pass,0,0,3655416.0,0.0173,0.0390143990517,0.0563143990517,0.0398793990517,93.69402294665667,64.91085870674227,91.66176238666704,0.9659177623366667,0.6691841103787863,0.944966622542959,AlphaSparse 248af573c867cf4c7e05d40c611c7c34ebac4715,CUDA,13040,13000,2026-10-06T23:18:42.698022+00:00,derived,csr-alg5,0,0,,,,5,20,4,true
3,A100-SXM4-80GB-suitesparse_all-fp64-n2-row-major-AlphaSparse-SpMM-CSR-pre-plus-solve,AlphaSparse-SpMM-CSR-best-pre-plus-solve,AlphaSparseLib CSR PER MATRIX BEST,per-matrix-best,AlphaSparse-SpMM-CSR,best,pre-plus-solve,"csr-alg1,csr-alg2,csr-alg3,csr-alg4,csr-alg5",manual-selection,csr,ALPHASPARSE_SPMM_CSR_ALG5,workspace-setup,spmm.csr.fp64,fp64,A100-SXM4-80GB,A100-SXM4-80GB,,9700.0,752b02ae-c4ef-54eb-ad5c-0957985c94ee,suitesparse_all,DIMACS10/netherlands_osm,netherlands_osm,2216688,2216688,4882476,2,row-major,N,N,1.0,0.0,20260922,main,pass,pass,0,0,19529904.0,0.40639,0.280985593796,0.687375593796,0.301305093796,69.50500107909097,28.41227441921091,64.81770272766384,0.7165464028772266,0.29291004555887534,0.668223739460452,AlphaSparse 248af573c867cf4c7e05d40c611c7c34ebac4715,CUDA,13040,13000,2026-10-08T08:13:25.872249+00:00,derived,csr-alg5,0,0,,,,5,20,4,true
3,A100-SXM4-80GB-suitesparse_all-fp64-n2-row-major-AlphaSparse-SpMM-CSR-pre-plus-solve,AlphaSparse-SpMM-CSR-best-pre-plus-solve,AlphaSparseLib CSR PER MATRIX BEST,per-matrix-best,AlphaSparse-SpMM-CSR,best,pre-plus-solve,"csr-alg1,csr-alg2,csr-alg3,csr-alg4,csr-alg5",manual-selection,csr,ALPHASPARSE_SPMM_CSR_ALG5,workspace-setup,spmm.csr.fp64,fp64,A100-SXM4-80GB,A100-SXM4-80GB,,9700.0,752b02ae-c4ef-54eb-ad5c-0957985c94ee,suitesparse_all,DIMACS10/nj2010,nj2010,169588,169588,829912,2,row-major,N,N,1.0,0.0,20260922,main,pass,pass,0,0,3319648.0,0.01581,0.0359935998917,0.0518035998917,0.0367840998917,92.22884096029249,64.0814153251901,90.24681886395837,0.9508127934050772,0.6606331476823721,0.9303795759170965,AlphaSparse 248af573c867cf4c7e05d40c611c7c34ebac4715,CUDA,13040,13000,2026-10-08T08:14:34.110726+00:00,derived,csr-alg5,0,0,,,,5,20,4,true
3,A100-SXM4-80GB-suitesparse_all-fp64-n2-row-major-AlphaSparse-SpMM-CSR-pre-plus-solve,AlphaSparse-SpMM-CSR-best-pre-plus-solve,AlphaSparseLib CSR PER MATRIX BEST,per-matrix-best,AlphaSparse-SpMM-CSR,best,pre-plus-solve,"csr-alg1,csr-alg2,csr-alg3,csr-alg4,csr-alg5",manual-selection,csr,ALPHASPARSE_SPMM_CSR_ALG1,workspace-setup,spmm.csr.fp64,fp64,A100-SXM4-80GB,A100-SXM4-80GB,,9700.0,152f8cc9-7213-5fba-8430-8cd9341fa530,suitesparse_all,DIMACS10/NLR,NLR,4163763,4163763,24975952,2,row-major,N,N,1.0,0.0,20260922,main,pass,pass,0,0,99903808.0,0.40583,1.04750080109,1.45333080109,1.06779230109,95.37349078496446,68.74127206625774,93.56108664392731,0.9832318637625203,0.7086729078995643,0.9645472849889413,AlphaSparse 248af573c867cf4c7e05d40c611c7c34ebac4715,CUDA,13040,13000,2026-10-07T22:37:39.774835+00:00,derived,csr-alg1,0,0,,,,5,20,4,true
3,A100-SXM4-80GB-suitesparse_all-fp64-n2-row-major-AlphaSparse-SpMM-CSR-pre-plus-solve,AlphaSparse-SpMM-CSR-best-pre-plus-solve,AlphaSparseLib CSR PER MATRIX BEST,per-matrix-best,AlphaSparse-SpMM-CSR,best,pre-plus-solve,"csr-alg1,csr-alg2,csr-alg3,csr-alg4,csr-alg5",manual-selection,csr,ALPHASPARSE_SPMM_CSR_ALG5,workspace-setup,spmm.csr.fp64,fp64,A100-SXM4-80GB,A100-SXM4-80GB,,9700.0,152f8cc9-7213-5fba-8430-8cd9341fa530,suitesparse_all,DIMACS10/nm2010,nm2010,168609,168609,830970,2,row-major,N,N,1.0,0.0,20260922,main,pass,pass,0,0,3323880.0,0.02524,0.0358911991119,0.0611311991119,0.0371531991119,92.60988995204515,54.37289057451128,89.464166732694,0.9547411335262386,0.5605452636547554,0.922310997244268,AlphaSparse 248af573c867cf4c7e05d40c611c7c34ebac4715,CUDA,13040,13000,2026-10-08T02:32:41.888066+00:00,derived,csr-alg5,0,0,,,,5,20,4,true
3,A100-SXM4-80GB-suitesparse_all-fp64-n2-row-major-AlphaSparse-SpMM-CSR-pre-plus-solve,AlphaSparse-SpMM-CSR-best-pre-plus-solve,AlphaSparseLib CSR PER MATRIX BEST,per-matrix-best,AlphaSparse-SpMM-CSR,best,pre-plus-solve,"csr-alg1,csr-alg2,csr-alg3,csr-alg4,csr-alg5",manual-selection,csr,ALPHASPARSE_SPMM_CSR_ALG5,workspace-setup,spmm.csr.fp64,fp64,A100-SXM4-80GB,A100-SXM4-80GB,,9700.0,a0827285-e98d-55a9-b486-73107367c8f5,suitesparse_all,DIMACS10/nv2010,nv2010,84538,84538,416998,2,row-major,N,N,1.0,0.0,20260922,main,pass,pass,0,0,1667992.0,0.02529,0.0243200004101,0.0496100004101,0.0255845004101,68.5851962118919,33.62209204216045,65.19541023914333,0.7070638784731124,0.346619505589283,0.6721176313313746,AlphaSparse 248af573c867cf4c7e05d40c611c7c34ebac4715,CUDA,13040,13000,2026-10-06T09:18:08.521156+00:00,derived,csr-alg5,0,0,,,,5,20,4,true
3,A100-SXM4-80GB-suitesparse_all-fp64-n2-row-major-AlphaSparse-SpMM-CSR-pre-plus-solve,AlphaSparse-SpMM-CSR-best-pre-plus-solve,AlphaSparseLib CSR PER MATRIX BEST,per-matrix-best,AlphaSparse-SpMM-CSR,best,pre-plus-solve,"csr-alg1,csr-alg2,csr-alg3,csr-alg4,csr-alg5",manual-selection,csr,ALPHASPARSE_SPMM_CSR_ALG1,workspace-setup,spmm.csr.fp64,fp64,A100-SXM4-80GB,A100-SXM4-80GB,,9700.0,dd6a9a30-d69d-5ea7-834e-7b0f3242a57c,suitesparse_all,DIMACS10/ny2010,ny2010,350169,350169,1709544,2,row-major,N,N,1.0,0.0,20260922,main,pass,pass,0,0,6838176.0,0.017209,0.0875007987022,0.104709798702,0.0883612487022,78.14986950316911,65.30597981055413,77.38885654554748,0.8056687577646301,0.6732575238201457,0.7978232633561596,AlphaSparse 248af573c867cf4c7e05d40c611c7c34ebac4715,CUDA,13040,13000,2026-10-06T20:06:08.062082+00:00,derived,csr-alg1,0,0,,,,5,20,4,true
3,A100-SXM4-80GB-suitesparse_all-fp64-n2-row-major-AlphaSparse-SpMM-CSR-pre-plus-solve,AlphaSparse-SpMM-CSR-best-pre-plus-solve,AlphaSparseLib CSR PER MATRIX BEST,per-matrix-best,AlphaSparse-SpMM-CSR,best,pre-plus-solve,"csr-alg1,csr-alg2,csr-alg3,csr-alg4,csr-alg5",manual-selection,csr,ALPHASPARSE_SPMM_CSR_ALG5,workspace-setup,spmm.csr.fp64,fp64,A100-SXM4-80GB,A100-SXM4-80GB,,9700.0,005fdebf-9ece-5bc0-9d3c-6fda0356699d,suitesparse_all,DIMACS10/oh2010,oh2010,365344,365344,1768240,2,row-major,N,N,1.0,0.0,20260922,main,pass,pass,0,0,7072960.0,0.01954,0.0640399992466,0.0835799992466,0.0650169992466,110.44597256730161,84.62503067428209,108.78631868526098,1.1386182738897073,0.8724229966420834,1.1215084400542368,AlphaSparse 248af573c867cf4c7e05d40c611c7c34ebac4715,CUDA,13040,13000,2026-10-08T15:44:32.423875+00:00,derived,csr-alg5,0,0,,,,5,20,4,true
3,A100-SXM4-80GB-suitesparse_all-fp64-n2-row-major-AlphaSparse-SpMM-CSR-pre-plus-solve,AlphaSparse-SpMM-CSR-best-pre-plus-solve,AlphaSparseLib CSR PER MATRIX BEST,per-matrix-best,AlphaSparse-SpMM-CSR,best,pre-plus-solve,"csr-alg1,csr-alg2,csr-alg3,csr-alg4,csr-alg5",manual-selection,csr,ALPHASPARSE_SPMM_CSR_ALG5,workspace-setup,spmm.csr.fp64,fp64,A100-SXM4-80GB,A100-SXM4-80GB,,9700.0,d94c6f41-d28e-5f45-abb9-189a8a3b4f78,suitesparse_all,DIMACS10/ok2010,ok2010,269118,269118,1274148,2,row-major,N,N,1.0,0.0,20260922,main,pass,pass,0,0,5096592.0,0.01549,0.0526336014271,0.0681236014271,0.0534081014271,96.83152704378435,74.81389552567818,95.4273202719376,0.9982631653998387,0.7712772734605997,0.9837868069271918,AlphaSparse 248af573c867cf4c7e05d40c611c7c34ebac4715,CUDA,13040,13000,2026-10-06T03:52:35.380207+00:00,derived,csr-alg5,0,0,,,,5,20,4,true
3,A100-SXM4-80GB-suitesparse_all-fp64-n2-row-major-AlphaSparse-SpMM-CSR-pre-plus-solve,AlphaSparse-SpMM-CSR-best-pre-plus-solve,AlphaSparseLib CSR PER MATRIX BEST,per-matrix-best,AlphaSparse-SpMM-CSR,best,pre-plus-solve,"csr-alg1,csr-alg2,csr-alg3,csr-alg4,csr-alg5",manual-selection,csr,ALPHASPARSE_SPMM_CSR_ALG5,workspace-setup,spmm.csr.fp64,fp64,A100-SXM4-80GB,A100-SXM4-80GB,,9700.0,018f64fd-81d1-5f6a-986f-7d386c913e5c,suitesparse_all,DIMACS10/or2010,or2010,196621,196621,979512,2,row-major,N,N,1.0,0.0,20260922,main,pass,pass,0,0,3918048.0,0.01448,0.0449023991823,0.0593823991823,0.0456263991823,87.25698562549078,65.97995456485101,85.87239120811317,0.8995565528401112,0.6802057171634125,0.8852823835887955,AlphaSparse 248af573c867cf4c7e05d40c611c7c34ebac4715,CUDA,13040,13000,2026-10-06T23:18:43.767286+00:00,derived,csr-alg5,0,0,,,,5,20,4,true
3,A100-SXM4-80GB-suitesparse_all-fp64-n2-row-major-AlphaSparse-SpMM-CSR-pre-plus-solve,AlphaSparse-SpMM-CSR-best-pre-plus-solve,AlphaSparseLib CSR PER MATRIX BEST,per-matrix-best,AlphaSparse-SpMM-CSR,best,pre-plus-solve,"csr-alg1,csr-alg2,csr-alg3,csr-alg4,csr-alg5",manual-selection,csr,ALPHASPARSE_SPMM_CSR_ALG2,workspace-setup,spmm.csr.fp64,fp64,A100-SXM4-80GB,A100-SXM4-80GB,,9700.0,d94c6f41-d28e-5f45-abb9-189a8a3b4f78,suitesparse_all,DIMACS10/packing-500x100x100-b050,packing-500x100x100-b050,2145852,2145852,34976486,2,row-major,N,N,1.0,0.0,20260922,main,pass,pass,0,0,139905944.0,0.64885,1.3329407692,1.9817907692,1.3653832692,104.96036075479054,70.5957188691905,102.4664262086448,1.082065574791655,0.7277909161772217,1.0563549093674722,AlphaSparse 248af573c867cf4c7e05d40c611c7c34ebac4715,CUDA,13040,13000,2026-10-06T02:38:39.302397+00:00,derived,csr-alg2,0,0,,,,5,20,4,true
3,A100-SXM4-80GB-suitesparse_all-fp64-n2-row-major-AlphaSparse-SpMM-CSR-pre-plus-solve,AlphaSparse-SpMM-CSR-best-pre-plus-solve,AlphaSparseLib CSR PER MATRIX BEST,per-matrix-best,AlphaSparse-SpMM-CSR,best,pre-plus-solve,"csr-alg1,csr-alg2,csr-alg3,csr-alg4,csr-alg5",manual-selection,csr,ALPHASPARSE_SPMM_CSR_ALG5,workspace-setup,spmm.csr.fp64,fp64,A100-SXM4-80GB,A100-SXM4-80GB,,9700.0,dd6a9a30-d69d-5ea7-834e-7b0f3242a57c,suitesparse_all,DIMACS10/preferentialAttachment,preferentialAttachment,100000,100000,999970,2,row-major,N,N,1.0,0.0,20260922,main,pass,pass,0,0,3999880.0,0.01302,0.0406015992165,0.0536215992165,0.0412525992165,98.51533134622188,74.5945674587264,96.9606782595204,1.0156219726414628,0.7690161593683134,0.9995946212321691,AlphaSparse 248af573c867cf4c7e05d40c611c7c34ebac4715,CUDA,13040,13000,2026-10-06T22:35:59.326512+00:00,derived,csr-alg5,0,0,,,,5,20,4,true
3,A100-SXM4-80GB-suitesparse_all-fp64-n2-row-major-AlphaSparse-SpMM-CSR-pre-plus-solve,AlphaSparse-SpMM-CSR-best-pre-plus-solve,AlphaSparseLib CSR PER MATRIX BEST,per-matrix-best,AlphaSparse-SpMM-CSR,best,pre-plus-solve,"csr-alg1,csr-alg2,csr-alg3,csr-alg4,csr-alg5",manual-selection,csr,ALPHASPARSE_SPMM_CSR_ALG1,workspace-setup,spmm.csr.fp64,fp64,A100-SXM4-80GB,A100-SXM4-80GB,,9700.0,752b02ae-c4ef-54eb-ad5c-0957985c94ee,suitesparse_all,DIMACS10/rgg_n_2_16_s0,rgg_n_2_16_s0,65536,65536,684254,2,row-major,N,N,1.0,0.0,20260922,main,pass,pass,0,0,2737016.0,0.021669,0.0221696004272,0.0438386004272,0.0232530504272,123.45806632770615,62.43392748236088,117.70567515728628,1.2727635703887232,0.6436487369315554,1.2134605686318174,AlphaSparse 248af573c867cf4c7e05d40c611c7c34ebac4715,CUDA,13040,13000,2026-10-08T03:48:43.197575+00:00,derived,csr-alg1,0,0,,,,5,20,4,true
3,A100-SXM4-80GB-suitesparse_all-fp64-n2-row-major-AlphaSparse-SpMM-CSR-pre-plus-solve,AlphaSparse-SpMM-CSR-best-pre-plus-solve,AlphaSparseLib CSR PER MATRIX BEST,per-matrix-best,AlphaSparse-SpMM-CSR,best,pre-plus-solve,"csr-alg1,csr-alg2,csr-alg3,csr-alg4,csr-alg5",manual-selection,csr,ALPHASPARSE_SPMM_CSR_ALG1,workspace-setup,spmm.csr.fp64,fp64,A100-SXM4-80GB,A100-SXM4-80GB,,9700.0,152f8cc9-7213-5fba-8430-8cd9341fa530,suitesparse_all,DIMACS10/rgg_n_2_17_s0,rgg_n_2_17_s0,131072,131072,1457506,2,row-major,N,N,1.0,0.0,20260922,main,pass,pass,0,0,5830024.0,0.02584,0.036812800169,0.062652800169,0.038104800169,158.36947945376494,93.05288804768601,152.99972638993108,1.6326750459151023,0.9593081242029485,1.5773167669065062,AlphaSparse 248af573c867cf4c7e05d40c611c7c34ebac4715,CUDA,13040,13000,2026-10-07T22:35:57.737670+00:00,derived,csr-alg1,0,0,,,,5,20,4,true
3,A100-SXM4-80GB-suitesparse_all-fp64-n2-row-major-AlphaSparse-SpMM-CSR-pre-plus-solve,AlphaSparse-SpMM-CSR-best-pre-plus-solve,AlphaSparseLib CSR PER MATRIX BEST,per-matrix-best,AlphaSparse-SpMM-CSR,best,pre-plus-solve,"csr-alg1,csr-alg2,csr-alg3,csr-alg4,csr-alg5",manual-selection,csr,ALPHASPARSE_SPMM_CSR_ALG1,workspace-setup,spmm.csr.fp64,fp64,A100-SXM4-80GB,A100-SXM4-80GB,,9700.0,a0827285-e98d-55a9-b486-73107367c8f5,suitesparse_all,DIMACS10/rgg_n_2_18_s0,rgg_n_2_18_s0,262144,262144,3094566,2,row-major,N,N,1.0,0.0,20260922,main,pass,pass,0,0,12378264.0,0.03818,0.0914767980576,0.129656798058,0.0933857980576,135.31588624479187,95.46945617508439,132.54974800734834,1.395009136544246,0.9842211976812824,1.3664922474984365,AlphaSparse 248af573c867cf4c7e05d40c611c7c34ebac4715,CUDA,13040,13000,2026-10-06T07:25:15.627933+00:00,derived,csr-alg1,0,0,,,,5,20,4,true
3,A100-SXM4-80GB-suitesparse_all-fp64-n2-row-major-AlphaSparse-SpMM-CSR-pre-plus-solve,AlphaSparse-SpMM-CSR-best-pre-plus-solve,AlphaSparseLib CSR PER MATRIX BEST,per-matrix-best,AlphaSparse-SpMM-CSR,best,pre-plus-solve,"csr-alg1,csr-alg2,csr-alg3,csr-alg4,csr-alg5",manual-selection,csr,ALPHASPARSE_SPMM_CSR_ALG1,workspace-setup,spmm.csr.fp64,fp64,A100-SXM4-80GB,A100-SXM4-80GB,,9700.0,dd6a9a30-d69d-5ea7-834e-7b0f3242a57c,suitesparse_all,DIMACS10/rgg_n_2_19_s0,rgg_n_2_19_s0,524288,524288,6539532,2,row-major,N,N,1.0,0.0,20260922,main,pass,pass,0,0,26158128.0,0.19436,0.182630395889,0.376990395889,0.192348395889,143.22987075984062,69.38672254054431,135.99348140701562,1.476596605771553,0.7153270365004568,1.4019946536805734,AlphaSparse 248af573c867cf4c7e05d40c611c7c34ebac4715,CUDA,13040,13000,2026-10-06T20:04:40.620952+00:00,derived,csr-alg1,0,0,,,,5,20,4,true
3,A100-SXM4-80GB-suitesparse_all-fp64-n2-row-major-AlphaSparse-SpMM-CSR-pre-plus-solve,AlphaSparse-SpMM-CSR-best-pre-plus-solve,AlphaSparseLib CSR PER MATRIX BEST,per-matrix-best,AlphaSparse-SpMM-CSR,best,pre-plus-solve,"csr-alg1,csr-alg2,csr-alg3,csr-alg4,csr-alg5",manual-selection,csr,ALPHASPARSE_SPMM_CSR_ALG5,workspace-setup,spmm.csr.fp64,fp64,A100-SXM4-80GB,A100-SXM4-80GB,,9700.0,005fdebf-9ece-5bc0-9d3c-6fda0356699d,suitesparse_all,DIMACS10/rgg_n_2_20_s0,rgg_n_2_20_s0,1048576,1048576,13783240,2,row-major,N,N,1.0,0.0,20260922,main,pass,pass,0,0,55132960.0,0.32276,0.467404794693,0.790164794693,0.483542794693,117.95548660602067,69.77400204399213,114.01878097470932,1.2160359443919657,0.7193196087009498,1.1754513502547352,AlphaSparse 248af573c867cf4c7e05d40c611c7c34ebac4715,CUDA,13040,13000,2026-10-08T15:43:24.891600+00:00,derived,csr-alg5,0,0,,,,5,20,4,true
3,A100-SXM4-80GB-suitesparse_all-fp64-n2-row-major-AlphaSparse-SpMM-CSR-pre-plus-solve,AlphaSparse-SpMM-CSR-best-pre-plus-solve,AlphaSparseLib CSR PER MATRIX BEST,per-matrix-best,AlphaSparse-SpMM-CSR,best,pre-plus-solve,"csr-alg1,csr-alg2,csr-alg3,csr-alg4,csr-alg5",manual-selection,csr,ALPHASPARSE_SPMM_CSR_ALG1,workspace-setup,spmm.csr.fp64,fp64,A100-SXM4-80GB,A100-SXM4-80GB,,9700.0,d94c6f41-d28e-5f45-abb9-189a8a3b4f78,suitesparse_all,DIMACS10/rgg_n_2_21_s0,rgg_n_2_21_s0,2097152,2097152,28975990,2,row-major,N,N,1.0,0.0,20260922,main,pass,pass,0,0,115903960.0,0.44206,0.78745598793,1.22951598793,0.80955898793,147.18785783149463,94.26795677145661,143.16925848277018,1.5174005962009756,0.9718346058913052,1.475971736935775,AlphaSparse 248af573c867cf4c7e05d40c611c7c34ebac4715,CUDA,13040,13000,2026-10-06T02:08:48.571486+00:00,derived,csr-alg1,0,0,,,,5,20,4,true
3,A100-SXM4-80GB-suitesparse_all-fp64-n2-row-major-AlphaSparse-SpMM-CSR-pre-plus-solve,AlphaSparse-SpMM-CSR-best-pre-plus-solve,AlphaSparseLib CSR PER MATRIX BEST,per-matrix-best,AlphaSparse-SpMM-CSR,best,pre-plus-solve,"csr-alg1,csr-alg2,csr-alg3,csr-alg4,csr-alg5",manual-selection,csr,ALPHASPARSE_SPMM_CSR_ALG1,workspace-setup,spmm.csr.fp64,fp64,A100-SXM4-80GB,A100-SXM4-80GB,,9700.0,018f64fd-81d1-5f6a-986f-7d386c913e5c,suitesparse_all,DIMACS10/rgg_n_2_22_s0,rgg_n_2_22_s0,4194304,4194304,60718396,2,row-major,N,N,1.0,0.0,20260922,main,pass,pass,0,0,242873584.0,0.382001,1.63875846863,2.02075946863,1.65785851863,148.20584524761725,120.18925941970683,146.4983780405476,1.5278953118311056,1.2390645301000704,1.5102925571190475,AlphaSparse 248af573c867cf4c7e05d40c611c7c34ebac4715,CUDA,13040,13000,2026-10-06T20:37:28.676178+00:00,derived,csr-alg1,0,0,,,,5,20,4,true
3,A100-SXM4-80GB-suitesparse_all-fp64-n2-row-major-AlphaSparse-SpMM-CSR-pre-plus-solve,AlphaSparse-SpMM-CSR-best-pre-plus-solve,AlphaSparseLib CSR PER MATRIX BEST,per-matrix-best,AlphaSparse-SpMM-CSR,best,pre-plus-solve,"csr-alg1,csr-alg2,csr-alg3,csr-alg4,csr-alg5",manual-selection,csr,ALPHASPARSE_SPMM_CSR_ALG4,workspace-setup,spmm.csr.fp64,fp64,A100-SXM4-80GB,A100-SXM4-80GB,,9700.0,752b02ae-c4ef-54eb-ad5c-0957985c94ee,suitesparse_all,DIMACS10/rgg_n_2_24_s0,rgg_n_2_24_s0,16777216,16777216,265114400,2,row-major,N,N,1.0,0.0,20260922,main,pass,pass,0,0,1060457600.0,0.42395,8.38359069824,8.80754069824,8.40478819824,126.49205312738204,120.40337210271532,126.17303077572667,1.3040417848183714,1.2412718773475808,1.3007528945951203,AlphaSparse 248af573c867cf4c7e05d40c611c7c34ebac4715,CUDA,13040,13000,2026-10-08T07:12:07.639109+00:00,derived,csr-alg4,0,0,,,,5,20,4,true
3,A100-SXM4-80GB-suitesparse_all-fp64-n2-row-major-AlphaSparse-SpMM-CSR-pre-plus-solve,AlphaSparse-SpMM-CSR-best-pre-plus-solve,AlphaSparseLib CSR PER MATRIX BEST,per-matrix-best,AlphaSparse-SpMM-CSR,best,pre-plus-solve,"csr-alg1,csr-alg2,csr-alg3,csr-alg4,csr-alg5",manual-selection,csr,ALPHASPARSE_SPMM_CSR_ALG5,workspace-setup,spmm.csr.fp64,fp64,A100-SXM4-80GB,A100-SXM4-80GB,,9700.0,752b02ae-c4ef-54eb-ad5c-0957985c94ee,suitesparse_all,DIMACS10/ri2010,ri2010,25181,25181,125750,2,row-major,N,N,1.0,0.0,20260922,main,pass,pass,0,0,503000.0,0.01418,0.0163328006864,0.0305128006864,0.0170418006864,30.796922686923995,16.484884661020136,29.51566030234194,0.31749404831880407,0.16994726454659934,0.3042851577561025,AlphaSparse 248af573c867cf4c7e05d40c611c7c34ebac4715,CUDA,13040,13000,2026-10-08T08:14:35.053791+00:00,derived,csr-alg5,0,0,,,,5,20,4,true
3,A100-SXM4-80GB-suitesparse_all-fp64-n2-row-major-AlphaSparse-SpMM-CSR-pre-plus-solve,AlphaSparse-SpMM-CSR-best-pre-plus-solve,AlphaSparseLib CSR PER MATRIX BEST,per-matrix-best,AlphaSparse-SpMM-CSR,best,pre-plus-solve,"csr-alg1,csr-alg2,csr-alg3,csr-alg4,csr-alg5",manual-selection,csr,ALPHASPARSE_SPMM_CSR_ALG1,workspace-setup,spmm.csr.fp64,fp64,A100-SXM4-80GB,A100-SXM4-80GB,,9700.0,018f64fd-81d1-5f6a-986f-7d386c913e5c,suitesparse_all,DIMACS10/road_central,road_central,14081816,14081816,33866826,2,row-major,N,N,1.0,0.0,20260922,main,pass,pass,0,0,135467304.0,0.39688,1.97621765137,2.37309765137,1.99606165137,68.54877746187935,57.084588964046254,67.86729453322336,0.7066884274420552,0.5885009171551161,0.699662830239416,AlphaSparse 248af573c867cf4c7e05d40c611c7c34ebac4715,CUDA,13040,13000,2026-10-06T20:36:43.913948+00:00,derived,csr-alg1,0,0,,,,5,20,4,true
3,A100-SXM4-80GB-suitesparse_all-fp64-n2-row-major-AlphaSparse-SpMM-CSR-pre-plus-solve,AlphaSparse-SpMM-CSR-best-pre-plus-solve,AlphaSparseLib CSR PER MATRIX BEST,per-matrix-best,AlphaSparse-SpMM-CSR,best,pre-plus-solve,"csr-alg1,csr-alg2,csr-alg3,csr-alg4,csr-alg5",manual-selection,csr,ALPHASPARSE_SPMM_CSR_ALG5,workspace-setup,spmm.csr.fp64,fp64,A100-SXM4-80GB,A100-SXM4-80GB,,9700.0,152f8cc9-7213-5fba-8430-8cd9341fa530,suitesparse_all,DIMACS10/sc2010,sc2010,181908,181908,893160,2,row-major,N,N,1.0,0.0,20260922,main,pass,pass,0,0,3572640.0,0.02076,0.0385024011135,0.0592624011135,0.0395404011135,92.79005715691156,60.28510375672495,90.35416686201039,0.9565985273908408,0.621495915017783,0.9314862563093854,AlphaSparse 248af573c867cf4c7e05d40c611c7c34ebac4715,CUDA,13040,13000,2026-10-08T02:32:42.839975+00:00,derived,csr-alg5,0,0,,,,5,20,4,true
3,A100-SXM4-80GB-suitesparse_all-fp64-n2-row-major-AlphaSparse-SpMM-CSR-pre-plus-solve,AlphaSparse-SpMM-CSR-best-pre-plus-solve,AlphaSparseLib CSR PER MATRIX BEST,per-matrix-best,AlphaSparse-SpMM-CSR,best,pre-plus-solve,"csr-alg1,csr-alg2,csr-alg3,csr-alg4,csr-alg5",manual-selection,csr,ALPHASPARSE_SPMM_CSR_ALG5,workspace-setup,spmm.csr.fp64,fp64,A100-SXM4-80GB,A100-SXM4-80GB,,9700.0,a0827285-e98d-55a9-b486-73107367c8f5,suitesparse_all,DIMACS10/sd2010,sd2010,88360,88360,410722,2,row-major,N,N,1.0,0.0,20260922,main,pass,pass,0,0,1642888.0,0.02132,0.0240639999509,0.0453839999509,0.0251299999509,68.27160918185406,36.19971800144118,65.37556717906646,0.7038310224933408,0.37319296908702243,0.6739749193718192,AlphaSparse 248af573c867cf4c7e05d40c611c7c34ebac4715,CUDA,13040,13000,2026-10-06T09:18:09.312045+00:00,derived,csr-alg5,0,0,,,,5,20,4,true
3,A100-SXM4-80GB-suitesparse_all-fp64-n2-row-major-AlphaSparse-SpMM-CSR-pre-plus-solve,AlphaSparse-SpMM-CSR-best-pre-plus-solve,AlphaSparseLib CSR PER MATRIX BEST,per-matrix-best,AlphaSparse-SpMM-CSR,best,pre-plus-solve,"csr-alg1,csr-alg2,csr-alg3,csr-alg4,csr-alg5",manual-selection,csr,ALPHASPARSE_SPMM_CSR_ALG1,workspace-setup,spmm.csr.fp64,fp64,A100-SXM4-80GB,A100-SXM4-80GB,,9700.0,005fdebf-9ece-5bc0-9d3c-6fda0356699d,suitesparse_all,DIMACS10/smallworld,smallworld,100000,100000,999996,2,row-major,N,N,1.0,0.0,20260922,main,pass,pass,0,0,3999984.0,0.01628,0.0166912004352,0.0329712004352,0.0175052004352,239.64627442640082,121.3175118649797,228.50261068457738,2.470580148725782,1.2506959986080382,2.355697017366777,AlphaSparse 248af573c867cf4c7e05d40c611c7c34ebac4715,CUDA,13040,13000,2026-10-08T14:06:51.020819+00:00,derived,csr-alg1,0,0,,,,5,20,4,true
3,A100-SXM4-80GB-suitesparse_all-fp64-n2-row-major-AlphaSparse-SpMM-CSR-pre-plus-solve,AlphaSparse-SpMM-CSR-best-pre-plus-solve,AlphaSparseLib CSR PER MATRIX BEST,per-matrix-best,AlphaSparse-SpMM-CSR,best,pre-plus-solve,"csr-alg1,csr-alg2,csr-alg3,csr-alg4,csr-alg5",manual-selection,csr,ALPHASPARSE_SPMM_CSR_ALG1,workspace-setup,spmm.csr.fp64,fp64,A100-SXM4-80GB,A100-SXM4-80GB,,9700.0,018f64fd-81d1-5f6a-986f-7d386c913e5c,suitesparse_all,DIMACS10/t60k,t60k,60005,60005,178880,2,row-major,N,N,1.0,0.0,20260922,main,pass,pass,0,0,715520.0,0.019,0.00716800019145,0.0261680001915,0.00811800019145,99.82142590529966,27.34331988549963,88.13993386617513,1.0290868650030893,0.2818898957268003,0.908659112022424,AlphaSparse 248af573c867cf4c7e05d40c611c7c34ebac4715,CUDA,13040,13000,2026-10-06T20:37:34.280516+00:00,derived,csr-alg1,0,0,,,,5,20,4,true
3,A100-SXM4-80GB-suitesparse_all-fp64-n2-row-major-AlphaSparse-SpMM-CSR-pre-plus-solve,AlphaSparse-SpMM-CSR-best-pre-plus-solve,AlphaSparseLib CSR PER MATRIX BEST,per-matrix-best,AlphaSparse-SpMM-CSR,best,pre-plus-solve,"csr-alg1,csr-alg2,csr-alg3,csr-alg4,csr-alg5",manual-selection,csr,ALPHASPARSE_SPMM_CSR_ALG5,workspace-setup,spmm.csr.fp64,fp64,A100-SXM4-80GB,A100-SXM4-80GB,,9700.0,dd6a9a30-d69d-5ea7-834e-7b0f3242a57c,suitesparse_all,DIMACS10/tn2010,tn2010,240116,240116,1193966,2,row-major,N,N,1.0,0.0,20260922,main,pass,pass,0,0,4775864.0,0.015209,0.0471040010452,0.0623130010452,0.0478644510452,101.38977356545958,76.64313899013995,99.77893605193533,1.0452553975820575,0.7901354535065973,1.0286488252776838,AlphaSparse 248af573c867cf4c7e05d40c611c7c34ebac4715,CUDA,13040,13000,2026-10-06T22:36:05.451463+00:00,derived,csr-alg5,0,0,,,,5,20,4,true
3,A100-SXM4-80GB-suitesparse_all-fp64-n2-row-major-AlphaSparse-SpMM-CSR-pre-plus-solve,AlphaSparse-SpMM-CSR-best-pre-plus-solve,AlphaSparseLib CSR PER MATRIX BEST,per-matrix-best,AlphaSparse-SpMM-CSR,best,pre-plus-solve,"csr-alg1,csr-alg2,csr-alg3,csr-alg4,csr-alg5",manual-selection,csr,ALPHASPARSE_SPMM_CSR_ALG2,workspace-setup,spmm.csr.fp64,fp64,A100-SXM4-80GB,A100-SXM4-80GB,,9700.0,005fdebf-9ece-5bc0-9d3c-6fda0356699d,suitesparse_all,DIMACS10/tx2010,tx2010,914231,914231,4456272,2,row-major,N,N,1.0,0.0,20260922,main,pass,pass,0,0,17825088.0,0.32178,0.244070410728,0.565850410728,0.260159410728,73.03256444249958,31.501413910907957,68.51602234999048,0.7529130354896864,0.3247568444423501,0.7063507458761905,AlphaSparse 248af573c867cf4c7e05d40c611c7c34ebac4715,CUDA,13040,13000,2026-10-08T14:33:19.035408+00:00,derived,csr-alg2,0,0,,,,5,20,4,true
3,A100-SXM4-80GB-suitesparse_all-fp64-n2-row-major-AlphaSparse-SpMM-CSR-pre-plus-solve,AlphaSparse-SpMM-CSR-best-pre-plus-solve,AlphaSparseLib CSR PER MATRIX BEST,per-matrix-best,AlphaSparse-SpMM-CSR,best,pre-plus-solve,"csr-alg1,csr-alg2,csr-alg3,csr-alg4,csr-alg5",manual-selection,csr,ALPHASPARSE_SPMM_CSR_ALG5,workspace-setup,spmm.csr.fp64,fp64,A100-SXM4-80GB,A100-SXM4-80GB,,9700.0,d94c6f41-d28e-5f45-abb9-189a8a3b4f78,suitesparse_all,DIMACS10/ut2010,ut2010,115406,115406,572066,2,row-major,N,N,1.0,0.0,20260922,main,pass,pass,0,0,2288264.0,0.01792,0.0294912010431,0.0474112010431,0.0303872010431,77.59141435629597,48.26420655152382,75.3035462777377,0.7999114882092367,0.49756913970643113,0.7763252193581206,AlphaSparse 248af573c867cf4c7e05d40c611c7c34ebac4715,CUDA,13040,13000,2026-10-06T03:52:36.491795+00:00,derived,csr-alg5,0,0,,,,5,20,4,true
3,A100-SXM4-80GB-suitesparse_all-fp64-n2-row-major-AlphaSparse-SpMM-CSR-pre-plus-solve,AlphaSparse-SpMM-CSR-best-pre-plus-solve,AlphaSparseLib CSR PER MATRIX BEST,per-matrix-best,AlphaSparse-SpMM-CSR,best,pre-plus-solve,"csr-alg1,csr-alg2,csr-alg3,csr-alg4,csr-alg5",manual-selection,csr,ALPHASPARSE_SPMM_CSR_ALG5,workspace-setup,spmm.csr.fp64,fp64,A100-SXM4-80GB,A100-SXM4-80GB,,9700.0,018f64fd-81d1-5f6a-986f-7d386c913e5c,suitesparse_all,DIMACS10/va2010,va2010,285762,285762,1402128,2,row-major,N,N,1.0,0.0,20260922,main,pass,pass,0,0,5608512.0,0.01645,0.0586239993572,0.0750739993572,0.0594464993572,95.66921502279222,74.70645027601175,94.34553860438061,0.9862805672452806,0.770169590474348,0.9726344186018618,AlphaSparse 248af573c867cf4c7e05d40c611c7c34ebac4715,CUDA,13040,13000,2026-10-06T23:18:44.875505+00:00,derived,csr-alg5,0,0,,,,5,20,4,true
3,A100-SXM4-80GB-suitesparse_all-fp64-n2-row-major-AlphaSparse-SpMM-CSR-pre-plus-solve,AlphaSparse-SpMM-CSR-best-pre-plus-solve,AlphaSparseLib CSR PER MATRIX BEST,per-matrix-best,AlphaSparse-SpMM-CSR,best,pre-plus-solve,"csr-alg1,csr-alg2,csr-alg3,csr-alg4,csr-alg5",manual-selection,csr,ALPHASPARSE_SPMM_CSR_ALG1,workspace-setup,spmm.csr.fp64,fp64,A100-SXM4-80GB,A100-SXM4-80GB,,9700.0,018f64fd-81d1-5f6a-986f-7d386c913e5c,suitesparse_all,DIMACS10/venturiLevel3,venturiLevel3,4026819,4026819,16108474,2,row-major,N,N,1.0,0.0,20260922,main,pass,pass,0,0,64433896.0,0.39507,0.409753608704,0.804823608704,0.429507108704,157.25034418561057,80.05964947245684,150.0182294873387,1.6211375689238205,0.8253572110562561,1.5465796854364813,AlphaSparse 248af573c867cf4c7e05d40c611c7c34ebac4715,CUDA,13040,13000,2026-10-06T20:37:13.692681+00:00,derived,csr-alg1,0,0,,,,5,20,4,true
3,A100-SXM4-80GB-suitesparse_all-fp64-n2-row-major-AlphaSparse-SpMM-CSR-pre-plus-solve,AlphaSparse-SpMM-CSR-best-pre-plus-solve,AlphaSparseLib CSR PER MATRIX BEST,per-matrix-best,AlphaSparse-SpMM-CSR,best,pre-plus-solve,"csr-alg1,csr-alg2,csr-alg3,csr-alg4,csr-alg5",manual-selection,csr,ALPHASPARSE_SPMM_CSR_ALG1,workspace-setup,spmm.csr.fp64,fp64,A100-SXM4-80GB,A100-SXM4-80GB,,9700.0,005fdebf-9ece-5bc0-9d3c-6fda0356699d,suitesparse_all,DIMACS10/vsp_barth5_1Ksep_50in_5Kout,vsp_barth5_1Ksep_50in_5Kout,32212,32212,203610,2,row-major,N,N,1.0,0.0,20260922,main,pass,pass,0,0,814440.0,0.01398,0.013055999577,0.027035999577,0.013754999577,62.38051672694229,30.124279210777114,59.21047074125984,0.6430981105870339,0.3105595794925476,0.6104172241366994,AlphaSparse 248af573c867cf4c7e05d40c611c7c34ebac4715,CUDA,13040,13000,2026-10-08T14:06:59.285261+00:00,derived,csr-alg1,0,0,,,,5,20,4,true
3,A100-SXM4-80GB-suitesparse_all-fp64-n2-row-major-AlphaSparse-SpMM-CSR-pre-plus-solve,AlphaSparse-SpMM-CSR-best-pre-plus-solve,AlphaSparseLib CSR PER MATRIX BEST,per-matrix-best,AlphaSparse-SpMM-CSR,best,pre-plus-solve,"csr-alg1,csr-alg2,csr-alg3,csr-alg4,csr-alg5",manual-selection,csr,ALPHASPARSE_SPMM_CSR_ALG5,workspace-setup,spmm.csr.fp64,fp64,A100-SXM4-80GB,A100-SXM4-80GB,,9700.0,d94c6f41-d28e-5f45-abb9-189a8a3b4f78,suitesparse_all,DIMACS10/vsp_bcsstk30_500sep_10in_1Kout,vsp_bcsstk30_500sep_10in_1Kout,58348,58348,4033156,2,row-major,N,N,1.0,0.0,20260922,main,pass,pass,0,0,16132624.0,0.02426,0.132812798023,0.157072798023,0.134025798023,121.46889637251836,102.70794308787774,120.36954256546566,1.2522566636342098,1.0588447741018323,1.2409231192316048,AlphaSparse 248af573c867cf4c7e05d40c611c7c34ebac4715,CUDA,13040,13000,2026-10-06T03:52:38.056382+00:00,derived,csr-alg5,0,0,,,,5,20,4,true
3,A100-SXM4-80GB-suitesparse_all-fp64-n2-row-major-AlphaSparse-SpMM-CSR-pre-plus-solve,AlphaSparse-SpMM-CSR-best-pre-plus-solve,AlphaSparseLib CSR PER MATRIX BEST,per-matrix-best,AlphaSparse-SpMM-CSR,best,pre-plus-solve,"csr-alg1,csr-alg2,csr-alg3,csr-alg4,csr-alg5",manual-selection,csr,ALPHASPARSE_SPMM_CSR_ALG5,workspace-setup,spmm.csr.fp64,fp64,A100-SXM4-80GB,A100-SXM4-80GB,,9700.0,018f64fd-81d1-5f6a-986f-7d386c913e5c,suitesparse_all,DIMACS10/vsp_befref_fxm_2_4_air02,vsp_befref_fxm_2_4_air02,14109,14109,196448,2,row-major,N,N,1.0,0.0,20260922,main,pass,pass,0,0,785792.0,0.01429,0.0180224001408,0.0323124001408,0.0187369001408,43.600851932095615,24.318589661428508,41.938207179154524,0.44949331888758365,0.2507071099116341,0.43235265133149,AlphaSparse 248af573c867cf4c7e05d40c611c7c34ebac4715,CUDA,13040,13000,2026-10-06T23:18:45.645755+00:00,derived,csr-alg5,0,0,,,,5,20,4,true
3,A100-SXM4-80GB-suitesparse_all-fp64-n2-row-major-AlphaSparse-SpMM-CSR-pre-plus-solve,AlphaSparse-SpMM-CSR-best-pre-plus-solve,AlphaSparseLib CSR PER MATRIX BEST,per-matrix-best,AlphaSparse-SpMM-CSR,best,pre-plus-solve,"csr-alg1,csr-alg2,csr-alg3,csr-alg4,csr-alg5",manual-selection,csr,ALPHASPARSE_SPMM_CSR_ALG5,workspace-setup,spmm.csr.fp64,fp64,A100-SXM4-80GB,A100-SXM4-80GB,,9700.0,752b02ae-c4ef-54eb-ad5c-0957985c94ee,suitesparse_all,DIMACS10/vsp_c-30_data_data,vsp_c-30_data_data,11023,11023,124368,2,row-major,N,N,1.0,0.0,20260922,main,pass,pass,0,0,497472.0,0.01524,0.0165375992656,0.0317775992656,0.0172995992656,30.081270685691102,15.654801227810976,28.75627304207074,0.3101161926359908,0.1613897033794946,0.29645642311413134,AlphaSparse 248af573c867cf4c7e05d40c611c7c34ebac4715,CUDA,13040,13000,2026-10-08T08:14:37.680097+00:00,derived,csr-alg5,0,0,,,,5,20,4,true
3,A100-SXM4-80GB-suitesparse_all-fp64-n2-row-major-AlphaSparse-SpMM-CSR-pre-plus-solve,AlphaSparse-SpMM-CSR-best-pre-plus-solve,AlphaSparseLib CSR PER MATRIX BEST,per-matrix-best,AlphaSparse-SpMM-CSR,best,pre-plus-solve,"csr-alg1,csr-alg2,csr-alg3,csr-alg4,csr-alg5",manual-selection,csr,ALPHASPARSE_SPMM_CSR_ALG5,workspace-setup,spmm.csr.fp64,fp64,A100-SXM4-80GB,A100-SXM4-80GB,,9700.0,152f8cc9-7213-5fba-8430-8cd9341fa530,suitesparse_all,DIMACS10/vsp_c-60_data_cti_cs4,vsp_c-60_data_cti_cs4,85830,85830,482160,2,row-major,N,N,1.0,0.0,20260922,main,pass,pass,0,0,1928640.0,0.02468,0.0263168007135,0.0509968007135,0.0275508007135,73.2855038496623,37.818843006154424,70.00304710036826,0.7555206582439413,0.389884979444891,0.7216808979419408,AlphaSparse 248af573c867cf4c7e05d40c611c7c34ebac4715,CUDA,13040,13000,2026-10-08T02:32:44.686283+00:00,derived,csr-alg5,0,0,,,,5,20,4,true
3,A100-SXM4-80GB-suitesparse_all-fp64-n2-row-major-AlphaSparse-SpMM-CSR-pre-plus-solve,AlphaSparse-SpMM-CSR-best-pre-plus-solve,AlphaSparseLib CSR PER MATRIX BEST,per-matrix-best,AlphaSparse-SpMM-CSR,best,pre-plus-solve,"csr-alg1,csr-alg2,csr-alg3,csr-alg4,csr-alg5",manual-selection,csr,ALPHASPARSE_SPMM_CSR_ALG5,workspace-setup,spmm.csr.fp64,fp64,A100-SXM4-80GB,A100-SXM4-80GB,,9700.0,a0827285-e98d-55a9-b486-73107367c8f5,suitesparse_all,DIMACS10/vsp_data_and_seymourl,vsp_data_and_seymourl,9167,9167,111732,2,row-major,N,N,1.0,0.0,20260922,main,pass,pass,0,0,446928.0,0.01992,0.0157695993781,0.0356895993781,0.0167655993781,28.341113130665217,12.522639866735119,26.657442416511394,0.29217642402747646,0.12909938006943422,0.27481899398465354,AlphaSparse 248af573c867cf4c7e05d40c611c7c34ebac4715,CUDA,13040,13000,2026-10-06T09:18:10.878575+00:00,derived,csr-alg5,0,0,,,,5,20,4,true
3,A100-SXM4-80GB-suitesparse_all-fp64-n2-row-major-AlphaSparse-SpMM-CSR-pre-plus-solve,AlphaSparse-SpMM-CSR-best-pre-plus-solve,AlphaSparseLib CSR PER MATRIX BEST,per-matrix-best,AlphaSparse-SpMM-CSR,best,pre-plus-solve,"csr-alg1,csr-alg2,csr-alg3,csr-alg4,csr-alg5",manual-selection,csr,ALPHASPARSE_SPMM_CSR_ALG5,workspace-setup,spmm.csr.fp64,fp64,A100-SXM4-80GB,A100-SXM4-80GB,,9700.0,dd6a9a30-d69d-5ea7-834e-7b0f3242a57c,suitesparse_all,DIMACS10/vsp_finan512_scagr7-2c_rlfddd,vsp_finan512_scagr7-2c_rlfddd,139752,139752,1104040,2,row-major,N,N,1.0,0.0,20260922,main,pass,pass,0,0,4416160.0,0.01594,0.0409599989653,0.0568999989653,0.0417569989653,107.81640897357516,77.61265518990886,105.7585580723802,1.1115093708615997,0.8001304658753492,1.0902944131173216,AlphaSparse 248af573c867cf4c7e05d40c611c7c34ebac4715,CUDA,13040,13000,2026-10-06T22:36:07.250084+00:00,derived,csr-alg5,0,0,,,,5,20,4,true
3,A100-SXM4-80GB-suitesparse_all-fp64-n2-row-major-AlphaSparse-SpMM-CSR-pre-plus-solve,AlphaSparse-SpMM-CSR-best-pre-plus-solve,AlphaSparseLib CSR PER MATRIX BEST,per-matrix-best,AlphaSparse-SpMM-CSR,best,pre-plus-solve,"csr-alg1,csr-alg2,csr-alg3,csr-alg4,csr-alg5",manual-selection,csr,ALPHASPARSE_SPMM_CSR_ALG5,workspace-setup,spmm.csr.fp64,fp64,A100-SXM4-80GB,A100-SXM4-80GB,,9700.0,005fdebf-9ece-5bc0-9d3c-6fda0356699d,suitesparse_all,DIMACS10/vsp_mod2_pgp2_slptsk,vsp_mod2_pgp2_slptsk,101364,101364,778736,2,row-major,N,N,1.0,0.0,20260922,main,pass,pass,0,0,3114944.0,0.01524,0.0306751996279,0.0459151996279,0.0314371996279,101.54600582181268,67.84123830983475,99.08465247761885,1.0468660394001308,0.6993942093797397,1.0214912626558643,AlphaSparse 248af573c867cf4c7e05d40c611c7c34ebac4715,CUDA,13040,13000,2026-10-08T15:44:36.957025+00:00,derived,csr-alg5,0,0,,,,5,20,4,true
3,A100-SXM4-80GB-suitesparse_all-fp64-n2-row-major-AlphaSparse-SpMM-CSR-pre-plus-solve,AlphaSparse-SpMM-CSR-best-pre-plus-solve,AlphaSparseLib CSR PER MATRIX BEST,per-matrix-best,AlphaSparse-SpMM-CSR,best,pre-plus-solve,"csr-alg1,csr-alg2,csr-alg3,csr-alg4,csr-alg5",manual-selection,csr,ALPHASPARSE_SPMM_CSR_ALG5,workspace-setup,spmm.csr.fp64,fp64,A100-SXM4-80GB,A100-SXM4-80GB,,9700.0,d94c6f41-d28e-5f45-abb9-189a8a3b4f78,suitesparse_all,DIMACS10/vsp_model1_crew1_cr42_south31,vsp_model1_crew1_cr42_south31,45101,45101,379952,2,row-major,N,N,1.0,0.0,20260922,main,pass,pass,0,0,1519808.0,0.01259,0.0253439992666,0.0379339992666,0.0259734992666,59.96717345249073,40.06453391109108,58.51379455652942,0.6182182830153683,0.4130364320731039,0.6032349954281383,AlphaSparse 248af573c867cf4c7e05d40c611c7c34ebac4715,CUDA,13040,13000,2026-10-06T03:52:38.772129+00:00,derived,csr-alg5,0,0,,,,5,20,4,true
3,A100-SXM4-80GB-suitesparse_all-fp64-n2-row-major-AlphaSparse-SpMM-CSR-pre-plus-solve,AlphaSparse-SpMM-CSR-best-pre-plus-solve,AlphaSparseLib CSR PER MATRIX BEST,per-matrix-best,AlphaSparse-SpMM-CSR,best,pre-plus-solve,"csr-alg1,csr-alg2,csr-alg3,csr-alg4,csr-alg5",manual-selection,csr,ALPHASPARSE_SPMM_CSR_ALG5,workspace-setup,spmm.csr.fp64,fp64,A100-SXM4-80GB,A100-SXM4-80GB,,9700.0,018f64fd-81d1-5f6a-986f-7d386c913e5c,suitesparse_all,DIMACS10/vsp_msc10848_300sep_100in_1Kout,vsp_msc10848_300sep_100in_1Kout,21996,21996,2442056,2,row-major,N,N,1.0,0.0,20260922,main,pass,pass,0,0,9768224.0,0.0163,0.0858623981476,0.102162398148,0.0866773981476,113.76602809542001,95.61467014359852,112.69632232575812,1.1728456504682474,0.9857182489030775,1.1618177559356508,AlphaSparse 248af573c867cf4c7e05d40c611c7c34ebac4715,CUDA,13040,13000,2026-10-06T23:18:46.844357+00:00,derived,csr-alg5,0,0,,,,5,20,4,true
3,A100-SXM4-80GB-suitesparse_all-fp64-n2-row-major-AlphaSparse-SpMM-CSR-pre-plus-solve,AlphaSparse-SpMM-CSR-best-pre-plus-solve,AlphaSparseLib CSR PER MATRIX BEST,per-matrix-best,AlphaSparse-SpMM-CSR,best,pre-plus-solve,"csr-alg1,csr-alg2,csr-alg3,csr-alg4,csr-alg5",manual-selection,csr,ALPHASPARSE_SPMM_CSR_ALG5,workspace-setup,spmm.csr.fp64,fp64,A100-SXM4-80GB,A100-SXM4-80GB,,9700.0,752b02ae-c4ef-54eb-ad5c-0957985c94ee,suitesparse_all,DIMACS10/vsp_sctap1-2b_and_seymourl,vsp_sctap1-2b_and_seymourl,40174,40174,281662,2,row-major,N,N,1.0,0.0,20260922,main,pass,pass,0,0,1126648.0,0.021109,0.0216575995088,0.0427665995088,0.0227130495088,52.020908390249616,26.34410995824374,49.603554976776174,0.5362980246417486,0.27158876245612107,0.5113768554306822,AlphaSparse 248af573c867cf4c7e05d40c611c7c34ebac4715,CUDA,13040,13000,2026-10-08T08:14:38.790287+00:00,derived,csr-alg5,0,0,,,,5,20,4,true
3,A100-SXM4-80GB-suitesparse_all-fp64-n2-row-major-AlphaSparse-SpMM-CSR-pre-plus-solve,AlphaSparse-SpMM-CSR-best-pre-plus-solve,AlphaSparseLib CSR PER MATRIX BEST,per-matrix-best,AlphaSparse-SpMM-CSR,best,pre-plus-solve,"csr-alg1,csr-alg2,csr-alg3,csr-alg4,csr-alg5",manual-selection,csr,ALPHASPARSE_SPMM_CSR_ALG5,workspace-setup,spmm.csr.fp64,fp64,A100-SXM4-80GB,A100-SXM4-80GB,,9700.0,152f8cc9-7213-5fba-8430-8cd9341fa530,suitesparse_all,DIMACS10/vsp_south31_slptsk,vsp_south31_slptsk,39668,39668,379828,2,row-major,N,N,1.0,0.0,20260922,main,pass,pass,0,0,1519312.0,0.02424,0.0232447996736,0.0474847996736,0.0244567996736,65.36137206316906,31.995754650823297,62.122273571223964,0.6738285779708151,0.3298531407301371,0.6404358100126182,AlphaSparse 248af573c867cf4c7e05d40c611c7c34ebac4715,CUDA,13040,13000,2026-10-08T02:32:45.380904+00:00,derived,csr-alg5,0,0,,,,5,20,4,true
3,A100-SXM4-80GB-suitesparse_all-fp64-n2-row-major-AlphaSparse-SpMM-CSR-pre-plus-solve,AlphaSparse-SpMM-CSR-best-pre-plus-solve,AlphaSparseLib CSR PER MATRIX BEST,per-matrix-best,AlphaSparse-SpMM-CSR,best,pre-plus-solve,"csr-alg1,csr-alg2,csr-alg3,csr-alg4,csr-alg5",manual-selection,csr,ALPHASPARSE_SPMM_CSR_ALG5,workspace-setup,spmm.csr.fp64,fp64,A100-SXM4-80GB,A100-SXM4-80GB,,9700.0,a0827285-e98d-55a9-b486-73107367c8f5,suitesparse_all,DIMACS10/vsp_vibrobox_scagr7-2c_rlfddd,vsp_vibrobox_scagr7-2c_rlfddd,77328,77328,871172,2,row-major,N,N,1.0,0.0,20260922,main,pass,pass,0,0,3484688.0,0.027711,0.0343039989471,0.0620149989471,0.0356895489471,101.58255908804443,56.19105150630586,97.63889157481641,1.0472428771963342,0.5792891907866584,1.0065865110805816,AlphaSparse 248af573c867cf4c7e05d40c611c7c34ebac4715,CUDA,13040,13000,2026-10-06T09:18:11.889553+00:00,derived,csr-alg5,0,0,,,,5,20,4,true
3,A100-SXM4-80GB-suitesparse_all-fp64-n2-row-major-AlphaSparse-SpMM-CSR-pre-plus-solve,AlphaSparse-SpMM-CSR-best-pre-plus-solve,AlphaSparseLib CSR PER MATRIX BEST,per-matrix-best,AlphaSparse-SpMM-CSR,best,pre-plus-solve,"csr-alg1,csr-alg2,csr-alg3,csr-alg4,csr-alg5",manual-selection,csr,ALPHASPARSE_SPMM_CSR_ALG5,workspace-setup,spmm.csr.fp64,fp64,A100-SXM4-80GB,A100-SXM4-80GB,,9700.0,752b02ae-c4ef-54eb-ad5c-0957985c94ee,suitesparse_all,DIMACS10/wa2010,wa2010,195574,195574,947432,2,row-major,N,N,1.0,0.0,20260922,main,pass,pass,0,0,3789728.0,0.02198,0.0407999992371,0.0627799992371,0.0418989992371,92.88549193290052,60.365212584463535,90.44912931104898,0.9575823910608301,0.6223217792212735,0.9324652506293709,AlphaSparse 248af573c867cf4c7e05d40c611c7c34ebac4715,CUDA,13040,13000,2026-10-08T08:14:36.431943+00:00,derived,csr-alg5,0,0,,,,5,20,4,true
3,A100-SXM4-80GB-suitesparse_all-fp64-n2-row-major-AlphaSparse-SpMM-CSR-pre-plus-solve,AlphaSparse-SpMM-CSR-best-pre-plus-solve,AlphaSparseLib CSR PER MATRIX BEST,per-matrix-best,AlphaSparse-SpMM-CSR,best,pre-plus-solve,"csr-alg1,csr-alg2,csr-alg3,csr-alg4,csr-alg5",manual-selection,csr,ALPHASPARSE_SPMM_CSR_ALG5,workspace-setup,spmm.csr.fp64,fp64,A100-SXM4-80GB,A100-SXM4-80GB,,9700.0,152f8cc9-7213-5fba-8430-8cd9341fa530,suitesparse_all,DIMACS10/wi2010,wi2010,253096,253096,1209404,2,row-major,N,N,1.0,0.0,20260922,main,pass,pass,0,0,4837616.0,0.02972,0.0476159989834,0.0773359989834,0.0491019989834,101.5964403411236,62.55322312495612,98.52177304707007,1.0473859828981813,0.6448785889170734,1.0156883819285574,AlphaSparse 248af573c867cf4c7e05d40c611c7c34ebac4715,CUDA,13040,13000,2026-10-08T02:32:43.935465+00:00,derived,csr-alg5,0,0,,,,5,20,4,true
3,A100-SXM4-80GB-suitesparse_all-fp64-n2-row-major-AlphaSparse-SpMM-CSR-pre-plus-solve,AlphaSparse-SpMM-CSR-best-pre-plus-solve,AlphaSparseLib CSR PER MATRIX BEST,per-matrix-best,AlphaSparse-SpMM-CSR,best,pre-plus-solve,"csr-alg1,csr-alg2,csr-alg3,csr-alg4,csr-alg5",manual-selection,csr,ALPHASPARSE_SPMM_CSR_ALG1,workspace-setup,spmm.csr.fp64,fp64,A100-SXM4-80GB,A100-SXM4-80GB,,9700.0,752b02ae-c4ef-54eb-ad5c-0957985c94ee,suitesparse_all,DIMACS10/wing,wing,62032,62032,243088,2,row-major,N,N,1.0,0.0,20260922,main,pass,pass,0,0,972352.0,0.02034,0.00988159999251,0.0302215999925,0.0108985999925,98.40025914194239,32.17407418009985,89.21806476695497,1.014435661257138,0.33169148639278195,0.9197738635768553,AlphaSparse 248af573c867cf4c7e05d40c611c7c34ebac4715,CUDA,13040,13000,2026-10-08T03:49:54.401341+00:00,derived,csr-alg1,0,0,,,,5,20,4,true
3,A100-SXM4-80GB-suitesparse_all-fp64-n2-row-major-AlphaSparse-SpMM-CSR-pre-plus-solve,AlphaSparse-SpMM-CSR-best-pre-plus-solve,AlphaSparseLib CSR PER MATRIX BEST,per-matrix-best,AlphaSparse-SpMM-CSR,best,pre-plus-solve,"csr-alg1,csr-alg2,csr-alg3,csr-alg4,csr-alg5",manual-selection,csr,ALPHASPARSE_SPMM_CSR_ALG5,workspace-setup,spmm.csr.fp64,fp64,A100-SXM4-80GB,A100-SXM4-80GB,,9700.0,152f8cc9-7213-5fba-8430-8cd9341fa530,suitesparse_all,DIMACS10/wing_nodal,wing_nodal,10937,10937,150976,2,row-major,N,N,1.0,0.0,20260922,main,pass,pass,0,0,603904.0,0.01666,0.0175824001431,0.0342424001431,0.0184154001431,34.347074067529675,17.636146925340146,32.793422641227515,0.3540935470879348,0.18181594768391904,0.33807652207451044,AlphaSparse 248af573c867cf4c7e05d40c611c7c34ebac4715,CUDA,13040,13000,2026-10-08T02:30:54.285975+00:00,derived,csr-alg5,0,0,,,,5,20,4,true
3,A100-SXM4-80GB-suitesparse_all-fp64-n2-row-major-AlphaSparse-SpMM-CSR-pre-plus-solve,AlphaSparse-SpMM-CSR-best-pre-plus-solve,AlphaSparseLib CSR PER MATRIX BEST,per-matrix-best,AlphaSparse-SpMM-CSR,best,pre-plus-solve,"csr-alg1,csr-alg2,csr-alg3,csr-alg4,csr-alg5",manual-selection,csr,ALPHASPARSE_SPMM_CSR_ALG5,workspace-setup,spmm.csr.fp64,fp64,A100-SXM4-80GB,A100-SXM4-80GB,,9700.0,a0827285-e98d-55a9-b486-73107367c8f5,suitesparse_all,DIMACS10/wv2010,wv2010,135218,135218,662922,2,row-major,N,N,1.0,0.0,20260922,main,pass,pass,0,0,2651688.0,0.02791,0.0308735996485,0.0587835996485,0.0322690996485,85.88852709725518,45.10931647357298,82.1742170957429,0.8854487329613936,0.4650444997275565,0.8471568772757001,AlphaSparse 248af573c867cf4c7e05d40c611c7c34ebac4715,CUDA,13040,13000,2026-10-06T09:18:10.202526+00:00,derived,csr-alg5,0,0,,,,5,20,4,true
3,A100-SXM4-80GB-suitesparse_all-fp64-n2-row-major-AlphaSparse-SpMM-CSR-pre-plus-solve,AlphaSparse-SpMM-CSR-best-pre-plus-solve,AlphaSparseLib CSR PER MATRIX BEST,per-matrix-best,AlphaSparse-SpMM-CSR,best,pre-plus-solve,"csr-alg1,csr-alg2,csr-alg3,csr-alg4,csr-alg5",manual-selection,csr,ALPHASPARSE_SPMM_CSR_ALG5,workspace-setup,spmm.csr.fp64,fp64,A100-SXM4-80GB,A100-SXM4-80GB,,9700.0,dd6a9a30-d69d-5ea7-834e-7b0f3242a57c,suitesparse_all,DIMACS10/wy2010,wy2010,86204,86204,427586,2,row-major,N,N,1.0,0.0,20260922,main,pass,pass,0,0,1710344.0,0.01669,0.0249344006181,0.0416244006181,0.0257689006181,68.59374829962638,41.089937022571135,66.3724085612973,0.7071520443260452,0.42360759817083643,0.6842516346525496,AlphaSparse 248af573c867cf4c7e05d40c611c7c34ebac4715,CUDA,13040,13000,2026-10-06T22:36:06.223951+00:00,derived,csr-alg5,0,0,,,,5,20,4,true
3,A100-SXM4-80GB-suitesparse_all-fp64-n2-row-major-AlphaSparse-SpMM-CSR-pre-plus-solve,AlphaSparse-SpMM-CSR-best-pre-plus-solve,AlphaSparseLib CSR PER MATRIX BEST,per-matrix-best,AlphaSparse-SpMM-CSR,best,pre-plus-solve,"csr-alg1,csr-alg2,csr-alg3,csr-alg4,csr-alg5",manual-selection,csr,ALPHASPARSE_SPMM_CSR_ALG1,workspace-setup,spmm.csr.fp64,fp64,A100-SXM4-80GB,A100-SXM4-80GB,,9700.0,752b02ae-c4ef-54eb-ad5c-0957985c94ee,suitesparse_all,DNVS/fcondp2,fcondp2,201822,201822,11294316,2,row-major,N,N,1.0,0.0,20260922,main,pass,pass,0,0,45177264.0,0.02773,0.184473598003,0.212203598003,0.185860098003,244.8982645162334,212.89584354437434,243.07134498159357,2.5247243764560148,2.194802510766746,2.5058901544494185,AlphaSparse 248af573c867cf4c7e05d40c611c7c34ebac4715,CUDA,13040,13000,2026-10-08T03:34:52.410043+00:00,derived,csr-alg1,0,0,,,,5,20,4,true
3,A100-SXM4-80GB-suitesparse_all-fp64-n2-row-major-AlphaSparse-SpMM-CSR-pre-plus-solve,AlphaSparse-SpMM-CSR-best-pre-plus-solve,AlphaSparseLib CSR PER MATRIX BEST,per-matrix-best,AlphaSparse-SpMM-CSR,best,pre-plus-solve,"csr-alg1,csr-alg2,csr-alg3,csr-alg4,csr-alg5",manual-selection,csr,ALPHASPARSE_SPMM_CSR_ALG4,workspace-setup,spmm.csr.fp64,fp64,A100-SXM4-80GB,A100-SXM4-80GB,,9700.0,005fdebf-9ece-5bc0-9d3c-6fda0356699d,suitesparse_all,DNVS/fullb,fullb,199187,199187,11708077,2,row-major,N,N,1.0,0.0,20260922,main,pass,pass,0,0,46832308.0,0.03655,0.264192008972,0.300742008972,0.266019508972,177.26617917865732,155.72253493977368,176.04839652917846,1.827486383285127,1.6053869581419966,1.814931922981221,AlphaSparse 248af573c867cf4c7e05d40c611c7c34ebac4715,CUDA,13040,13000,2026-10-08T15:08:43.662691+00:00,derived,csr-alg4,0,0,,,,5,20,4,true
3,A100-SXM4-80GB-suitesparse_all-fp64-n2-row-major-AlphaSparse-SpMM-CSR-pre-plus-solve,AlphaSparse-SpMM-CSR-best-pre-plus-solve,AlphaSparseLib CSR PER MATRIX BEST,per-matrix-best,AlphaSparse-SpMM-CSR,best,pre-plus-solve,"csr-alg1,csr-alg2,csr-alg3,csr-alg4,csr-alg5",manual-selection,csr,ALPHASPARSE_SPMM_CSR_ALG1,workspace-setup,spmm.csr.fp64,fp64,A100-SXM4-80GB,A100-SXM4-80GB,,9700.0,d94c6f41-d28e-5f45-abb9-189a8a3b4f78,suitesparse_all,DNVS/halfb,halfb,224617,224617,12387821,2,row-major,N,N,1.0,0.0,20260922,main,pass,pass,0,0,49551284.0,0.04519,0.215603208542,0.260793208542,0.217862708542,229.82628289758173,190.00220242322723,227.4427061501781,2.369343122655482,1.9587855919920332,2.3447701664966814,AlphaSparse 248af573c867cf4c7e05d40c611c7c34ebac4715,CUDA,13040,13000,2026-10-06T01:51:48.043741+00:00,derived,csr-alg1,0,0,,,,5,20,4,true
3,A100-SXM4-80GB-suitesparse_all-fp64-n2-row-major-AlphaSparse-SpMM-CSR-pre-plus-solve,AlphaSparse-SpMM-CSR-best-pre-plus-solve,AlphaSparseLib CSR PER MATRIX BEST,per-matrix-best,AlphaSparse-SpMM-CSR,best,pre-plus-solve,"csr-alg1,csr-alg2,csr-alg3,csr-alg4,csr-alg5",manual-selection,csr,ALPHASPARSE_SPMM_CSR_ALG1,workspace-setup,spmm.csr.fp64,fp64,A100-SXM4-80GB,A100-SXM4-80GB,,9700.0,152f8cc9-7213-5fba-8430-8cd9341fa530,suitesparse_all,DNVS/m_t1,m_t1,97578,97578,9753570,2,row-major,N,N,1.0,0.0,20260922,main,pass,pass,0,0,39014280.0,0.04361,0.220518398285,0.264128398285,0.222698898285,176.92074812541304,147.70952405467128,175.18847331732772,1.8239252384063198,1.5227785985017657,1.8060667352301825,AlphaSparse 248af573c867cf4c7e05d40c611c7c34ebac4715,CUDA,13040,13000,2026-10-07T22:26:45.555948+00:00,derived,csr-alg1,0,0,,,,5,20,4,true
3,A100-SXM4-80GB-suitesparse_all-fp64-n2-row-major-AlphaSparse-SpMM-CSR-pre-plus-solve,AlphaSparse-SpMM-CSR-best-pre-plus-solve,AlphaSparseLib CSR PER MATRIX BEST,per-matrix-best,AlphaSparse-SpMM-CSR,best,pre-plus-solve,"csr-alg1,csr-alg2,csr-alg3,csr-alg4,csr-alg5",manual-selection,csr,ALPHASPARSE_SPMM_CSR_ALG5,workspace-setup,spmm.csr.fp64,fp64,A100-SXM4-80GB,A100-SXM4-80GB,,9700.0,152f8cc9-7213-5fba-8430-8cd9341fa530,suitesparse_all,DNVS/ship_001,ship_001,34920,34920,4644230,2,row-major,N,N,1.0,0.0,20260922,main,pass,pass,0,0,18576920.0,0.02531,0.140595197678,0.165905197678,0.141860697678,132.1305443344234,111.97310427883845,130.95184433793278,1.3621705601486949,1.1543618997818397,1.3500190137931216,AlphaSparse 248af573c867cf4c7e05d40c611c7c34ebac4715,CUDA,13040,13000,2026-10-08T02:21:13.370403+00:00,derived,csr-alg5,0,0,,,,5,20,4,true
3,A100-SXM4-80GB-suitesparse_all-fp64-n2-row-major-AlphaSparse-SpMM-CSR-pre-plus-solve,AlphaSparse-SpMM-CSR-best-pre-plus-solve,AlphaSparseLib CSR PER MATRIX BEST,per-matrix-best,AlphaSparse-SpMM-CSR,best,pre-plus-solve,"csr-alg1,csr-alg2,csr-alg3,csr-alg4,csr-alg5",manual-selection,csr,ALPHASPARSE_SPMM_CSR_ALG1,workspace-setup,spmm.csr.fp64,fp64,A100-SXM4-80GB,A100-SXM4-80GB,,9700.0,a0827285-e98d-55a9-b486-73107367c8f5,suitesparse_all,DNVS/ship_003,ship_003,121728,121728,8086034,2,row-major,N,N,1.0,0.0,20260922,main,pass,pass,0,0,32344136.0,0.02285,0.15196160078,0.17481160078,0.15310410078,212.8441384795999,185.0228237467205,211.25584380314075,2.1942694688618545,1.9074517912033038,2.1778952969395955,AlphaSparse 248af573c867cf4c7e05d40c611c7c34ebac4715,CUDA,13040,13000,2026-10-06T07:05:55.380870+00:00,derived,csr-alg1,0,0,,,,5,20,4,true
3,A100-SXM4-80GB-suitesparse_all-fp64-n2-row-major-AlphaSparse-SpMM-CSR-pre-plus-solve,AlphaSparse-SpMM-CSR-best-pre-plus-solve,AlphaSparseLib CSR PER MATRIX BEST,per-matrix-best,AlphaSparse-SpMM-CSR,best,pre-plus-solve,"csr-alg1,csr-alg2,csr-alg3,csr-alg4,csr-alg5",manual-selection,csr,ALPHASPARSE_SPMM_CSR_ALG4,workspace-setup,spmm.csr.fp64,fp64,A100-SXM4-80GB,A100-SXM4-80GB,,9700.0,dd6a9a30-d69d-5ea7-834e-7b0f3242a57c,suitesparse_all,DNVS/shipsec1,shipsec1,140874,140874,7813404,2,row-major,N,N,1.0,0.0,20260922,main,pass,pass,0,0,31253616.0,0.04082,0.187801599503,0.228621599503,0.189842599503,166.41826311761923,136.70456364552678,164.62909843112485,1.7156521970888583,1.4093253984074925,1.6972072003208747,AlphaSparse 248af573c867cf4c7e05d40c611c7c34ebac4715,CUDA,13040,13000,2026-10-06T21:45:49.893819+00:00,derived,csr-alg4,0,0,,,,5,20,4,true
3,A100-SXM4-80GB-suitesparse_all-fp64-n2-row-major-AlphaSparse-SpMM-CSR-pre-plus-solve,AlphaSparse-SpMM-CSR-best-pre-plus-solve,AlphaSparseLib CSR PER MATRIX BEST,per-matrix-best,AlphaSparse-SpMM-CSR,best,pre-plus-solve,"csr-alg1,csr-alg2,csr-alg3,csr-alg4,csr-alg5",manual-selection,csr,ALPHASPARSE_SPMM_CSR_ALG1,workspace-setup,spmm.csr.fp64,fp64,A100-SXM4-80GB,A100-SXM4-80GB,,9700.0,005fdebf-9ece-5bc0-9d3c-6fda0356699d,suitesparse_all,DNVS/shipsec5,shipsec5,179860,179860,10113096,2,row-major,N,N,1.0,0.0,20260922,main,pass,pass,0,0,40452384.0,0.036311,0.173875200748,0.210186200748,0.175690750748,232.65183203801593,192.45975166799772,230.24765861478053,2.398472495237278,1.9841211512164714,2.3736872022142324,AlphaSparse 248af573c867cf4c7e05d40c611c7c34ebac4715,CUDA,13040,13000,2026-10-08T13:55:18.820324+00:00,derived,csr-alg1,0,0,,,,5,20,4,true
3,A100-SXM4-80GB-suitesparse_all-fp64-n2-row-major-AlphaSparse-SpMM-CSR-pre-plus-solve,AlphaSparse-SpMM-CSR-best-pre-plus-solve,AlphaSparseLib CSR PER MATRIX BEST,per-matrix-best,AlphaSparse-SpMM-CSR,best,pre-plus-solve,"csr-alg1,csr-alg2,csr-alg3,csr-alg4,csr-alg5",manual-selection,csr,ALPHASPARSE_SPMM_CSR_ALG1,workspace-setup,spmm.csr.fp64,fp64,A100-SXM4-80GB,A100-SXM4-80GB,,9700.0,d94c6f41-d28e-5f45-abb9-189a8a3b4f78,suitesparse_all,DNVS/shipsec8,shipsec8,114919,114919,6653399,2,row-major,N,N,1.0,0.0,20260922,main,pass,pass,0,0,26613596.0,0.03257,0.140799999237,0.173369999237,0.142428499237,189.01701806974418,153.507504857393,186.8558339276971,1.9486290522654037,1.5825515964679693,1.9263488033783205,AlphaSparse 248af573c867cf4c7e05d40c611c7c34ebac4715,CUDA,13040,13000,2026-10-06T01:51:51.900780+00:00,derived,csr-alg1,0,0,,,,5,20,4,true
3,A100-SXM4-80GB-suitesparse_all-fp64-n2-row-major-AlphaSparse-SpMM-CSR-pre-plus-solve,AlphaSparse-SpMM-CSR-best-pre-plus-solve,AlphaSparseLib CSR PER MATRIX BEST,per-matrix-best,AlphaSparse-SpMM-CSR,best,pre-plus-solve,"csr-alg1,csr-alg2,csr-alg3,csr-alg4,csr-alg5",manual-selection,csr,ALPHASPARSE_SPMM_CSR_ALG1,workspace-setup,spmm.csr.fp64,fp64,A100-SXM4-80GB,A100-SXM4-80GB,,9700.0,752b02ae-c4ef-54eb-ad5c-0957985c94ee,suitesparse_all,DNVS/trdheim,trdheim,22098,22098,1935324,2,row-major,N,N,1.0,0.0,20260922,main,pass,pass,0,0,7741296.0,0.01609,0.0504320025444,0.0665220025444,0.0512365025444,153.49967499673673,116.37196271764498,151.08946972505836,1.582470876255018,1.19971095585201,1.5576233992274058,AlphaSparse 248af573c867cf4c7e05d40c611c7c34ebac4715,CUDA,13040,13000,2026-10-08T03:35:12.480241+00:00,derived,csr-alg1,0,0,,,,5,20,4,true
3,A100-SXM4-80GB-suitesparse_all-fp64-n2-row-major-AlphaSparse-SpMM-CSR-pre-plus-solve,AlphaSparse-SpMM-CSR-best-pre-plus-solve,AlphaSparseLib CSR PER MATRIX BEST,per-matrix-best,AlphaSparse-SpMM-CSR,best,pre-plus-solve,"csr-alg1,csr-alg2,csr-alg3,csr-alg4,csr-alg5",manual-selection,csr,ALPHASPARSE_SPMM_CSR_ALG1,workspace-setup,spmm.csr.fp64,fp64,A100-SXM4-80GB,A100-SXM4-80GB,,9700.0,152f8cc9-7213-5fba-8430-8cd9341fa530,suitesparse_all,DNVS/troll,troll,213453,213453,11985111,2,row-major,N,N,1.0,0.0,20260922,main,pass,pass,0,0,47940444.0,0.04505,0.280473589897,0.325523589897,0.282726089897,170.9267671783481,147.271796846333,169.56498078215984,1.7621316203953412,1.5182659468694122,1.748092585383091,AlphaSparse 248af573c867cf4c7e05d40c611c7c34ebac4715,CUDA,13040,13000,2026-10-07T22:26:51.501875+00:00,derived,csr-alg1,0,0,,,,5,20,4,true
3,A100-SXM4-80GB-suitesparse_all-fp64-n2-row-major-AlphaSparse-SpMM-CSR-pre-plus-solve,AlphaSparse-SpMM-CSR-best-pre-plus-solve,AlphaSparseLib CSR PER MATRIX BEST,per-matrix-best,AlphaSparse-SpMM-CSR,best,pre-plus-solve,"csr-alg1,csr-alg2,csr-alg3,csr-alg4,csr-alg5",manual-selection,csr,ALPHASPARSE_SPMM_CSR_ALG1,workspace-setup,spmm.csr.fp64,fp64,A100-SXM4-80GB,A100-SXM4-80GB,,9700.0,a0827285-e98d-55a9-b486-73107367c8f5,suitesparse_all,DNVS/tsyl201,tsyl201,20685,20685,2454957,2,row-major,N,N,1.0,0.0,20260922,main,pass,pass,0,0,9819828.0,0.02368,0.0716287970543,0.0953087970543,0.0728127970543,137.0932977215272,103.03170644788831,134.86404035099602,1.4133329662013112,1.0621825406998795,1.3903509314535671,AlphaSparse 248af573c867cf4c7e05d40c611c7c34ebac4715,CUDA,13040,13000,2026-10-06T07:05:57.825876+00:00,derived,csr-alg1,0,0,,,,5,20,4,true
3,A100-SXM4-80GB-suitesparse_all-fp64-n2-row-major-AlphaSparse-SpMM-CSR-pre-plus-solve,AlphaSparse-SpMM-CSR-best-pre-plus-solve,AlphaSparseLib CSR PER MATRIX BEST,per-matrix-best,AlphaSparse-SpMM-CSR,best,pre-plus-solve,"csr-alg1,csr-alg2,csr-alg3,csr-alg4,csr-alg5",manual-selection,csr,ALPHASPARSE_SPMM_CSR_ALG1,workspace-setup,spmm.csr.fp64,fp64,A100-SXM4-80GB,A100-SXM4-80GB,,9700.0,018f64fd-81d1-5f6a-986f-7d386c913e5c,suitesparse_all,DNVS/x104,x104,108384,108384,10167624,2,row-major,N,N,1.0,0.0,20260922,main,pass,pass,0,0,40670496.0,0.050931,0.237926411629,0.288857411629,0.240472961629,170.93728990213046,140.79782744932987,169.12710570241222,1.7622401020838192,1.4515239943229885,1.743578409303219,AlphaSparse 248af573c867cf4c7e05d40c611c7c34ebac4715,CUDA,13040,13000,2026-10-06T20:28:37.003072+00:00,derived,csr-alg1,0,0,,,,5,20,4,true
3,A100-SXM4-80GB-suitesparse_all-fp64-n2-row-major-AlphaSparse-SpMM-CSR-pre-plus-solve,AlphaSparse-SpMM-CSR-best-pre-plus-solve,AlphaSparseLib CSR PER MATRIX BEST,per-matrix-best,AlphaSparse-SpMM-CSR,best,pre-plus-solve,"csr-alg1,csr-alg2,csr-alg3,csr-alg4,csr-alg5",manual-selection,csr,ALPHASPARSE_SPMM_CSR_ALG2,workspace-setup,spmm.csr.fp64,fp64,A100-SXM4-80GB,A100-SXM4-80GB,,9700.0,752b02ae-c4ef-54eb-ad5c-0957985c94ee,suitesparse_all,DRIVCAV/cavity01,cavity01,317,317,7327,2,row-major,N,N,1.0,0.0,20260922,main,pass,pass,0,0,29308.0,0.011171,0.0134143993258,0.0245853993258,0.0139729493258,2.1848164266015053,1.1920896468516617,2.0974813059605806,0.022523880686613457,0.012289583988161462,0.021623518618150317,AlphaSparse 248af573c867cf4c7e05d40c611c7c34ebac4715,CUDA,13040,13000,2026-10-08T04:51:09.298472+00:00,derived,csr-alg2,0,0,,,,5,20,4,true
3,A100-SXM4-80GB-suitesparse_all-fp64-n2-row-major-AlphaSparse-SpMM-CSR-pre-plus-solve,AlphaSparse-SpMM-CSR-best-pre-plus-solve,AlphaSparseLib CSR PER MATRIX BEST,per-matrix-best,AlphaSparse-SpMM-CSR,best,pre-plus-solve,"csr-alg1,csr-alg2,csr-alg3,csr-alg4,csr-alg5",manual-selection,csr,ALPHASPARSE_SPMM_CSR_ALG5,workspace-setup,spmm.csr.fp64,fp64,A100-SXM4-80GB,A100-SXM4-80GB,,9700.0,152f8cc9-7213-5fba-8430-8cd9341fa530,suitesparse_all,DRIVCAV/cavity02,cavity02,317,317,7327,2,row-major,N,N,1.0,0.0,20260922,main,pass,pass,0,0,29308.0,0.01908,0.0131071999669,0.0321871999669,0.0140611999669,2.236022954865445,0.9105482934253104,2.08431713288986,0.02305178303984995,0.009387095808508356,0.021487805493709898,AlphaSparse 248af573c867cf4c7e05d40c611c7c34ebac4715,CUDA,13040,13000,2026-10-08T02:19:12.859012+00:00,derived,csr-alg5,0,0,,,,5,20,4,true
3,A100-SXM4-80GB-suitesparse_all-fp64-n2-row-major-AlphaSparse-SpMM-CSR-pre-plus-solve,AlphaSparse-SpMM-CSR-best-pre-plus-solve,AlphaSparseLib CSR PER MATRIX BEST,per-matrix-best,AlphaSparse-SpMM-CSR,best,pre-plus-solve,"csr-alg1,csr-alg2,csr-alg3,csr-alg4,csr-alg5",manual-selection,csr,ALPHASPARSE_SPMM_CSR_ALG3,workspace-setup,spmm.csr.fp64,fp64,A100-SXM4-80GB,A100-SXM4-80GB,,9700.0,a0827285-e98d-55a9-b486-73107367c8f5,suitesparse_all,DRIVCAV/cavity03,cavity03,317,317,7327,2,row-major,N,N,1.0,0.0,20260922,main,pass,pass,0,0,29308.0,0.01749,0.0110079996288,0.0284979996288,0.0118824996288,2.6624274153609244,1.028423060627084,2.4664844027400807,0.027447705312999223,0.01060229959409365,0.02542767425505238,AlphaSparse 248af573c867cf4c7e05d40c611c7c34ebac4715,CUDA,13040,13000,2026-10-06T08:00:32.886815+00:00,derived,csr-alg3,0,0,,,,5,20,4,true
3,A100-SXM4-80GB-suitesparse_all-fp64-n2-row-major-AlphaSparse-SpMM-CSR-pre-plus-solve,AlphaSparse-SpMM-CSR-best-pre-plus-solve,AlphaSparseLib CSR PER MATRIX BEST,per-matrix-best,AlphaSparse-SpMM-CSR,best,pre-plus-solve,"csr-alg1,csr-alg2,csr-alg3,csr-alg4,csr-alg5",manual-selection,csr,ALPHASPARSE_SPMM_CSR_ALG5,workspace-setup,spmm.csr.fp64,fp64,A100-SXM4-80GB,A100-SXM4-80GB,,9700.0,dd6a9a30-d69d-5ea7-834e-7b0f3242a57c,suitesparse_all,DRIVCAV/cavity04,cavity04,317,317,7327,2,row-major,N,N,1.0,0.0,20260922,main,pass,pass,0,0,29308.0,0.01208,0.0126975998282,0.0247775998282,0.0133015998282,2.308152753003768,1.182842575681759,2.203343987079336,0.023795389206224413,0.012194253357543908,0.02271488646473542,AlphaSparse 248af573c867cf4c7e05d40c611c7c34ebac4715,CUDA,13040,13000,2026-10-06T22:20:21.673560+00:00,derived,csr-alg5,0,0,,,,5,20,4,true
3,A100-SXM4-80GB-suitesparse_all-fp64-n2-row-major-AlphaSparse-SpMM-CSR-pre-plus-solve,AlphaSparse-SpMM-CSR-best-pre-plus-solve,AlphaSparseLib CSR PER MATRIX BEST,per-matrix-best,AlphaSparse-SpMM-CSR,best,pre-plus-solve,"csr-alg1,csr-alg2,csr-alg3,csr-alg4,csr-alg5",manual-selection,csr,ALPHASPARSE_SPMM_CSR_ALG5,workspace-setup,spmm.csr.fp64,fp64,A100-SXM4-80GB,A100-SXM4-80GB,,9700.0,005fdebf-9ece-5bc0-9d3c-6fda0356699d,suitesparse_all,DRIVCAV/cavity05,cavity05,1182,1182,32747,2,row-major,N,N,1.0,0.0,20260922,main,pass,pass,0,0,130988.0,0.01333,0.013670399785,0.027000399785,0.014336899785,9.581870469050076,4.851335574400274,9.136424329131907,0.0987821697840214,0.050013768808250245,0.09418994153744234,AlphaSparse 248af573c867cf4c7e05d40c611c7c34ebac4715,CUDA,13040,13000,2026-10-08T15:30:46.275532+00:00,derived,csr-alg5,0,0,,,,5,20,4,true
3,A100-SXM4-80GB-suitesparse_all-fp64-n2-row-major-AlphaSparse-SpMM-CSR-pre-plus-solve,AlphaSparse-SpMM-CSR-best-pre-plus-solve,AlphaSparseLib CSR PER MATRIX BEST,per-matrix-best,AlphaSparse-SpMM-CSR,best,pre-plus-solve,"csr-alg1,csr-alg2,csr-alg3,csr-alg4,csr-alg5",manual-selection,csr,ALPHASPARSE_SPMM_CSR_ALG5,workspace-setup,spmm.csr.fp64,fp64,A100-SXM4-80GB,A100-SXM4-80GB,,9700.0,d94c6f41-d28e-5f45-abb9-189a8a3b4f78,suitesparse_all,DRIVCAV/cavity06,cavity06,1182,1182,32747,2,row-major,N,N,1.0,0.0,20260922,main,pass,pass,0,0,130988.0,0.01384,0.0134095996618,0.0272495996618,0.0141015996618,9.7682259950792,4.80696970325132,9.288875244050152,0.10070336077401237,0.049556388693312574,0.09576160045412528,AlphaSparse 248af573c867cf4c7e05d40c611c7c34ebac4715,CUDA,13040,13000,2026-10-06T03:32:15.153641+00:00,derived,csr-alg5,0,0,,,,5,20,4,true
3,A100-SXM4-80GB-suitesparse_all-fp64-n2-row-major-AlphaSparse-SpMM-CSR-pre-plus-solve,AlphaSparse-SpMM-CSR-best-pre-plus-solve,AlphaSparseLib CSR PER MATRIX BEST,per-matrix-best,AlphaSparse-SpMM-CSR,best,pre-plus-solve,"csr-alg1,csr-alg2,csr-alg3,csr-alg4,csr-alg5",manual-selection,csr,ALPHASPARSE_SPMM_CSR_ALG3,workspace-setup,spmm.csr.fp64,fp64,A100-SXM4-80GB,A100-SXM4-80GB,,9700.0,018f64fd-81d1-5f6a-986f-7d386c913e5c,suitesparse_all,DRIVCAV/cavity07,cavity07,1182,1182,32747,2,row-major,N,N,1.0,0.0,20260922,main,pass,pass,0,0,130988.0,0.01157,0.0145408004522,0.0261108004522,0.0151193004522,9.008307378304043,5.016621387758468,8.663628348025851,0.09286914822993858,0.051717746265551215,0.08931575616521496,AlphaSparse 248af573c867cf4c7e05d40c611c7c34ebac4715,CUDA,13040,13000,2026-10-06T21:51:34.344163+00:00,derived,csr-alg3,0,0,,,,5,20,4,true
3,A100-SXM4-80GB-suitesparse_all-fp64-n2-row-major-AlphaSparse-SpMM-CSR-pre-plus-solve,AlphaSparse-SpMM-CSR-best-pre-plus-solve,AlphaSparseLib CSR PER MATRIX BEST,per-matrix-best,AlphaSparse-SpMM-CSR,best,pre-plus-solve,"csr-alg1,csr-alg2,csr-alg3,csr-alg4,csr-alg5",manual-selection,csr,ALPHASPARSE_SPMM_CSR_ALG2,workspace-setup,spmm.csr.fp64,fp64,A100-SXM4-80GB,A100-SXM4-80GB,,9700.0,752b02ae-c4ef-54eb-ad5c-0957985c94ee,suitesparse_all,DRIVCAV/cavity09,cavity09,1182,1182,32747,2,row-major,N,N,1.0,0.0,20260922,main,pass,pass,0,0,130988.0,0.01249,0.0141824007034,0.0266724007034,0.0148069007034,9.235953964309989,4.910994006748805,8.846415777605788,0.09521602025061844,0.05062880419328665,0.09120016265572978,AlphaSparse 248af573c867cf4c7e05d40c611c7c34ebac4715,CUDA,13040,13000,2026-10-08T04:51:09.934591+00:00,derived,csr-alg2,0,0,,,,5,20,4,true
3,A100-SXM4-80GB-suitesparse_all-fp64-n2-row-major-AlphaSparse-SpMM-CSR-pre-plus-solve,AlphaSparse-SpMM-CSR-best-pre-plus-solve,AlphaSparseLib CSR PER MATRIX BEST,per-matrix-best,AlphaSparse-SpMM-CSR,best,pre-plus-solve,"csr-alg1,csr-alg2,csr-alg3,csr-alg4,csr-alg5",manual-selection,csr,ALPHASPARSE_SPMM_CSR_ALG5,workspace-setup,spmm.csr.fp64,fp64,A100-SXM4-80GB,A100-SXM4-80GB,,9700.0,152f8cc9-7213-5fba-8430-8cd9341fa530,suitesparse_all,DRIVCAV/cavity10,cavity10,2597,2597,76367,2,row-major,N,N,1.0,0.0,20260922,main,pass,pass,0,0,305468.0,0.01895,0.0140799999237,0.0330299999237,0.0150274999237,21.695170572112325,9.248198628690208,20.32726678096626,0.2236615522898178,0.09534225390402276,0.20955945135016762,AlphaSparse 248af573c867cf4c7e05d40c611c7c34ebac4715,CUDA,13040,13000,2026-10-08T02:19:13.601373+00:00,derived,csr-alg5,0,0,,,,5,20,4,true
3,A100-SXM4-80GB-suitesparse_all-fp64-n2-row-major-AlphaSparse-SpMM-CSR-pre-plus-solve,AlphaSparse-SpMM-CSR-best-pre-plus-solve,AlphaSparseLib CSR PER MATRIX BEST,per-matrix-best,AlphaSparse-SpMM-CSR,best,pre-plus-solve,"csr-alg1,csr-alg2,csr-alg3,csr-alg4,csr-alg5",manual-selection,csr,ALPHASPARSE_SPMM_CSR_ALG2,workspace-setup,spmm.csr.fp64,fp64,A100-SXM4-80GB,A100-SXM4-80GB,,9700.0,a0827285-e98d-55a9-b486-73107367c8f5,suitesparse_all,DRIVCAV/cavity11,cavity11,2597,2597,76367,2,row-major,N,N,1.0,0.0,20260922,main,pass,pass,0,0,305468.0,0.0184,0.0129023998976,0.0313023998976,0.0138223998976,23.67528540615306,9.758612790050664,22.099490845510754,0.24407510727992845,0.10060425556753262,0.22782980253103868,AlphaSparse 248af573c867cf4c7e05d40c611c7c34ebac4715,CUDA,13040,13000,2026-10-06T07:32:17.399899+00:00,derived,csr-alg2,0,0,,,,5,20,4,true
3,A100-SXM4-80GB-suitesparse_all-fp64-n2-row-major-AlphaSparse-SpMM-CSR-pre-plus-solve,AlphaSparse-SpMM-CSR-best-pre-plus-solve,AlphaSparseLib CSR PER MATRIX BEST,per-matrix-best,AlphaSparse-SpMM-CSR,best,pre-plus-solve,"csr-alg1,csr-alg2,csr-alg3,csr-alg4,csr-alg5",manual-selection,csr,ALPHASPARSE_SPMM_CSR_ALG5,workspace-setup,spmm.csr.fp64,fp64,A100-SXM4-80GB,A100-SXM4-80GB,,9700.0,dd6a9a30-d69d-5ea7-834e-7b0f3242a57c,suitesparse_all,DRIVCAV/cavity12,cavity12,2597,2597,76367,2,row-major,N,N,1.0,0.0,20260922,main,pass,pass,0,0,305468.0,0.01318,0.0138239994645,0.0270039994645,0.0144829994645,22.096933726338833,11.31195400894502,21.091487350306668,0.22780344047771992,0.11661808256644352,0.21743801392068732,AlphaSparse 248af573c867cf4c7e05d40c611c7c34ebac4715,CUDA,13040,13000,2026-10-06T22:20:22.324521+00:00,derived,csr-alg5,0,0,,,,5,20,4,true
3,A100-SXM4-80GB-suitesparse_all-fp64-n2-row-major-AlphaSparse-SpMM-CSR-pre-plus-solve,AlphaSparse-SpMM-CSR-best-pre-plus-solve,AlphaSparseLib CSR PER MATRIX BEST,per-matrix-best,AlphaSparse-SpMM-CSR,best,pre-plus-solve,"csr-alg1,csr-alg2,csr-alg3,csr-alg4,csr-alg5",manual-selection,csr,ALPHASPARSE_SPMM_CSR_ALG5,workspace-setup,spmm.csr.fp64,fp64,A100-SXM4-80GB,A100-SXM4-80GB,,9700.0,005fdebf-9ece-5bc0-9d3c-6fda0356699d,suitesparse_all,DRIVCAV/cavity13,cavity13,2597,2597,76367,2,row-major,N,N,1.0,0.0,20260922,main,pass,pass,0,0,305468.0,0.01425,0.0144383996725,0.0286883996725,0.0151508996725,21.156638334496833,10.64778807766033,20.16170700109954,0.21810967355151376,0.1097710111099003,0.20785264949587154,AlphaSparse 248af573c867cf4c7e05d40c611c7c34ebac4715,CUDA,13040,13000,2026-10-08T15:30:46.960382+00:00,derived,csr-alg5,0,0,,,,5,20,4,true
3,A100-SXM4-80GB-suitesparse_all-fp64-n2-row-major-AlphaSparse-SpMM-CSR-pre-plus-solve,AlphaSparse-SpMM-CSR-best-pre-plus-solve,AlphaSparseLib CSR PER MATRIX BEST,per-matrix-best,AlphaSparse-SpMM-CSR,best,pre-plus-solve,"csr-alg1,csr-alg2,csr-alg3,csr-alg4,csr-alg5",manual-selection,csr,ALPHASPARSE_SPMM_CSR_ALG5,workspace-setup,spmm.csr.fp64,fp64,A100-SXM4-80GB,A100-SXM4-80GB,,9700.0,d94c6f41-d28e-5f45-abb9-189a8a3b4f78,suitesparse_all,DRIVCAV/cavity14,cavity14,2597,2597,76367,2,row-major,N,N,1.0,0.0,20260922,main,pass,pass,0,0,305468.0,0.0141,0.0139776006341,0.0280776006341,0.0146826006341,21.854108440813146,10.879419647739123,20.80476120085686,0.22530008701869222,0.11215896544060952,0.21448207423563773,AlphaSparse 248af573c867cf4c7e05d40c611c7c34ebac4715,CUDA,13040,13000,2026-10-06T03:32:16.384404+00:00,derived,csr-alg5,0,0,,,,5,20,4,true
3,A100-SXM4-80GB-suitesparse_all-fp64-n2-row-major-AlphaSparse-SpMM-CSR-pre-plus-solve,AlphaSparse-SpMM-CSR-best-pre-plus-solve,AlphaSparseLib CSR PER MATRIX BEST,per-matrix-best,AlphaSparse-SpMM-CSR,best,pre-plus-solve,"csr-alg1,csr-alg2,csr-alg3,csr-alg4,csr-alg5",manual-selection,csr,ALPHASPARSE_SPMM_CSR_ALG5,workspace-setup,spmm.csr.fp64,fp64,A100-SXM4-80GB,A100-SXM4-80GB,,9700.0,018f64fd-81d1-5f6a-986f-7d386c913e5c,suitesparse_all,DRIVCAV/cavity15,cavity15,2597,2597,76367,2,row-major,N,N,1.0,0.0,20260922,main,pass,pass,0,0,305468.0,0.01281,0.0140799999237,0.0268899999237,0.0147204999237,21.695170572112325,11.35991077972336,20.751197417432586,0.2236615522898178,0.11711248226518929,0.21392987028281016,AlphaSparse 248af573c867cf4c7e05d40c611c7c34ebac4715,CUDA,13040,13000,2026-10-06T23:06:28.745991+00:00,derived,csr-alg5,0,0,,,,5,20,4,true
3,A100-SXM4-80GB-suitesparse_all-fp64-n2-row-major-AlphaSparse-SpMM-CSR-pre-plus-solve,AlphaSparse-SpMM-CSR-best-pre-plus-solve,AlphaSparseLib CSR PER MATRIX BEST,per-matrix-best,AlphaSparse-SpMM-CSR,best,pre-plus-solve,"csr-alg1,csr-alg2,csr-alg3,csr-alg4,csr-alg5",manual-selection,csr,ALPHASPARSE_SPMM_CSR_ALG5,workspace-setup,spmm.csr.fp64,fp64,A100-SXM4-80GB,A100-SXM4-80GB,,9700.0,752b02ae-c4ef-54eb-ad5c-0957985c94ee,suitesparse_all,DRIVCAV/cavity17,cavity17,4562,4562,138187,2,row-major,N,N,1.0,0.0,20260922,main,pass,pass,0,0,552748.0,0.01325,0.0153280004859,0.0285780004859,0.0159905004859,36.06132453534723,19.34173107291808,34.56727326873844,0.3717662323231673,0.19939928941152657,0.3563636419457571,AlphaSparse 248af573c867cf4c7e05d40c611c7c34ebac4715,CUDA,13040,13000,2026-10-08T07:55:43.791893+00:00,derived,csr-alg5,0,0,,,,5,20,4,true
3,A100-SXM4-80GB-suitesparse_all-fp64-n2-row-major-AlphaSparse-SpMM-CSR-pre-plus-solve,AlphaSparse-SpMM-CSR-best-pre-plus-solve,AlphaSparseLib CSR PER MATRIX BEST,per-matrix-best,AlphaSparse-SpMM-CSR,best,pre-plus-solve,"csr-alg1,csr-alg2,csr-alg3,csr-alg4,csr-alg5",manual-selection,csr,ALPHASPARSE_SPMM_CSR_ALG5,workspace-setup,spmm.csr.fp64,fp64,A100-SXM4-80GB,A100-SXM4-80GB,,9700.0,152f8cc9-7213-5fba-8430-8cd9341fa530,suitesparse_all,DRIVCAV/cavity18,cavity18,4562,4562,138187,2,row-major,N,N,1.0,0.0,20260922,main,pass,pass,0,0,552748.0,0.01911,0.014899200201,0.034009200201,0.015854700201,37.09917260947341,16.252896179068248,34.86335238083761,0.3824656970048806,0.1675556307120438,0.35941600392616097,AlphaSparse 248af573c867cf4c7e05d40c611c7c34ebac4715,CUDA,13040,13000,2026-10-08T02:19:14.575963+00:00,derived,csr-alg5,0,0,,,,5,20,4,true
3,A100-SXM4-80GB-suitesparse_all-fp64-n2-row-major-AlphaSparse-SpMM-CSR-pre-plus-solve,AlphaSparse-SpMM-CSR-best-pre-plus-solve,AlphaSparseLib CSR PER MATRIX BEST,per-matrix-best,AlphaSparse-SpMM-CSR,best,pre-plus-solve,"csr-alg1,csr-alg2,csr-alg3,csr-alg4,csr-alg5",manual-selection,csr,ALPHASPARSE_SPMM_CSR_ALG2,workspace-setup,spmm.csr.fp64,fp64,A100-SXM4-80GB,A100-SXM4-80GB,,9700.0,a0827285-e98d-55a9-b486-73107367c8f5,suitesparse_all,DRIVCAV/cavity19,cavity19,4562,4562,138187,2,row-major,N,N,1.0,0.0,20260922,main,pass,pass,0,0,552748.0,0.01947,0.0143871992826,0.0338571992826,0.0153606992826,38.41943029652047,16.32586308708854,35.98455967601237,0.39607660099505637,0.16830786687720142,0.37097484202074604,AlphaSparse 248af573c867cf4c7e05d40c611c7c34ebac4715,CUDA,13040,13000,2026-10-06T07:32:18.139995+00:00,derived,csr-alg2,0,0,,,,5,20,4,true
3,A100-SXM4-80GB-suitesparse_all-fp64-n2-row-major-AlphaSparse-SpMM-CSR-pre-plus-solve,AlphaSparse-SpMM-CSR-best-pre-plus-solve,AlphaSparseLib CSR PER MATRIX BEST,per-matrix-best,AlphaSparse-SpMM-CSR,best,pre-plus-solve,"csr-alg1,csr-alg2,csr-alg3,csr-alg4,csr-alg5",manual-selection,csr,ALPHASPARSE_SPMM_CSR_ALG5,workspace-setup,spmm.csr.fp64,fp64,A100-SXM4-80GB,A100-SXM4-80GB,,9700.0,dd6a9a30-d69d-5ea7-834e-7b0f3242a57c,suitesparse_all,DRIVCAV/cavity20,cavity20,4562,4562,138187,2,row-major,N,N,1.0,0.0,20260922,main,pass,pass,0,0,552748.0,0.01294,0.0146431997418,0.0275831997418,0.0152901997418,37.747760718044674,20.039299471205194,36.15047607840662,0.389152172350976,0.2065907161979917,0.37268532039594454,AlphaSparse 248af573c867cf4c7e05d40c611c7c34ebac4715,CUDA,13040,13000,2026-10-06T22:20:23.241569+00:00,derived,csr-alg5,0,0,,,,5,20,4,true
3,A100-SXM4-80GB-suitesparse_all-fp64-n2-row-major-AlphaSparse-SpMM-CSR-pre-plus-solve,AlphaSparse-SpMM-CSR-best-pre-plus-solve,AlphaSparseLib CSR PER MATRIX BEST,per-matrix-best,AlphaSparse-SpMM-CSR,best,pre-plus-solve,"csr-alg1,csr-alg2,csr-alg3,csr-alg4,csr-alg5",manual-selection,csr,ALPHASPARSE_SPMM_CSR_ALG5,workspace-setup,spmm.csr.fp64,fp64,A100-SXM4-80GB,A100-SXM4-80GB,,9700.0,005fdebf-9ece-5bc0-9d3c-6fda0356699d,suitesparse_all,DRIVCAV/cavity21,cavity21,4562,4562,138187,2,row-major,N,N,1.0,0.0,20260922,main,pass,pass,0,0,552748.0,0.01404,0.0141824007034,0.0282224007034,0.0148844007034,38.97421963740509,19.585435194158006,37.1360601622165,0.401796078736135,0.20191170303255676,0.3828459810537784,AlphaSparse 248af573c867cf4c7e05d40c611c7c34ebac4715,CUDA,13040,13000,2026-10-08T15:30:47.855495+00:00,derived,csr-alg5,0,0,,,,5,20,4,true
3,A100-SXM4-80GB-suitesparse_all-fp64-n2-row-major-AlphaSparse-SpMM-CSR-pre-plus-solve,AlphaSparse-SpMM-CSR-best-pre-plus-solve,AlphaSparseLib CSR PER MATRIX BEST,per-matrix-best,AlphaSparse-SpMM-CSR,best,pre-plus-solve,"csr-alg1,csr-alg2,csr-alg3,csr-alg4,csr-alg5",manual-selection,csr,ALPHASPARSE_SPMM_CSR_ALG5,workspace-setup,spmm.csr.fp64,fp64,A100-SXM4-80GB,A100-SXM4-80GB,,9700.0,d94c6f41-d28e-5f45-abb9-189a8a3b4f78,suitesparse_all,DRIVCAV/cavity22,cavity22,4562,4562,138187,2,row-major,N,N,1.0,0.0,20260922,main,pass,pass,0,0,552748.0,0.013811,0.0146431997418,0.0284541997418,0.0153337497418,37.747760718044674,19.425884579983393,36.047803655827366,0.389152172350976,0.20026685134003497,0.37162684181265326,AlphaSparse 248af573c867cf4c7e05d40c611c7c34ebac4715,CUDA,13040,13000,2026-10-06T03:32:17.350225+00:00,derived,csr-alg5,0,0,,,,5,20,4,true
3,A100-SXM4-80GB-suitesparse_all-fp64-n2-row-major-AlphaSparse-SpMM-CSR-pre-plus-solve,AlphaSparse-SpMM-CSR-best-pre-plus-solve,AlphaSparseLib CSR PER MATRIX BEST,per-matrix-best,AlphaSparse-SpMM-CSR,best,pre-plus-solve,"csr-alg1,csr-alg2,csr-alg3,csr-alg4,csr-alg5",manual-selection,csr,ALPHASPARSE_SPMM_CSR_ALG2,workspace-setup,spmm.csr.fp64,fp64,A100-SXM4-80GB,A100-SXM4-80GB,,9700.0,018f64fd-81d1-5f6a-986f-7d386c913e5c,suitesparse_all,DRIVCAV/cavity23,cavity23,4562,4562,138187,2,row-major,N,N,1.0,0.0,20260922,main,pass,pass,0,0,552748.0,0.014,0.0182784006,0.0322784006,0.0189784006,30.24050145831687,17.124392464476692,29.12510973132267,0.31175774699295744,0.17654012849975972,0.30025886320951206,AlphaSparse 248af573c867cf4c7e05d40c611c7c34ebac4715,CUDA,13040,13000,2026-10-06T21:13:46.733142+00:00,derived,csr-alg2,0,0,,,,5,20,4,true
3,A100-SXM4-80GB-suitesparse_all-fp64-n2-row-major-AlphaSparse-SpMM-CSR-pre-plus-solve,AlphaSparse-SpMM-CSR-best-pre-plus-solve,AlphaSparseLib CSR PER MATRIX BEST,per-matrix-best,AlphaSparse-SpMM-CSR,best,pre-plus-solve,"csr-alg1,csr-alg2,csr-alg3,csr-alg4,csr-alg5",manual-selection,csr,ALPHASPARSE_SPMM_CSR_ALG5,workspace-setup,spmm.csr.fp64,fp64,A100-SXM4-80GB,A100-SXM4-80GB,,9700.0,752b02ae-c4ef-54eb-ad5c-0957985c94ee,suitesparse_all,DRIVCAV/cavity25,cavity25,4562,4562,138187,2,row-major,N,N,1.0,0.0,20260922,main,pass,pass,0,0,552748.0,0.01388,0.0153200000525,0.0292000000525,0.0160140000525,36.080156534320615,18.929725993362652,34.51654790732366,0.37196037664248055,0.19515181436456341,0.35584070007550167,AlphaSparse 248af573c867cf4c7e05d40c611c7c34ebac4715,CUDA,13040,13000,2026-10-08T07:55:44.530704+00:00,derived,csr-alg5,0,0,,,,5,20,4,true
3,A100-SXM4-80GB-suitesparse_all-fp64-n2-row-major-AlphaSparse-SpMM-CSR-pre-plus-solve,AlphaSparse-SpMM-CSR-best-pre-plus-solve,AlphaSparseLib CSR PER MATRIX BEST,per-matrix-best,AlphaSparse-SpMM-CSR,best,pre-plus-solve,"csr-alg1,csr-alg2,csr-alg3,csr-alg4,csr-alg5",manual-selection,csr,ALPHASPARSE_SPMM_CSR_ALG5,workspace-setup,spmm.csr.fp64,fp64,A100-SXM4-80GB,A100-SXM4-80GB,,9700.0,152f8cc9-7213-5fba-8430-8cd9341fa530,suitesparse_all,DRIVCAV/cavity26,cavity26,4562,4562,138187,2,row-major,N,N,1.0,0.0,20260922,main,pass,pass,0,0,552748.0,0.01893,0.0148479998112,0.0337779998112,0.0157944998112,37.2271017664653,16.364142432635152,34.99623328419949,0.38378455429345676,0.16870249930551703,0.3607859101463865,AlphaSparse 248af573c867cf4c7e05d40c611c7c34ebac4715,CUDA,13040,13000,2026-10-08T02:19:15.566628+00:00,derived,csr-alg5,0,0,,,,5,20,4,true
3,A100-SXM4-80GB-suitesparse_all-fp64-n2-row-major-AlphaSparse-SpMM-CSR-pre-plus-solve,AlphaSparse-SpMM-CSR-best-pre-plus-solve,AlphaSparseLib CSR PER MATRIX BEST,per-matrix-best,AlphaSparse-SpMM-CSR,best,pre-plus-solve,"csr-alg1,csr-alg2,csr-alg3,csr-alg4,csr-alg5",manual-selection,csr,ALPHASPARSE_SPMM_CSR_ALG1,workspace-setup,spmm.csr.fp64,fp64,A100-SXM4-80GB,A100-SXM4-80GB,,9700.0,d94c6f41-d28e-5f45-abb9-189a8a3b4f78,suitesparse_all,Dziekonski/dielFilterV2clx,dielFilterV2clx,607232,607232,25309272,2,row-major,N,N,1.0,0.0,20260922,main,pass,pass,0,0,101237088.0,0.41187,0.615679979324,1.02754997932,0.636273479324,164.431346478337,98.52278724874822,159.10939445025735,1.6951685203952267,1.015698837615961,1.6403030355696635,AlphaSparse 248af573c867cf4c7e05d40c611c7c34ebac4715,CUDA,13040,13000,2026-10-06T02:01:15.094139+00:00,derived,csr-alg1,0,0,,,,5,20,4,true
3,A100-SXM4-80GB-suitesparse_all-fp64-n2-row-major-AlphaSparse-SpMM-CSR-pre-plus-solve,AlphaSparse-SpMM-CSR-best-pre-plus-solve,AlphaSparseLib CSR PER MATRIX BEST,per-matrix-best,AlphaSparse-SpMM-CSR,best,pre-plus-solve,"csr-alg1,csr-alg2,csr-alg3,csr-alg4,csr-alg5",manual-selection,csr,ALPHASPARSE_SPMM_CSR_ALG1,workspace-setup,spmm.csr.fp64,fp64,A100-SXM4-80GB,A100-SXM4-80GB,,9700.0,018f64fd-81d1-5f6a-986f-7d386c913e5c,suitesparse_all,Dziekonski/dielFilterV2real,dielFilterV2real,1157456,1157456,48538952,2,row-major,N,N,1.0,0.0,20260922,main,pass,pass,0,0,194155808.0,0.41384,1.11677436829,1.53061436829,1.13746636829,173.85410474390682,126.84828525222234,170.6914713371987,1.7923103581846063,1.3077142809507458,1.7597058900742133,AlphaSparse 248af573c867cf4c7e05d40c611c7c34ebac4715,CUDA,13040,13000,2026-10-06T20:34:35.108759+00:00,derived,csr-alg1,0,0,,,,5,20,4,true
3,A100-SXM4-80GB-suitesparse_all-fp64-n2-row-major-AlphaSparse-SpMM-CSR-pre-plus-solve,AlphaSparse-SpMM-CSR-best-pre-plus-solve,AlphaSparseLib CSR PER MATRIX BEST,per-matrix-best,AlphaSparse-SpMM-CSR,best,pre-plus-solve,"csr-alg1,csr-alg2,csr-alg3,csr-alg4,csr-alg5",manual-selection,csr,ALPHASPARSE_SPMM_CSR_ALG1,workspace-setup,spmm.csr.fp64,fp64,A100-SXM4-80GB,A100-SXM4-80GB,,9700.0,752b02ae-c4ef-54eb-ad5c-0957985c94ee,suitesparse_all,Dziekonski/dielFilterV3real,dielFilterV3real,1102824,1102824,89306020,2,row-major,N,N,1.0,0.0,20260922,main,pass,pass,0,0,357224080.0,0.408851,2.14144001007,2.55029101007,2.16188256007,166.81489013008724,140.07188928223331,165.23750484782732,1.7197411353617242,1.444040095693127,1.7034794314209,AlphaSparse 248af573c867cf4c7e05d40c611c7c34ebac4715,CUDA,13040,13000,2026-10-08T03:41:25.807247+00:00,derived,csr-alg1,0,0,,,,5,20,4,true
3,A100-SXM4-80GB-suitesparse_all-fp64-n2-row-major-AlphaSparse-SpMM-CSR-pre-plus-solve,AlphaSparse-SpMM-CSR-best-pre-plus-solve,AlphaSparseLib CSR PER MATRIX BEST,per-matrix-best,AlphaSparse-SpMM-CSR,best,pre-plus-solve,"csr-alg1,csr-alg2,csr-alg3,csr-alg4,csr-alg5",manual-selection,csr,ALPHASPARSE_SPMM_CSR_ALG4,workspace-setup,spmm.csr.fp64,fp64,A100-SXM4-80GB,A100-SXM4-80GB,,9700.0,d94c6f41-d28e-5f45-abb9-189a8a3b4f78,suitesparse_all,Dziekonski/gsm_106857,gsm_106857,589446,589446,21758924,2,row-major,N,N,1.0,0.0,20260922,main,pass,pass,0,0,87035696.0,0.42865,0.542515182495,0.971165182495,0.563947682495,160.4299728529757,89.61986855459381,154.33292608800048,1.6539172459069662,0.9239161706659156,1.5910610936907266,AlphaSparse 248af573c867cf4c7e05d40c611c7c34ebac4715,CUDA,13040,13000,2026-10-06T03:18:48.925164+00:00,derived,csr-alg4,0,0,,,,5,20,4,true
3,A100-SXM4-80GB-suitesparse_all-fp64-n2-row-major-AlphaSparse-SpMM-CSR-pre-plus-solve,AlphaSparse-SpMM-CSR-best-pre-plus-solve,AlphaSparseLib CSR PER MATRIX BEST,per-matrix-best,AlphaSparse-SpMM-CSR,best,pre-plus-solve,"csr-alg1,csr-alg2,csr-alg3,csr-alg4,csr-alg5",manual-selection,csr,ALPHASPARSE_SPMM_CSR_ALG1,workspace-setup,spmm.csr.fp64,fp64,A100-SXM4-80GB,A100-SXM4-80GB,,9700.0,a0827285-e98d-55a9-b486-73107367c8f5,suitesparse_all,Embree/ifiss_mat,ifiss_mat,96307,96307,3599932,2,row-major,N,N,1.0,0.0,20260922,main,pass,pass,0,0,14399728.0,0.028849,0.0710655987263,0.0999145987263,0.0725080487263,202.62585917918875,144.12036062363362,198.5948905390548,2.0889263832906058,1.4857769136457075,2.0473700055572657,AlphaSparse 248af573c867cf4c7e05d40c611c7c34ebac4715,CUDA,13040,13000,2026-10-06T07:31:02.204853+00:00,derived,csr-alg1,0,0,,,,5,20,4,true
3,A100-SXM4-80GB-suitesparse_all-fp64-n2-row-major-AlphaSparse-SpMM-CSR-pre-plus-solve,AlphaSparse-SpMM-CSR-best-pre-plus-solve,AlphaSparseLib CSR PER MATRIX BEST,per-matrix-best,AlphaSparse-SpMM-CSR,best,pre-plus-solve,"csr-alg1,csr-alg2,csr-alg3,csr-alg4,csr-alg5",manual-selection,csr,ALPHASPARSE_SPMM_CSR_ALG1,workspace-setup,spmm.csr.fp64,fp64,A100-SXM4-80GB,A100-SXM4-80GB,,9700.0,dd6a9a30-d69d-5ea7-834e-7b0f3242a57c,suitesparse_all,Engwirda/airfoil_2d,airfoil_2d,14214,14214,259688,2,row-major,N,N,1.0,0.0,20260922,main,pass,pass,0,0,1038752.0,0.01542,0.0102912001312,0.0257112001312,0.0110622001312,100.93594398682409,40.400758996056986,93.90103123069414,1.040576742132207,0.4165026700624431,0.9680518683576715,AlphaSparse 248af573c867cf4c7e05d40c611c7c34ebac4715,CUDA,13040,13000,2026-10-06T19:51:40.686724+00:00,derived,csr-alg1,0,0,,,,5,20,4,true
3,A100-SXM4-80GB-suitesparse_all-fp64-n2-row-major-AlphaSparse-SpMM-CSR-pre-plus-solve,AlphaSparse-SpMM-CSR-best-pre-plus-solve,AlphaSparseLib CSR PER MATRIX BEST,per-matrix-best,AlphaSparse-SpMM-CSR,best,pre-plus-solve,"csr-alg1,csr-alg2,csr-alg3,csr-alg4,csr-alg5",manual-selection,csr,ALPHASPARSE_SPMM_CSR_ALG5,workspace-setup,spmm.csr.fp64,fp64,A100-SXM4-80GB,A100-SXM4-80GB,,9700.0,152f8cc9-7213-5fba-8430-8cd9341fa530,suitesparse_all,FEMLAB/ns3Da,ns3Da,20414,20414,1679599,2,row-major,N,N,1.0,0.0,20260922,main,pass,pass,0,0,6718396.0,0.01816,0.0563008010387,0.0744608010387,0.0572088010387,119.33038031522703,90.22728611942013,117.43640625251369,1.2302101063425468,0.9301782074167023,1.2106846005413783,AlphaSparse 248af573c867cf4c7e05d40c611c7c34ebac4715,CUDA,13040,13000,2026-10-08T02:20:11.676431+00:00,derived,csr-alg5,0,0,,,,5,20,4,true
3,A100-SXM4-80GB-suitesparse_all-fp64-n2-row-major-AlphaSparse-SpMM-CSR-pre-plus-solve,AlphaSparse-SpMM-CSR-best-pre-plus-solve,AlphaSparseLib CSR PER MATRIX BEST,per-matrix-best,AlphaSparse-SpMM-CSR,best,pre-plus-solve,"csr-alg1,csr-alg2,csr-alg3,csr-alg4,csr-alg5",manual-selection,csr,ALPHASPARSE_SPMM_CSR_ALG1,workspace-setup,spmm.csr.fp64,fp64,A100-SXM4-80GB,A100-SXM4-80GB,,9700.0,a0827285-e98d-55a9-b486-73107367c8f5,suitesparse_all,FEMLAB/poisson2D,poisson2D,367,367,2417,2,row-major,N,N,1.0,0.0,20260922,main,pass,pass,0,0,9668.0,0.01556,0.00564640015364,0.0212064001536,0.00642440015364,1.71224138157609,0.45590010232636113,1.5048875799746393,0.01765197300593907,0.004700001054910939,0.015514304948192158,AlphaSparse 248af573c867cf4c7e05d40c611c7c34ebac4715,CUDA,13040,13000,2026-10-06T07:04:52.082558+00:00,derived,csr-alg1,0,0,,,,5,20,4,true
3,A100-SXM4-80GB-suitesparse_all-fp64-n2-row-major-AlphaSparse-SpMM-CSR-pre-plus-solve,AlphaSparse-SpMM-CSR-best-pre-plus-solve,AlphaSparseLib CSR PER MATRIX BEST,per-matrix-best,AlphaSparse-SpMM-CSR,best,pre-plus-solve,"csr-alg1,csr-alg2,csr-alg3,csr-alg4,csr-alg5",manual-selection,csr,ALPHASPARSE_SPMM_CSR_ALG5,workspace-setup,spmm.csr.fp64,fp64,A100-SXM4-80GB,A100-SXM4-80GB,,9700.0,dd6a9a30-d69d-5ea7-834e-7b0f3242a57c,suitesparse_all,FEMLAB/poisson3Da,poisson3Da,13514,13514,352762,2,row-major,N,N,1.0,0.0,20260922,main,pass,pass,0,0,1411048.0,0.01365,0.0215039998293,0.0351539998293,0.0221864998293,65.617932068498,40.13904553825269,63.59939651844216,0.6764735264793609,0.4138045931778627,0.6556638816334244,AlphaSparse 248af573c867cf4c7e05d40c611c7c34ebac4715,CUDA,13040,13000,2026-10-06T22:21:30.234289+00:00,derived,csr-alg5,0,0,,,,5,20,4,true
3,A100-SXM4-80GB-suitesparse_all-fp64-n2-row-major-AlphaSparse-SpMM-CSR-pre-plus-solve,AlphaSparse-SpMM-CSR-best-pre-plus-solve,AlphaSparseLib CSR PER MATRIX BEST,per-matrix-best,AlphaSparse-SpMM-CSR,best,pre-plus-solve,"csr-alg1,csr-alg2,csr-alg3,csr-alg4,csr-alg5",manual-selection,csr,ALPHASPARSE_SPMM_CSR_ALG5,workspace-setup,spmm.csr.fp64,fp64,A100-SXM4-80GB,A100-SXM4-80GB,,9700.0,005fdebf-9ece-5bc0-9d3c-6fda0356699d,suitesparse_all,FEMLAB/poisson3Db,poisson3Db,85623,85623,2374949,2,row-major,N,N,1.0,0.0,20260922,main,pass,pass,0,0,9499796.0,0.01841,0.0758783996105,0.0942883996105,0.0767988996105,125.1976326433409,100.75254261651608,123.69703274630228,1.2906972437457824,1.0386860063558359,1.2752271417144567,AlphaSparse 248af573c867cf4c7e05d40c611c7c34ebac4715,CUDA,13040,13000,2026-10-08T15:31:49.831307+00:00,derived,csr-alg5,0,0,,,,5,20,4,true
3,A100-SXM4-80GB-suitesparse_all-fp64-n2-row-major-AlphaSparse-SpMM-CSR-pre-plus-solve,AlphaSparse-SpMM-CSR-best-pre-plus-solve,AlphaSparseLib CSR PER MATRIX BEST,per-matrix-best,AlphaSparse-SpMM-CSR,best,pre-plus-solve,"csr-alg1,csr-alg2,csr-alg3,csr-alg4,csr-alg5",manual-selection,csr,ALPHASPARSE_SPMM_CSR_ALG1,workspace-setup,spmm.csr.fp64,fp64,A100-SXM4-80GB,A100-SXM4-80GB,,9700.0,d94c6f41-d28e-5f45-abb9-189a8a3b4f78,suitesparse_all,FEMLAB/problem1,problem1,415,415,2779,2,row-major,N,N,1.0,0.0,20260922,main,pass,pass,0,0,11116.0,0.012961,0.00747520029545,0.0204362002954,0.00812325029545,1.487050454924409,0.5439367318445253,1.3684177632968297,0.015330417061076382,0.0056075951736549,0.014107399621616801,AlphaSparse 248af573c867cf4c7e05d40c611c7c34ebac4715,CUDA,13040,13000,2026-10-06T01:50:42.077301+00:00,derived,csr-alg1,0,0,,,,5,20,4,true
3,A100-SXM4-80GB-suitesparse_all-fp64-n2-row-major-AlphaSparse-SpMM-CSR-pre-plus-solve,AlphaSparse-SpMM-CSR-best-pre-plus-solve,AlphaSparseLib CSR PER MATRIX BEST,per-matrix-best,AlphaSparse-SpMM-CSR,best,pre-plus-solve,"csr-alg1,csr-alg2,csr-alg3,csr-alg4,csr-alg5",manual-selection,csr,ALPHASPARSE_SPMM_CSR_ALG5,workspace-setup,spmm.csr.fp64,fp64,A100-SXM4-80GB,A100-SXM4-80GB,,9700.0,018f64fd-81d1-5f6a-986f-7d386c913e5c,suitesparse_all,FEMLAB/sme3Da,sme3Da,12504,12504,874887,2,row-major,N,N,1.0,0.0,20260922,main,pass,pass,0,0,3499548.0,0.01663,0.0351231992245,0.0517531992245,0.0359546992245,99.63636790691062,67.6199356259953,97.33214504587936,1.0271790505867076,0.6971127384123227,1.003424175730715,AlphaSparse 248af573c867cf4c7e05d40c611c7c34ebac4715,CUDA,13040,13000,2026-10-06T23:07:47.525311+00:00,derived,csr-alg5,0,0,,,,5,20,4,true
3,A100-SXM4-80GB-suitesparse_all-fp64-n2-row-major-AlphaSparse-SpMM-CSR-pre-plus-solve,AlphaSparse-SpMM-CSR-best-pre-plus-solve,AlphaSparseLib CSR PER MATRIX BEST,per-matrix-best,AlphaSparse-SpMM-CSR,best,pre-plus-solve,"csr-alg1,csr-alg2,csr-alg3,csr-alg4,csr-alg5",manual-selection,csr,ALPHASPARSE_SPMM_CSR_ALG5,workspace-setup,spmm.csr.fp64,fp64,A100-SXM4-80GB,A100-SXM4-80GB,,9700.0,752b02ae-c4ef-54eb-ad5c-0957985c94ee,suitesparse_all,FEMLAB/sme3Dc,sme3Dc,42930,42930,3148656,2,row-major,N,N,1.0,0.0,20260922,main,pass,pass,0,0,12594624.0,0.022,0.103316795826,0.125316795826,0.104416795826,121.9029674634037,100.5022823715298,120.61875582724893,1.2567316233340586,1.0361060038302041,1.2434923281159684,AlphaSparse 248af573c867cf4c7e05d40c611c7c34ebac4715,CUDA,13040,13000,2026-10-08T07:57:57.255538+00:00,derived,csr-alg5,0,0,,,,5,20,4,true
3,A100-SXM4-80GB-suitesparse_all-fp64-n2-row-major-AlphaSparse-SpMM-CSR-pre-plus-solve,AlphaSparse-SpMM-CSR-best-pre-plus-solve,AlphaSparseLib CSR PER MATRIX BEST,per-matrix-best,AlphaSparse-SpMM-CSR,best,pre-plus-solve,"csr-alg1,csr-alg2,csr-alg3,csr-alg4,csr-alg5",manual-selection,csr,ALPHASPARSE_SPMM_CSR_ALG1,workspace-setup,spmm.csr.fp64,fp64,A100-SXM4-80GB,A100-SXM4-80GB,,9700.0,152f8cc9-7213-5fba-8430-8cd9341fa530,suitesparse_all,FEMLAB/waveguide3D,waveguide3D,21036,21036,303468,2,row-major,N,N,1.0,0.0,20260922,main,pass,pass,0,0,1213872.0,0.02333,0.0163328006864,0.0396628006864,0.0174993006864,74.32111756624613,30.604797921298214,69.36688624039643,0.7661970883118158,0.31551338063194034,0.7151225385607879,AlphaSparse 248af573c867cf4c7e05d40c611c7c34ebac4715,CUDA,13040,13000,2026-10-07T22:25:58.054761+00:00,derived,csr-alg1,0,0,,,,5,20,4,true
3,A100-SXM4-80GB-suitesparse_all-fp64-n2-row-major-AlphaSparse-SpMM-CSR-pre-plus-solve,AlphaSparse-SpMM-CSR-best-pre-plus-solve,AlphaSparseLib CSR PER MATRIX BEST,per-matrix-best,AlphaSparse-SpMM-CSR,best,pre-plus-solve,"csr-alg1,csr-alg2,csr-alg3,csr-alg4,csr-alg5",manual-selection,csr,ALPHASPARSE_SPMM_CSR_ALG2,workspace-setup,spmm.csr.fp64,fp64,A100-SXM4-80GB,A100-SXM4-80GB,,9700.0,a0827285-e98d-55a9-b486-73107367c8f5,suitesparse_all,FIDAP/ex1,ex1,216,216,4352,2,row-major,N,N,1.0,0.0,20260922,main,pass,pass,0,0,17408.0,0.01647,0.0135168001056,0.0299868001056,0.0143403001056,1.287878777817235,0.5805220943447406,1.21392159660606,0.013277100802239537,0.005984763859224129,0.01251465563511402,AlphaSparse 248af573c867cf4c7e05d40c611c7c34ebac4715,CUDA,13040,13000,2026-10-06T07:32:18.783472+00:00,derived,csr-alg2,0,0,,,,5,20,4,true
3,A100-SXM4-80GB-suitesparse_all-fp64-n2-row-major-AlphaSparse-SpMM-CSR-pre-plus-solve,AlphaSparse-SpMM-CSR-best-pre-plus-solve,AlphaSparseLib CSR PER MATRIX BEST,per-matrix-best,AlphaSparse-SpMM-CSR,best,pre-plus-solve,"csr-alg1,csr-alg2,csr-alg3,csr-alg4,csr-alg5",manual-selection,csr,ALPHASPARSE_SPMM_CSR_ALG5,workspace-setup,spmm.csr.fp64,fp64,A100-SXM4-80GB,A100-SXM4-80GB,,9700.0,dd6a9a30-d69d-5ea7-834e-7b0f3242a57c,suitesparse_all,FIDAP/ex10,ex10,2410,2410,54840,2,row-major,N,N,1.0,0.0,20260922,main,pass,pass,0,0,219360.0,0.01197,0.0135680004954,0.0255380004954,0.0141665004954,16.167452239876486,8.589552656618984,15.484416922247544,0.1666747653595514,0.08855208924349468,0.1596331641468819,AlphaSparse 248af573c867cf4c7e05d40c611c7c34ebac4715,CUDA,13040,13000,2026-10-06T22:20:24.604926+00:00,derived,csr-alg5,0,0,,,,5,20,4,true
3,A100-SXM4-80GB-suitesparse_all-fp64-n2-row-major-AlphaSparse-SpMM-CSR-pre-plus-solve,AlphaSparse-SpMM-CSR-best-pre-plus-solve,AlphaSparseLib CSR PER MATRIX BEST,per-matrix-best,AlphaSparse-SpMM-CSR,best,pre-plus-solve,"csr-alg1,csr-alg2,csr-alg3,csr-alg4,csr-alg5",manual-selection,csr,ALPHASPARSE_SPMM_CSR_ALG2,workspace-setup,spmm.csr.fp64,fp64,A100-SXM4-80GB,A100-SXM4-80GB,,9700.0,005fdebf-9ece-5bc0-9d3c-6fda0356699d,suitesparse_all,FIDAP/ex10hs,ex10hs,2548,2548,57308,2,row-major,N,N,1.0,0.0,20260922,main,pass,pass,0,0,229232.0,0.01416,0.0121855996549,0.0263455996549,0.0128935996549,18.811712717627532,8.700959666991876,17.77874341808683,0.19393518265595394,0.08970061512362759,0.18328601461945185,AlphaSparse 248af573c867cf4c7e05d40c611c7c34ebac4715,CUDA,13040,13000,2026-10-08T14:19:27.152411+00:00,derived,csr-alg2,0,0,,,,5,20,4,true
3,A100-SXM4-80GB-suitesparse_all-fp64-n2-row-major-AlphaSparse-SpMM-CSR-pre-plus-solve,AlphaSparse-SpMM-CSR-best-pre-plus-solve,AlphaSparseLib CSR PER MATRIX BEST,per-matrix-best,AlphaSparse-SpMM-CSR,best,pre-plus-solve,"csr-alg1,csr-alg2,csr-alg3,csr-alg4,csr-alg5",manual-selection,csr,ALPHASPARSE_SPMM_CSR_ALG1,workspace-setup,spmm.csr.fp64,fp64,A100-SXM4-80GB,A100-SXM4-80GB,,9700.0,d94c6f41-d28e-5f45-abb9-189a8a3b4f78,suitesparse_all,FIDAP/ex11,ex11,16614,16614,1096948,2,row-major,N,N,1.0,0.0,20260922,main,pass,pass,0,0,4387792.0,0.01474,0.0287232011557,0.0434632011557,0.0294602011557,152.761246081698,100.95418384581093,148.93964833471762,1.5748582070278145,1.0407647819155768,1.535460292110491,AlphaSparse 248af573c867cf4c7e05d40c611c7c34ebac4715,CUDA,13040,13000,2026-10-06T01:49:45.647262+00:00,derived,csr-alg1,0,0,,,,5,20,4,true
3,A100-SXM4-80GB-suitesparse_all-fp64-n2-row-major-AlphaSparse-SpMM-CSR-pre-plus-solve,AlphaSparse-SpMM-CSR-best-pre-plus-solve,AlphaSparseLib CSR PER MATRIX BEST,per-matrix-best,AlphaSparse-SpMM-CSR,best,pre-plus-solve,"csr-alg1,csr-alg2,csr-alg3,csr-alg4,csr-alg5",manual-selection,csr,ALPHASPARSE_SPMM_CSR_ALG5,workspace-setup,spmm.csr.fp64,fp64,A100-SXM4-80GB,A100-SXM4-80GB,,9700.0,018f64fd-81d1-5f6a-986f-7d386c913e5c,suitesparse_all,FIDAP/ex12,ex12,3973,3973,80211,2,row-major,N,N,1.0,0.0,20260922,main,pass,pass,0,0,320844.0,0.012551,0.014284799993,0.026835799993,0.014912349993,22.460517484124637,11.955820213434695,21.51532120360689,0.23155172664046014,0.12325587848901746,0.22180743508873083,AlphaSparse 248af573c867cf4c7e05d40c611c7c34ebac4715,CUDA,13040,13000,2026-10-06T23:06:30.356094+00:00,derived,csr-alg5,0,0,,,,5,20,4,true
3,A100-SXM4-80GB-suitesparse_all-fp64-n2-row-major-AlphaSparse-SpMM-CSR-pre-plus-solve,AlphaSparse-SpMM-CSR-best-pre-plus-solve,AlphaSparseLib CSR PER MATRIX BEST,per-matrix-best,AlphaSparse-SpMM-CSR,best,pre-plus-solve,"csr-alg1,csr-alg2,csr-alg3,csr-alg4,csr-alg5",manual-selection,csr,ALPHASPARSE_SPMM_CSR_ALG2,workspace-setup,spmm.csr.fp64,fp64,A100-SXM4-80GB,A100-SXM4-80GB,,9700.0,752b02ae-c4ef-54eb-ad5c-0957985c94ee,suitesparse_all,FIDAP/ex14,ex14,3251,3251,66775,2,row-major,N,N,1.0,0.0,20260922,main,pass,pass,0,0,267100.0,0.01227,0.0153600007296,0.0276300007296,0.0159735007296,17.38932209067387,9.667028336841698,16.721444129341368,0.1792713617595244,0.09966008594682163,0.17238602195197286,AlphaSparse 248af573c867cf4c7e05d40c611c7c34ebac4715,CUDA,13040,13000,2026-10-08T04:51:12.743291+00:00,derived,csr-alg2,0,0,,,,5,20,4,true
3,A100-SXM4-80GB-suitesparse_all-fp64-n2-row-major-AlphaSparse-SpMM-CSR-pre-plus-solve,AlphaSparse-SpMM-CSR-best-pre-plus-solve,AlphaSparseLib CSR PER MATRIX BEST,per-matrix-best,AlphaSparse-SpMM-CSR,best,pre-plus-solve,"csr-alg1,csr-alg2,csr-alg3,csr-alg4,csr-alg5",manual-selection,csr,ALPHASPARSE_SPMM_CSR_ALG1,workspace-setup,spmm.csr.fp64,fp64,A100-SXM4-80GB,A100-SXM4-80GB,,9700.0,152f8cc9-7213-5fba-8430-8cd9341fa530,suitesparse_all,FIDAP/ex15,ex15,6867,6867,98671,2,row-major,N,N,1.0,0.0,20260922,main,pass,pass,0,0,394684.0,0.02459,0.00983040034771,0.0344204003477,0.0110599003477,40.14933126217408,11.466572033244033,35.68603582238224,0.413910631568805,0.11821208281694878,0.3678972765194045,AlphaSparse 248af573c867cf4c7e05d40c611c7c34ebac4715,CUDA,13040,13000,2026-10-07T22:25:01.878382+00:00,derived,csr-alg1,0,0,,,,5,20,4,true
3,A100-SXM4-80GB-suitesparse_all-fp64-n2-row-major-AlphaSparse-SpMM-CSR-pre-plus-solve,AlphaSparse-SpMM-CSR-best-pre-plus-solve,AlphaSparseLib CSR PER MATRIX BEST,per-matrix-best,AlphaSparse-SpMM-CSR,best,pre-plus-solve,"csr-alg1,csr-alg2,csr-alg3,csr-alg4,csr-alg5",manual-selection,csr,ALPHASPARSE_SPMM_CSR_ALG5,workspace-setup,spmm.csr.fp64,fp64,A100-SXM4-80GB,A100-SXM4-80GB,,9700.0,a0827285-e98d-55a9-b486-73107367c8f5,suitesparse_all,FIDAP/ex18,ex18,5773,5773,71805,2,row-major,N,N,1.0,0.0,20260922,main,pass,pass,0,0,287220.0,0.016269,0.011953599751,0.028222599751,0.012767049751,24.02790841110203,10.176950477066631,22.496975072686862,0.24771039599074257,0.10491701522749104,0.23192757806893674,AlphaSparse 248af573c867cf4c7e05d40c611c7c34ebac4715,CUDA,13040,13000,2026-10-06T08:56:26.062597+00:00,derived,csr-alg5,0,0,,,,5,20,4,true
3,A100-SXM4-80GB-suitesparse_all-fp64-n2-row-major-AlphaSparse-SpMM-CSR-pre-plus-solve,AlphaSparse-SpMM-CSR-best-pre-plus-solve,AlphaSparseLib CSR PER MATRIX BEST,per-matrix-best,AlphaSparse-SpMM-CSR,best,pre-plus-solve,"csr-alg1,csr-alg2,csr-alg3,csr-alg4,csr-alg5",manual-selection,csr,ALPHASPARSE_SPMM_CSR_ALG5,workspace-setup,spmm.csr.fp64,fp64,A100-SXM4-80GB,A100-SXM4-80GB,,9700.0,dd6a9a30-d69d-5ea7-834e-7b0f3242a57c,suitesparse_all,FIDAP/ex19,ex19,12005,12005,259879,2,row-major,N,N,1.0,0.0,20260922,main,pass,pass,0,0,1039516.0,0.01543,0.0180224001408,0.0334524001408,0.0187939001408,57.67910998972286,31.07448181968149,55.31135060908922,0.5946299998940501,0.32035548267712877,0.5702201093720538,AlphaSparse 248af573c867cf4c7e05d40c611c7c34ebac4715,CUDA,13040,13000,2026-10-06T22:20:25.449203+00:00,derived,csr-alg5,0,0,,,,5,20,4,true
3,A100-SXM4-80GB-suitesparse_all-fp64-n2-row-major-AlphaSparse-SpMM-CSR-pre-plus-solve,AlphaSparse-SpMM-CSR-best-pre-plus-solve,AlphaSparseLib CSR PER MATRIX BEST,per-matrix-best,AlphaSparse-SpMM-CSR,best,pre-plus-solve,"csr-alg1,csr-alg2,csr-alg3,csr-alg4,csr-alg5",manual-selection,csr,ALPHASPARSE_SPMM_CSR_ALG2,workspace-setup,spmm.csr.fp64,fp64,A100-SXM4-80GB,A100-SXM4-80GB,,9700.0,005fdebf-9ece-5bc0-9d3c-6fda0356699d,suitesparse_all,FIDAP/ex2,ex2,441,441,26839,2,row-major,N,N,1.0,0.0,20260922,main,pass,pass,0,0,107356.0,0.01404,0.0115199998021,0.0255599998021,0.0122219998021,9.319097382313313,4.200156527042683,8.783832575545777,0.09607316888982798,0.04330058275301735,0.09055497500562656,AlphaSparse 248af573c867cf4c7e05d40c611c7c34ebac4715,CUDA,13040,13000,2026-10-08T14:19:27.763199+00:00,derived,csr-alg2,0,0,,,,5,20,4,true
3,A100-SXM4-80GB-suitesparse_all-fp64-n2-row-major-AlphaSparse-SpMM-CSR-pre-plus-solve,AlphaSparse-SpMM-CSR-best-pre-plus-solve,AlphaSparseLib CSR PER MATRIX BEST,per-matrix-best,AlphaSparse-SpMM-CSR,best,pre-plus-solve,"csr-alg1,csr-alg2,csr-alg3,csr-alg4,csr-alg5",manual-selection,csr,ALPHASPARSE_SPMM_CSR_ALG5,workspace-setup,spmm.csr.fp64,fp64,A100-SXM4-80GB,A100-SXM4-80GB,,9700.0,d94c6f41-d28e-5f45-abb9-189a8a3b4f78,suitesparse_all,FIDAP/ex20,ex20,2203,2203,69981,2,row-major,N,N,1.0,0.0,20260922,main,pass,pass,0,0,279924.0,0.01386,0.0141231998801,0.0279831998801,0.0148161998801,19.82015424099613,10.003287729759077,18.89310364771555,0.20433148702057863,0.10312667762638224,0.19477426440943865,AlphaSparse 248af573c867cf4c7e05d40c611c7c34ebac4715,CUDA,13040,13000,2026-10-06T03:32:20.999445+00:00,derived,csr-alg5,0,0,,,,5,20,4,true
3,A100-SXM4-80GB-suitesparse_all-fp64-n2-row-major-AlphaSparse-SpMM-CSR-pre-plus-solve,AlphaSparse-SpMM-CSR-best-pre-plus-solve,AlphaSparseLib CSR PER MATRIX BEST,per-matrix-best,AlphaSparse-SpMM-CSR,best,pre-plus-solve,"csr-alg1,csr-alg2,csr-alg3,csr-alg4,csr-alg5",manual-selection,csr,ALPHASPARSE_SPMM_CSR_ALG3,workspace-setup,spmm.csr.fp64,fp64,A100-SXM4-80GB,A100-SXM4-80GB,,9700.0,018f64fd-81d1-5f6a-986f-7d386c913e5c,suitesparse_all,FIDAP/ex21,ex21,656,656,19144,2,row-major,N,N,1.0,0.0,20260922,main,pass,pass,0,0,76576.0,0.01146,0.0142335996032,0.0256935996032,0.0148065996032,5.379946193145982,2.980353130063678,5.171747872715516,0.05546336281593796,0.030725290000656477,0.05331698837851047,AlphaSparse 248af573c867cf4c7e05d40c611c7c34ebac4715,CUDA,13040,13000,2026-10-06T21:51:38.024584+00:00,derived,csr-alg3,0,0,,,,5,20,4,true
3,A100-SXM4-80GB-suitesparse_all-fp64-n2-row-major-AlphaSparse-SpMM-CSR-pre-plus-solve,AlphaSparse-SpMM-CSR-best-pre-plus-solve,AlphaSparseLib CSR PER MATRIX BEST,per-matrix-best,AlphaSparse-SpMM-CSR,best,pre-plus-solve,"csr-alg1,csr-alg2,csr-alg3,csr-alg4,csr-alg5",manual-selection,csr,ALPHASPARSE_SPMM_CSR_ALG2,workspace-setup,spmm.csr.fp64,fp64,A100-SXM4-80GB,A100-SXM4-80GB,,9700.0,752b02ae-c4ef-54eb-ad5c-0957985c94ee,suitesparse_all,FIDAP/ex23,ex23,1409,1409,43703,2,row-major,N,N,1.0,0.0,20260922,main,pass,pass,0,0,174812.0,0.0117,0.0150015994906,0.0267015994906,0.0155865994906,11.652890754051736,6.546873720487816,11.215531656242659,0.12013289437166738,0.06749354351018368,0.11562403769322328,AlphaSparse 248af573c867cf4c7e05d40c611c7c34ebac4715,CUDA,13040,13000,2026-10-08T04:51:13.388260+00:00,derived,csr-alg2,0,0,,,,5,20,4,true
3,A100-SXM4-80GB-suitesparse_all-fp64-n2-row-major-AlphaSparse-SpMM-CSR-pre-plus-solve,AlphaSparse-SpMM-CSR-best-pre-plus-solve,AlphaSparseLib CSR PER MATRIX BEST,per-matrix-best,AlphaSparse-SpMM-CSR,best,pre-plus-solve,"csr-alg1,csr-alg2,csr-alg3,csr-alg4,csr-alg5",manual-selection,csr,ALPHASPARSE_SPMM_CSR_ALG3,workspace-setup,spmm.csr.fp64,fp64,A100-SXM4-80GB,A100-SXM4-80GB,,9700.0,152f8cc9-7213-5fba-8430-8cd9341fa530,suitesparse_all,FIDAP/ex24,ex24,2283,2283,48737,2,row-major,N,N,1.0,0.0,20260922,main,pass,pass,0,0,194948.0,0.01857,0.0147456005216,0.0333156005216,0.0156741005216,13.220756910810898,5.851552934596105,12.437587709186126,0.1362964629980505,0.06032528798552686,0.12822255370294974,AlphaSparse 248af573c867cf4c7e05d40c611c7c34ebac4715,CUDA,13040,13000,2026-10-08T00:21:45.051846+00:00,derived,csr-alg3,0,0,,,,5,20,4,true
3,A100-SXM4-80GB-suitesparse_all-fp64-n2-row-major-AlphaSparse-SpMM-CSR-pre-plus-solve,AlphaSparse-SpMM-CSR-best-pre-plus-solve,AlphaSparseLib CSR PER MATRIX BEST,per-matrix-best,AlphaSparse-SpMM-CSR,best,pre-plus-solve,"csr-alg1,csr-alg2,csr-alg3,csr-alg4,csr-alg5",manual-selection,csr,ALPHASPARSE_SPMM_CSR_ALG5,workspace-setup,spmm.csr.fp64,fp64,A100-SXM4-80GB,A100-SXM4-80GB,,9700.0,a0827285-e98d-55a9-b486-73107367c8f5,suitesparse_all,FIDAP/ex25,ex25,848,848,24612,2,row-major,N,N,1.0,0.0,20260922,main,pass,pass,0,0,98448.0,0.01988,0.0115295998752,0.0314095998752,0.0125235998752,8.538717827646403,3.134328370662606,7.860998513291115,0.08802801884171549,0.03231266361507841,0.08104122178650634,AlphaSparse 248af573c867cf4c7e05d40c611c7c34ebac4715,CUDA,13040,13000,2026-10-06T08:56:26.864403+00:00,derived,csr-alg5,0,0,,,,5,20,4,true
3,A100-SXM4-80GB-suitesparse_all-fp64-n2-row-major-AlphaSparse-SpMM-CSR-pre-plus-solve,AlphaSparse-SpMM-CSR-best-pre-plus-solve,AlphaSparseLib CSR PER MATRIX BEST,per-matrix-best,AlphaSparse-SpMM-CSR,best,pre-plus-solve,"csr-alg1,csr-alg2,csr-alg3,csr-alg4,csr-alg5",manual-selection,csr,ALPHASPARSE_SPMM_CSR_ALG3,workspace-setup,spmm.csr.fp64,fp64,A100-SXM4-80GB,A100-SXM4-80GB,,9700.0,dd6a9a30-d69d-5ea7-834e-7b0f3242a57c,suitesparse_all,FIDAP/ex26,ex26,2163,2163,94033,2,row-major,N,N,1.0,0.0,20260922,main,pass,pass,0,0,376132.0,0.01357,0.0172031998634,0.0307731998634,0.0178816998634,21.864071974204347,12.222713324243909,21.034465563861822,0.22540280385777678,0.12600735385818462,0.21685016045218372,AlphaSparse 248af573c867cf4c7e05d40c611c7c34ebac4715,CUDA,13040,13000,2026-10-06T21:05:41.484794+00:00,derived,csr-alg3,0,0,,,,5,20,4,true
3,A100-SXM4-80GB-suitesparse_all-fp64-n2-row-major-AlphaSparse-SpMM-CSR-pre-plus-solve,AlphaSparse-SpMM-CSR-best-pre-plus-solve,AlphaSparseLib CSR PER MATRIX BEST,per-matrix-best,AlphaSparse-SpMM-CSR,best,pre-plus-solve,"csr-alg1,csr-alg2,csr-alg3,csr-alg4,csr-alg5",manual-selection,csr,ALPHASPARSE_SPMM_CSR_ALG3,workspace-setup,spmm.csr.fp64,fp64,A100-SXM4-80GB,A100-SXM4-80GB,,9700.0,005fdebf-9ece-5bc0-9d3c-6fda0356699d,suitesparse_all,FIDAP/ex27,ex27,974,974,40782,2,row-major,N,N,1.0,0.0,20260922,main,pass,pass,0,0,163128.0,0.01375,0.0123903997242,0.0261403997242,0.0130778997242,13.165676945949581,6.240455452904991,12.473562532226776,0.1357286283087586,0.0643345922979896,0.12859342816728636,AlphaSparse 248af573c867cf4c7e05d40c611c7c34ebac4715,CUDA,13040,13000,2026-10-08T14:43:29.851591+00:00,derived,csr-alg3,0,0,,,,5,20,4,true
3,A100-SXM4-80GB-suitesparse_all-fp64-n2-row-major-AlphaSparse-SpMM-CSR-pre-plus-solve,AlphaSparse-SpMM-CSR-best-pre-plus-solve,AlphaSparseLib CSR PER MATRIX BEST,per-matrix-best,AlphaSparse-SpMM-CSR,best,pre-plus-solve,"csr-alg1,csr-alg2,csr-alg3,csr-alg4,csr-alg5",manual-selection,csr,ALPHASPARSE_SPMM_CSR_ALG2,workspace-setup,spmm.csr.fp64,fp64,A100-SXM4-80GB,A100-SXM4-80GB,,9700.0,d94c6f41-d28e-5f45-abb9-189a8a3b4f78,suitesparse_all,FIDAP/ex28,ex28,2603,2603,77781,2,row-major,N,N,1.0,0.0,20260922,main,pass,pass,0,0,311124.0,0.01531,0.0151552006602,0.0304652006602,0.0159207006602,20.529190406370653,10.212438889544392,19.542104750312642,0.2116411382100067,0.1052828751499422,0.20146499742590354,AlphaSparse 248af573c867cf4c7e05d40c611c7c34ebac4715,CUDA,13040,13000,2026-10-06T02:18:20.663966+00:00,derived,csr-alg2,0,0,,,,5,20,4,true
3,A100-SXM4-80GB-suitesparse_all-fp64-n2-row-major-AlphaSparse-SpMM-CSR-pre-plus-solve,AlphaSparse-SpMM-CSR-best-pre-plus-solve,AlphaSparseLib CSR PER MATRIX BEST,per-matrix-best,AlphaSparse-SpMM-CSR,best,pre-plus-solve,"csr-alg1,csr-alg2,csr-alg3,csr-alg4,csr-alg5",manual-selection,csr,ALPHASPARSE_SPMM_CSR_ALG1,workspace-setup,spmm.csr.fp64,fp64,A100-SXM4-80GB,A100-SXM4-80GB,,9700.0,018f64fd-81d1-5f6a-986f-7d386c913e5c,suitesparse_all,FIDAP/ex29,ex29,2870,2870,23754,2,row-major,N,N,1.0,0.0,20260922,main,pass,pass,0,0,95016.0,0.01331,0.00706560015678,0.0203756001568,0.00773110015678,13.447689918997845,4.663224605351812,12.29010077132077,0.13863597854636953,0.04807448046754445,0.12670206980743062,AlphaSparse 248af573c867cf4c7e05d40c611c7c34ebac4715,CUDA,13040,13000,2026-10-06T20:26:17.907634+00:00,derived,csr-alg1,0,0,,,,5,20,4,true
3,A100-SXM4-80GB-suitesparse_all-fp64-n2-row-major-AlphaSparse-SpMM-CSR-pre-plus-solve,AlphaSparse-SpMM-CSR-best-pre-plus-solve,AlphaSparseLib CSR PER MATRIX BEST,per-matrix-best,AlphaSparse-SpMM-CSR,best,pre-plus-solve,"csr-alg1,csr-alg2,csr-alg3,csr-alg4,csr-alg5",manual-selection,csr,ALPHASPARSE_SPMM_CSR_ALG5,workspace-setup,spmm.csr.fp64,fp64,A100-SXM4-80GB,A100-SXM4-80GB,,9700.0,752b02ae-c4ef-54eb-ad5c-0957985c94ee,suitesparse_all,FIDAP/ex31,ex31,3909,3909,115357,2,row-major,N,N,1.0,0.0,20260922,main,pass,pass,0,0,461428.0,0.01345,0.014899200201,0.028349200201,0.015571700201,30.969984547830293,16.276579117873084,29.63247391382269,0.3192781912147453,0.16779978472034107,0.30548942179198646,AlphaSparse 248af573c867cf4c7e05d40c611c7c34ebac4715,CUDA,13040,13000,2026-10-08T07:55:46.770860+00:00,derived,csr-alg5,0,0,,,,5,20,4,true
3,A100-SXM4-80GB-suitesparse_all-fp64-n2-row-major-AlphaSparse-SpMM-CSR-pre-plus-solve,AlphaSparse-SpMM-CSR-best-pre-plus-solve,AlphaSparseLib CSR PER MATRIX BEST,per-matrix-best,AlphaSparse-SpMM-CSR,best,pre-plus-solve,"csr-alg1,csr-alg2,csr-alg3,csr-alg4,csr-alg5",manual-selection,csr,ALPHASPARSE_SPMM_CSR_ALG1,workspace-setup,spmm.csr.fp64,fp64,A100-SXM4-80GB,A100-SXM4-80GB,,9700.0,152f8cc9-7213-5fba-8430-8cd9341fa530,suitesparse_all,FIDAP/ex32,ex32,1159,1159,11343,2,row-major,N,N,1.0,0.0,20260922,main,pass,pass,0,0,45372.0,0.02141,0.00849919989705,0.0299091998971,0.00956969989705,5.338384853819974,1.5169914326059681,4.741214509139057,0.05503489540020592,0.015639086934082145,0.048878500094217084,AlphaSparse 248af573c867cf4c7e05d40c611c7c34ebac4715,CUDA,13040,13000,2026-10-07T22:25:03.184980+00:00,derived,csr-alg1,0,0,,,,5,20,4,true
3,A100-SXM4-80GB-suitesparse_all-fp64-n2-row-major-AlphaSparse-SpMM-CSR-pre-plus-solve,AlphaSparse-SpMM-CSR-best-pre-plus-solve,AlphaSparseLib CSR PER MATRIX BEST,per-matrix-best,AlphaSparse-SpMM-CSR,best,pre-plus-solve,"csr-alg1,csr-alg2,csr-alg3,csr-alg4,csr-alg5",manual-selection,csr,ALPHASPARSE_SPMM_CSR_ALG1,workspace-setup,spmm.csr.fp64,fp64,A100-SXM4-80GB,A100-SXM4-80GB,,9700.0,a0827285-e98d-55a9-b486-73107367c8f5,suitesparse_all,FIDAP/ex33,ex33,1733,1733,22189,2,row-major,N,N,1.0,0.0,20260922,main,pass,pass,0,0,88756.0,0.019651,0.00977919995785,0.0294301999578,0.0107617499578,9.075998075768297,3.0158136923047527,8.247357571773966,0.09356699047183811,0.03109086280726549,0.08502430486364913,AlphaSparse 248af573c867cf4c7e05d40c611c7c34ebac4715,CUDA,13040,13000,2026-10-06T07:03:37.002590+00:00,derived,csr-alg1,0,0,,,,5,20,4,true
3,A100-SXM4-80GB-suitesparse_all-fp64-n2-row-major-AlphaSparse-SpMM-CSR-pre-plus-solve,AlphaSparse-SpMM-CSR-best-pre-plus-solve,AlphaSparseLib CSR PER MATRIX BEST,per-matrix-best,AlphaSparse-SpMM-CSR,best,pre-plus-solve,"csr-alg1,csr-alg2,csr-alg3,csr-alg4,csr-alg5",manual-selection,csr,ALPHASPARSE_SPMM_CSR_ALG1,workspace-setup,spmm.csr.fp64,fp64,A100-SXM4-80GB,A100-SXM4-80GB,,9700.0,dd6a9a30-d69d-5ea7-834e-7b0f3242a57c,suitesparse_all,FIDAP/ex35,ex35,19716,19716,228208,2,row-major,N,N,1.0,0.0,20260922,main,pass,pass,0,0,912832.0,0.01346,0.0114175997674,0.0248775997674,0.0120905997674,79.9495531982436,36.692928921390134,75.49931496874768,0.8242221979200371,0.37827761774629004,0.7783434532860586,AlphaSparse 248af573c867cf4c7e05d40c611c7c34ebac4715,CUDA,13040,13000,2026-10-06T19:48:54.083951+00:00,derived,csr-alg1,0,0,,,,5,20,4,true
3,A100-SXM4-80GB-suitesparse_all-fp64-n2-row-major-AlphaSparse-SpMM-CSR-pre-plus-solve,AlphaSparse-SpMM-CSR-best-pre-plus-solve,AlphaSparseLib CSR PER MATRIX BEST,per-matrix-best,AlphaSparse-SpMM-CSR,best,pre-plus-solve,"csr-alg1,csr-alg2,csr-alg3,csr-alg4,csr-alg5",manual-selection,csr,ALPHASPARSE_SPMM_CSR_ALG5,workspace-setup,spmm.csr.fp64,fp64,A100-SXM4-80GB,A100-SXM4-80GB,,9700.0,005fdebf-9ece-5bc0-9d3c-6fda0356699d,suitesparse_all,FIDAP/ex36,ex36,3079,3079,53843,2,row-major,N,N,1.0,0.0,20260922,main,pass,pass,0,0,215372.0,0.01517,0.0128176003695,0.0279876003695,0.0135761003695,16.802833119410277,7.695264944353914,15.864054782907592,0.1732250837052606,0.0793326282923084,0.16354695652482054,AlphaSparse 248af573c867cf4c7e05d40c611c7c34ebac4715,CUDA,13040,13000,2026-10-08T15:30:50.463195+00:00,derived,csr-alg5,0,0,,,,5,20,4,true
3,A100-SXM4-80GB-suitesparse_all-fp64-n2-row-major-AlphaSparse-SpMM-CSR-pre-plus-solve,AlphaSparse-SpMM-CSR-best-pre-plus-solve,AlphaSparseLib CSR PER MATRIX BEST,per-matrix-best,AlphaSparse-SpMM-CSR,best,pre-plus-solve,"csr-alg1,csr-alg2,csr-alg3,csr-alg4,csr-alg5",manual-selection,csr,ALPHASPARSE_SPMM_CSR_ALG5,workspace-setup,spmm.csr.fp64,fp64,A100-SXM4-80GB,A100-SXM4-80GB,,9700.0,d94c6f41-d28e-5f45-abb9-189a8a3b4f78,suitesparse_all,FIDAP/ex37,ex37,3565,3565,67591,2,row-major,N,N,1.0,0.0,20260922,main,pass,pass,0,0,270364.0,0.01354,0.0143871992826,0.0279271992826,0.0150641992826,18.791982698604897,9.68102806386496,17.94745242863892,0.19373178039798863,0.09980441302953567,0.1850252827694734,AlphaSparse 248af573c867cf4c7e05d40c611c7c34ebac4715,CUDA,13040,13000,2026-10-06T03:32:23.344525+00:00,derived,csr-alg5,0,0,,,,5,20,4,true
3,A100-SXM4-80GB-suitesparse_all-fp64-n2-row-major-AlphaSparse-SpMM-CSR-pre-plus-solve,AlphaSparse-SpMM-CSR-best-pre-plus-solve,AlphaSparseLib CSR PER MATRIX BEST,per-matrix-best,AlphaSparse-SpMM-CSR,best,pre-plus-solve,"csr-alg1,csr-alg2,csr-alg3,csr-alg4,csr-alg5",manual-selection,csr,ALPHASPARSE_SPMM_CSR_ALG5,workspace-setup,spmm.csr.fp64,fp64,A100-SXM4-80GB,A100-SXM4-80GB,,9700.0,018f64fd-81d1-5f6a-986f-7d386c913e5c,suitesparse_all,FIDAP/ex4,ex4,1601,1601,32299,2,row-major,N,N,1.0,0.0,20260922,main,pass,pass,0,0,129196.0,0.01227,0.0136191993952,0.0258891993952,0.0142326993952,9.486313861116852,4.990343580263577,9.077406640343403,0.09779705011460672,0.05144684103364513,0.09358151175611755,AlphaSparse 248af573c867cf4c7e05d40c611c7c34ebac4715,CUDA,13040,13000,2026-10-06T23:06:32.468621+00:00,derived,csr-alg5,0,0,,,,5,20,4,true
3,A100-SXM4-80GB-suitesparse_all-fp64-n2-row-major-AlphaSparse-SpMM-CSR-pre-plus-solve,AlphaSparse-SpMM-CSR-best-pre-plus-solve,AlphaSparseLib CSR PER MATRIX BEST,per-matrix-best,AlphaSparse-SpMM-CSR,best,pre-plus-solve,"csr-alg1,csr-alg2,csr-alg3,csr-alg4,csr-alg5",manual-selection,csr,ALPHASPARSE_SPMM_CSR_ALG4,workspace-setup,spmm.csr.fp64,fp64,A100-SXM4-80GB,A100-SXM4-80GB,,9700.0,752b02ae-c4ef-54eb-ad5c-0957985c94ee,suitesparse_all,FIDAP/ex5,ex5,27,27,279,2,row-major,N,N,1.0,0.0,20260922,main,pass,pass,0,0,1116.0,0.01156,0.0121344000101,0.0236944000101,0.0127124000101,0.0919699366323101,0.04709973662655702,0.08778830111649556,0.0009481436766217536,0.00048556429511914447,0.0009050340321288203,AlphaSparse 248af573c867cf4c7e05d40c611c7c34ebac4715,CUDA,13040,13000,2026-10-08T06:54:45.256823+00:00,derived,csr-alg4,0,0,,,,5,20,4,true
3,A100-SXM4-80GB-suitesparse_all-fp64-n2-row-major-AlphaSparse-SpMM-CSR-pre-plus-solve,AlphaSparse-SpMM-CSR-best-pre-plus-solve,AlphaSparseLib CSR PER MATRIX BEST,per-matrix-best,AlphaSparse-SpMM-CSR,best,pre-plus-solve,"csr-alg1,csr-alg2,csr-alg3,csr-alg4,csr-alg5",manual-selection,csr,ALPHASPARSE_SPMM_CSR_ALG5,workspace-setup,spmm.csr.fp64,fp64,A100-SXM4-80GB,A100-SXM4-80GB,,9700.0,152f8cc9-7213-5fba-8430-8cd9341fa530,suitesparse_all,FIDAP/ex6,ex6,1651,1651,49533,2,row-major,N,N,1.0,0.0,20260922,main,pass,pass,0,0,198132.0,0.01833,0.013670399785,0.032000399785,0.014586899785,14.493504441428449,6.19154764725387,13.582872503432366,0.14941757156111804,0.06383038811601928,0.14002961343744708,AlphaSparse 248af573c867cf4c7e05d40c611c7c34ebac4715,CUDA,13040,13000,2026-10-08T02:19:18.555984+00:00,derived,csr-alg5,0,0,,,,5,20,4,true
3,A100-SXM4-80GB-suitesparse_all-fp64-n2-row-major-AlphaSparse-SpMM-CSR-pre-plus-solve,AlphaSparse-SpMM-CSR-best-pre-plus-solve,AlphaSparseLib CSR PER MATRIX BEST,per-matrix-best,AlphaSparse-SpMM-CSR,best,pre-plus-solve,"csr-alg1,csr-alg2,csr-alg3,csr-alg4,csr-alg5",manual-selection,csr,ALPHASPARSE_SPMM_CSR_ALG2,workspace-setup,spmm.csr.fp64,fp64,A100-SXM4-80GB,A100-SXM4-80GB,,9700.0,a0827285-e98d-55a9-b486-73107367c8f5,suitesparse_all,FIDAP/ex7,ex7,1633,1633,54543,2,row-major,N,N,1.0,0.0,20260922,main,pass,pass,0,0,218172.0,0.01772,0.0121855996549,0.0299055996549,0.0130715996549,17.904084015452614,7.29535613790151,16.690535646738258,0.18457818572631562,0.07520985709176814,0.17206737780142534,AlphaSparse 248af573c867cf4c7e05d40c611c7c34ebac4715,CUDA,13040,13000,2026-10-06T07:32:22.733375+00:00,derived,csr-alg2,0,0,,,,5,20,4,true
3,A100-SXM4-80GB-suitesparse_all-fp64-n2-row-major-AlphaSparse-SpMM-CSR-pre-plus-solve,AlphaSparse-SpMM-CSR-best-pre-plus-solve,AlphaSparseLib CSR PER MATRIX BEST,per-matrix-best,AlphaSparse-SpMM-CSR,best,pre-plus-solve,"csr-alg1,csr-alg2,csr-alg3,csr-alg4,csr-alg5",manual-selection,csr,ALPHASPARSE_SPMM_CSR_ALG5,workspace-setup,spmm.csr.fp64,fp64,A100-SXM4-80GB,A100-SXM4-80GB,,9700.0,dd6a9a30-d69d-5ea7-834e-7b0f3242a57c,suitesparse_all,FIDAP/ex8,ex8,3096,3096,106344,2,row-major,N,N,1.0,0.0,20260922,main,pass,pass,0,0,425376.0,0.013929,0.014284799993,0.028213799993,0.014981249993,29.778225821043875,15.076877276564593,28.39389237872389,0.3069920187736482,0.1554317245006659,0.2927205399868442,AlphaSparse 248af573c867cf4c7e05d40c611c7c34ebac4715,CUDA,13040,13000,2026-10-06T22:20:27.656146+00:00,derived,csr-alg5,0,0,,,,5,20,4,true
3,A100-SXM4-80GB-suitesparse_all-fp64-n2-row-major-AlphaSparse-SpMM-CSR-pre-plus-solve,AlphaSparse-SpMM-CSR-best-pre-plus-solve,AlphaSparseLib CSR PER MATRIX BEST,per-matrix-best,AlphaSparse-SpMM-CSR,best,pre-plus-solve,"csr-alg1,csr-alg2,csr-alg3,csr-alg4,csr-alg5",manual-selection,csr,ALPHASPARSE_SPMM_CSR_ALG5,workspace-setup,spmm.csr.fp64,fp64,A100-SXM4-80GB,A100-SXM4-80GB,,9700.0,005fdebf-9ece-5bc0-9d3c-6fda0356699d,suitesparse_all,FIDAP/ex9,ex9,3363,3363,99471,2,row-major,N,N,1.0,0.0,20260922,main,pass,pass,0,0,397884.0,0.01366,0.0144383996725,0.0280983996725,0.0151213996725,27.55734769953952,14.16037940372136,26.31264357912566,0.2840963680364899,0.1459832928218697,0.2712643667951099,AlphaSparse 248af573c867cf4c7e05d40c611c7c34ebac4715,CUDA,13040,13000,2026-10-08T15:30:51.229293+00:00,derived,csr-alg5,0,0,,,,5,20,4,true
3,A100-SXM4-80GB-suitesparse_all-fp64-n2-row-major-AlphaSparse-SpMM-CSR-pre-plus-solve,AlphaSparse-SpMM-CSR-best-pre-plus-solve,AlphaSparseLib CSR PER MATRIX BEST,per-matrix-best,AlphaSparse-SpMM-CSR,best,pre-plus-solve,"csr-alg1,csr-alg2,csr-alg3,csr-alg4,csr-alg5",manual-selection,csr,ALPHASPARSE_SPMM_CSR_ALG5,workspace-setup,spmm.csr.fp64,fp64,A100-SXM4-80GB,A100-SXM4-80GB,,9700.0,a0827285-e98d-55a9-b486-73107367c8f5,suitesparse_all,FlowIPM22/Spielman_k100,Spielman_k100,338402,338402,1025404,2,row-major,N,N,1.0,0.0,20260922,main,pass,pass,0,0,4101616.0,0.02604,0.0386224001646,0.0646624001646,0.0399244001646,106.19785364244152,63.43123653868738,102.7345679105983,1.094823233427232,0.6539302735947152,1.0591192568102918,AlphaSparse 248af573c867cf4c7e05d40c611c7c34ebac4715,CUDA,13040,13000,2026-10-06T09:23:27.047429+00:00,derived,csr-alg5,0,0,,,,5,20,4,true
3,A100-SXM4-80GB-suitesparse_all-fp64-n2-row-major-AlphaSparse-SpMM-CSR-pre-plus-solve,AlphaSparse-SpMM-CSR-best-pre-plus-solve,AlphaSparseLib CSR PER MATRIX BEST,per-matrix-best,AlphaSparse-SpMM-CSR,best,pre-plus-solve,"csr-alg1,csr-alg2,csr-alg3,csr-alg4,csr-alg5",manual-selection,csr,ALPHASPARSE_SPMM_CSR_ALG1,workspace-setup,spmm.csr.fp64,fp64,A100-SXM4-80GB,A100-SXM4-80GB,,9700.0,dd6a9a30-d69d-5ea7-834e-7b0f3242a57c,suitesparse_all,FlowIPM22/Spielman_k200,Spielman_k200,2686802,2686802,8100804,2,row-major,N,N,1.0,0.0,20260922,main,pass,pass,0,0,32403216.0,0.44257,0.392192006111,0.834762006111,0.414320506111,82.62079668913265,38.81731051819251,78.20809137387687,0.851760790609615,0.40017845895043824,0.8062689832358441,AlphaSparse 248af573c867cf4c7e05d40c611c7c34ebac4715,CUDA,13040,13000,2026-10-06T20:27:04.287952+00:00,derived,csr-alg1,0,0,,,,5,20,4,true
3,A100-SXM4-80GB-suitesparse_all-fp64-n2-row-major-AlphaSparse-SpMM-CSR-pre-plus-solve,AlphaSparse-SpMM-CSR-best-pre-plus-solve,AlphaSparseLib CSR PER MATRIX BEST,per-matrix-best,AlphaSparse-SpMM-CSR,best,pre-plus-solve,"csr-alg1,csr-alg2,csr-alg3,csr-alg4,csr-alg5",manual-selection,csr,ALPHASPARSE_SPMM_CSR_ALG1,workspace-setup,spmm.csr.fp64,fp64,A100-SXM4-80GB,A100-SXM4-80GB,,9700.0,005fdebf-9ece-5bc0-9d3c-6fda0356699d,suitesparse_all,FlowIPM22/Spielman_k300,Spielman_k300,9045202,9045202,27226204,2,row-major,N,N,1.0,0.0,20260922,main,pass,pass,0,0,108904816.0,0.36572,0.990515232086,1.35623523209,1.00880123209,109.94764388493977,80.29935620546765,107.95468179036094,1.1334808647931933,0.8278284144893572,1.112934863818154,AlphaSparse 248af573c867cf4c7e05d40c611c7c34ebac4715,CUDA,13040,13000,2026-10-08T14:18:41.559071+00:00,derived,csr-alg1,0,0,,,,5,20,4,true
3,A100-SXM4-80GB-suitesparse_all-fp64-n2-row-major-AlphaSparse-SpMM-CSR-pre-plus-solve,AlphaSparse-SpMM-CSR-best-pre-plus-solve,AlphaSparseLib CSR PER MATRIX BEST,per-matrix-best,AlphaSparse-SpMM-CSR,best,pre-plus-solve,"csr-alg1,csr-alg2,csr-alg3,csr-alg4,csr-alg5",manual-selection,csr,ALPHASPARSE_SPMM_CSR_ALG1,workspace-setup,spmm.csr.fp64,fp64,A100-SXM4-80GB,A100-SXM4-80GB,,9700.0,d94c6f41-d28e-5f45-abb9-189a8a3b4f78,suitesparse_all,FlowIPM22/Spielman_k400,Spielman_k400,21413602,21413602,64401604,2,row-major,N,N,1.0,0.0,20260922,main,pass,pass,0,0,257606416.0,0.35826,2.06592006683,2.42418006683,2.08383306683,124.69331226124243,106.26538000407753,123.6214263515263,1.285498064548891,1.0955193814853352,1.274447694345632,AlphaSparse 248af573c867cf4c7e05d40c611c7c34ebac4715,CUDA,13040,13000,2026-10-06T02:17:36.623841+00:00,derived,csr-alg1,0,0,,,,5,20,4,true
3,A100-SXM4-80GB-suitesparse_all-fp64-n2-row-major-AlphaSparse-SpMM-CSR-pre-plus-solve,AlphaSparse-SpMM-CSR-best-pre-plus-solve,AlphaSparseLib CSR PER MATRIX BEST,per-matrix-best,AlphaSparse-SpMM-CSR,best,pre-plus-solve,"csr-alg1,csr-alg2,csr-alg3,csr-alg4,csr-alg5",manual-selection,csr,ALPHASPARSE_SPMM_CSR_ALG4,workspace-setup,spmm.csr.fp64,fp64,A100-SXM4-80GB,A100-SXM4-80GB,,9700.0,018f64fd-81d1-5f6a-986f-7d386c913e5c,suitesparse_all,FlowIPM22/Spielman_k500,Spielman_k500,41792002,41792002,125627004,2,row-major,N,N,1.0,0.0,20260922,main,pass,pass,0,0,502508016.0,0.380811,5.272473526,5.653284526,5.291514076,95.30783104400552,88.88779853356348,94.96488316626751,0.9825549592165518,0.9163690570470463,0.9790194140852322,AlphaSparse 248af573c867cf4c7e05d40c611c7c34ebac4715,CUDA,13040,13000,2026-10-06T23:05:48.697098+00:00,derived,csr-alg4,0,0,,,,5,20,4,true
3,A100-SXM4-80GB-suitesparse_all-fp64-n2-row-major-AlphaSparse-SpMM-CSR-pre-plus-solve,AlphaSparse-SpMM-CSR-best-pre-plus-solve,AlphaSparseLib CSR PER MATRIX BEST,per-matrix-best,AlphaSparse-SpMM-CSR,best,pre-plus-solve,"csr-alg1,csr-alg2,csr-alg3,csr-alg4,csr-alg5",manual-selection,csr,ALPHASPARSE_SPMM_CSR_ALG1,workspace-setup,spmm.csr.fp64,fp64,A100-SXM4-80GB,A100-SXM4-80GB,,9700.0,752b02ae-c4ef-54eb-ad5c-0957985c94ee,suitesparse_all,FlowIPM22/uni_chimera_i1,uni_chimera_i1,100000,100000,1100592,2,row-major,N,N,1.0,0.0,20260922,main,pass,pass,0,0,4402368.0,0.015869,0.0326656013727,0.0485346013727,0.0334590513727,134.77076236163347,90.70576198193042,131.5748002225787,1.3893893026972521,0.935110948267324,1.3564412394080276,AlphaSparse 248af573c867cf4c7e05d40c611c7c34ebac4715,CUDA,13040,13000,2026-10-08T04:50:31.478559+00:00,derived,csr-alg1,0,0,,,,5,20,4,true
3,A100-SXM4-80GB-suitesparse_all-fp64-n2-row-major-AlphaSparse-SpMM-CSR-pre-plus-solve,AlphaSparse-SpMM-CSR-best-pre-plus-solve,AlphaSparseLib CSR PER MATRIX BEST,per-matrix-best,AlphaSparse-SpMM-CSR,best,pre-plus-solve,"csr-alg1,csr-alg2,csr-alg3,csr-alg4,csr-alg5",manual-selection,csr,ALPHASPARSE_SPMM_CSR_ALG1,workspace-setup,spmm.csr.fp64,fp64,A100-SXM4-80GB,A100-SXM4-80GB,,9700.0,152f8cc9-7213-5fba-8430-8cd9341fa530,suitesparse_all,FlowIPM22/uni_chimera_i2,uni_chimera_i2,100000,100000,797974,2,row-major,N,N,1.0,0.0,20260922,main,pass,pass,0,0,3191896.0,0.02092,0.0257023990154,0.0466223990154,0.0267483990154,124.18669549435928,68.4627146480745,119.33035686219249,1.2802752112820546,0.7058011819389123,1.2302098645586854,AlphaSparse 248af573c867cf4c7e05d40c611c7c34ebac4715,CUDA,13040,13000,2026-10-07T23:22:31.377069+00:00,derived,csr-alg1,0,0,,,,5,20,4,true
3,A100-SXM4-80GB-suitesparse_all-fp64-n2-row-major-AlphaSparse-SpMM-CSR-pre-plus-solve,AlphaSparse-SpMM-CSR-best-pre-plus-solve,AlphaSparseLib CSR PER MATRIX BEST,per-matrix-best,AlphaSparse-SpMM-CSR,best,pre-plus-solve,"csr-alg1,csr-alg2,csr-alg3,csr-alg4,csr-alg5",manual-selection,csr,ALPHASPARSE_SPMM_CSR_ALG1,workspace-setup,spmm.csr.fp64,fp64,A100-SXM4-80GB,A100-SXM4-80GB,,9700.0,a0827285-e98d-55a9-b486-73107367c8f5,suitesparse_all,FlowIPM22/uni_chimera_i3,uni_chimera_i3,100000,100000,499696,2,row-major,N,N,1.0,0.0,20260922,main,pass,pass,0,0,1998784.0,0.0213,0.0220047995448,0.0433047995448,0.0230697995448,90.83400173360529,46.15617716766483,86.6407181440175,0.9364330075629411,0.4758368780171632,0.893203279835232,AlphaSparse 248af573c867cf4c7e05d40c611c7c34ebac4715,CUDA,13040,13000,2026-10-06T07:31:36.336873+00:00,derived,csr-alg1,0,0,,,,5,20,4,true
3,A100-SXM4-80GB-suitesparse_all-fp64-n2-row-major-AlphaSparse-SpMM-CSR-pre-plus-solve,AlphaSparse-SpMM-CSR-best-pre-plus-solve,AlphaSparseLib CSR PER MATRIX BEST,per-matrix-best,AlphaSparse-SpMM-CSR,best,pre-plus-solve,"csr-alg1,csr-alg2,csr-alg3,csr-alg4,csr-alg5",manual-selection,csr,ALPHASPARSE_SPMM_CSR_ALG1,workspace-setup,spmm.csr.fp64,fp64,A100-SXM4-80GB,A100-SXM4-80GB,,9700.0,dd6a9a30-d69d-5ea7-834e-7b0f3242a57c,suitesparse_all,FlowIPM22/uni_chimera_i4,uni_chimera_i4,100000,100000,814436,2,row-major,N,N,1.0,0.0,20260922,main,pass,pass,0,0,3257744.0,0.01454,0.0247807994485,0.0393207994485,0.0255077994485,131.4624254463749,82.85040095043836,127.71560347953,1.355282736560566,0.85412784484988,1.316655705974536,AlphaSparse 248af573c867cf4c7e05d40c611c7c34ebac4715,CUDA,13040,13000,2026-10-06T20:27:05.488414+00:00,derived,csr-alg1,0,0,,,,5,20,4,true
3,A100-SXM4-80GB-suitesparse_all-fp64-n2-row-major-AlphaSparse-SpMM-CSR-pre-plus-solve,AlphaSparse-SpMM-CSR-best-pre-plus-solve,AlphaSparseLib CSR PER MATRIX BEST,per-matrix-best,AlphaSparse-SpMM-CSR,best,pre-plus-solve,"csr-alg1,csr-alg2,csr-alg3,csr-alg4,csr-alg5",manual-selection,csr,ALPHASPARSE_SPMM_CSR_ALG5,workspace-setup,spmm.csr.fp64,fp64,A100-SXM4-80GB,A100-SXM4-80GB,,9700.0,005fdebf-9ece-5bc0-9d3c-6fda0356699d,suitesparse_all,FlowIPM22/uni_chimera_i5,uni_chimera_i5,100000,100000,499982,2,row-major,N,N,1.0,0.0,20260922,main,pass,pass,0,0,1999928.0,0.01425,0.0270336002111,0.0412836002111,0.0277461002111,73.97934364579488,48.44364323299195,72.07960703608776,0.762673645832937,0.4994190024019789,0.7430887323308017,AlphaSparse 248af573c867cf4c7e05d40c611c7c34ebac4715,CUDA,13040,13000,2026-10-08T15:53:44.901980+00:00,derived,csr-alg5,0,0,,,,5,20,4,true
3,A100-SXM4-80GB-suitesparse_all-fp64-n2-row-major-AlphaSparse-SpMM-CSR-pre-plus-solve,AlphaSparse-SpMM-CSR-best-pre-plus-solve,AlphaSparseLib CSR PER MATRIX BEST,per-matrix-best,AlphaSparse-SpMM-CSR,best,pre-plus-solve,"csr-alg1,csr-alg2,csr-alg3,csr-alg4,csr-alg5",manual-selection,csr,ALPHASPARSE_SPMM_CSR_ALG1,workspace-setup,spmm.csr.fp64,fp64,A100-SXM4-80GB,A100-SXM4-80GB,,9700.0,a0827285-e98d-55a9-b486-73107367c8f5,suitesparse_all,Fluorem/DK01R,DK01R,903,903,11766,2,row-major,N,N,1.0,0.0,20260922,main,pass,pass,0,0,47064.0,0.02078,0.00952320024371,0.0303032002437,0.0105622002437,4.9420361638500045,1.5531032901313633,4.455889768618248,0.05094882643144335,0.016011374125065602,0.045937007923899466,AlphaSparse 248af573c867cf4c7e05d40c611c7c34ebac4715,CUDA,13040,13000,2026-10-06T07:10:33.257534+00:00,derived,csr-alg1,0,0,,,,5,20,4,true
3,A100-SXM4-80GB-suitesparse_all-fp64-n2-row-major-AlphaSparse-SpMM-CSR-pre-plus-solve,AlphaSparse-SpMM-CSR-best-pre-plus-solve,AlphaSparseLib CSR PER MATRIX BEST,per-matrix-best,AlphaSparse-SpMM-CSR,best,pre-plus-solve,"csr-alg1,csr-alg2,csr-alg3,csr-alg4,csr-alg5",manual-selection,csr,ALPHASPARSE_SPMM_CSR_ALG5,workspace-setup,spmm.csr.fp64,fp64,A100-SXM4-80GB,A100-SXM4-80GB,,9700.0,dd6a9a30-d69d-5ea7-834e-7b0f3242a57c,suitesparse_all,Fluorem/GT01R,GT01R,7980,7980,430909,2,row-major,N,N,1.0,0.0,20260922,main,pass,pass,0,0,1723636.0,0.01409,0.0201728001237,0.0342628001237,0.0208773001237,85.44356705220054,50.30633788765384,82.56029226898555,0.8808615160020674,0.5186220400789056,0.8511370337008819,AlphaSparse 248af573c867cf4c7e05d40c611c7c34ebac4715,CUDA,13040,13000,2026-10-06T22:27:06.672766+00:00,derived,csr-alg5,0,0,,,,5,20,4,true
3,A100-SXM4-80GB-suitesparse_all-fp64-n2-row-major-AlphaSparse-SpMM-CSR-pre-plus-solve,AlphaSparse-SpMM-CSR-best-pre-plus-solve,AlphaSparseLib CSR PER MATRIX BEST,per-matrix-best,AlphaSparse-SpMM-CSR,best,pre-plus-solve,"csr-alg1,csr-alg2,csr-alg3,csr-alg4,csr-alg5",manual-selection,csr,ALPHASPARSE_SPMM_CSR_ALG1,workspace-setup,spmm.csr.fp64,fp64,A100-SXM4-80GB,A100-SXM4-80GB,,9700.0,005fdebf-9ece-5bc0-9d3c-6fda0356699d,suitesparse_all,Fluorem/HV15R,HV15R,2017169,2017169,283073458,2,row-major,N,N,1.0,0.0,20260922,main,pass,pass,0,0,1132293832.0,0.34487,4.65597457886,5.00084457886,4.67321807886,243.1915838074095,226.4205204029995,242.29424197473264,2.5071297299732938,2.3342321691030876,2.497878783244666,AlphaSparse 248af573c867cf4c7e05d40c611c7c34ebac4715,CUDA,13040,13000,2026-10-08T14:04:41.566972+00:00,derived,csr-alg1,0,0,,,,5,20,4,true
3,A100-SXM4-80GB-suitesparse_all-fp64-n2-row-major-AlphaSparse-SpMM-CSR-pre-plus-solve,AlphaSparse-SpMM-CSR-best-pre-plus-solve,AlphaSparseLib CSR PER MATRIX BEST,per-matrix-best,AlphaSparse-SpMM-CSR,best,pre-plus-solve,"csr-alg1,csr-alg2,csr-alg3,csr-alg4,csr-alg5",manual-selection,csr,ALPHASPARSE_SPMM_CSR_ALG1,workspace-setup,spmm.csr.fp64,fp64,A100-SXM4-80GB,A100-SXM4-80GB,,9700.0,005fdebf-9ece-5bc0-9d3c-6fda0356699d,suitesparse_all,Fluorem/PR02R,PR02R,161070,161070,8185136,2,row-major,N,N,1.0,0.0,20260922,main,pass,pass,0,0,32740544.0,0.03913,0.197222399712,0.236352399712,0.199178899712,166.00824271386196,138.52427155338802,164.37757236002778,1.7114251826171336,1.4280852737462684,1.6946141480415238,AlphaSparse 248af573c867cf4c7e05d40c611c7c34ebac4715,CUDA,13040,13000,2026-10-08T14:00:58.662532+00:00,derived,csr-alg1,0,0,,,,5,20,4,true
3,A100-SXM4-80GB-suitesparse_all-fp64-n2-row-major-AlphaSparse-SpMM-CSR-pre-plus-solve,AlphaSparse-SpMM-CSR-best-pre-plus-solve,AlphaSparseLib CSR PER MATRIX BEST,per-matrix-best,AlphaSparse-SpMM-CSR,best,pre-plus-solve,"csr-alg1,csr-alg2,csr-alg3,csr-alg4,csr-alg5",manual-selection,csr,ALPHASPARSE_SPMM_CSR_ALG1,workspace-setup,spmm.csr.fp64,fp64,A100-SXM4-80GB,A100-SXM4-80GB,,9700.0,d94c6f41-d28e-5f45-abb9-189a8a3b4f78,suitesparse_all,Fluorem/RM07R,RM07R,381689,381689,37464962,2,row-major,N,N,1.0,0.0,20260922,main,pass,pass,0,0,149859848.0,0.04168,0.805836772919,0.847516772919,0.807920772919,185.96799381239381,176.82227985159014,185.48829665384102,1.9171958124989052,1.822910101562785,1.9122504809674332,AlphaSparse 248af573c867cf4c7e05d40c611c7c34ebac4715,CUDA,13040,13000,2026-10-06T02:00:54.175336+00:00,derived,csr-alg1,0,0,,,,5,20,4,true
3,A100-SXM4-80GB-suitesparse_all-fp64-n2-row-major-AlphaSparse-SpMM-CSR-pre-plus-solve,AlphaSparse-SpMM-CSR-best-pre-plus-solve,AlphaSparseLib CSR PER MATRIX BEST,per-matrix-best,AlphaSparse-SpMM-CSR,best,pre-plus-solve,"csr-alg1,csr-alg2,csr-alg3,csr-alg4,csr-alg5",manual-selection,csr,ALPHASPARSE_SPMM_CSR_ALG5,workspace-setup,spmm.csr.fp64,fp64,A100-SXM4-80GB,A100-SXM4-80GB,,9700.0,dd6a9a30-d69d-5ea7-834e-7b0f3242a57c,suitesparse_all,FreeFieldTechnologies/mono_500Hz,mono_500Hz,169410,169410,5036288,2,row-major,N,N,1.0,0.0,20260922,main,pass,pass,0,0,20145152.0,0.03105,0.222515201569,0.253565201569,0.224067701569,90.53382356779416,79.4476208696883,89.90654100942098,0.933338387296847,0.8190476378318381,0.9268715567981544,AlphaSparse 248af573c867cf4c7e05d40c611c7c34ebac4715,CUDA,13040,13000,2026-10-06T22:26:36.422378+00:00,derived,csr-alg5,0,0,,,,5,20,4,true
3,A100-SXM4-80GB-suitesparse_all-fp64-n2-row-major-AlphaSparse-SpMM-CSR-pre-plus-solve,AlphaSparse-SpMM-CSR-best-pre-plus-solve,AlphaSparseLib CSR PER MATRIX BEST,per-matrix-best,AlphaSparse-SpMM-CSR,best,pre-plus-solve,"csr-alg1,csr-alg2,csr-alg3,csr-alg4,csr-alg5",manual-selection,csr,ALPHASPARSE_SPMM_CSR_ALG5,workspace-setup,spmm.csr.fp64,fp64,A100-SXM4-80GB,A100-SXM4-80GB,,9700.0,752b02ae-c4ef-54eb-ad5c-0957985c94ee,suitesparse_all,Freescale/circuit5M,circuit5M,5558326,5558326,59524291,2,row-major,N,N,1.0,0.0,20260922,main,pass,pass,0,0,238097164.0,0.4425,2.14010887146,2.58260887146,2.16223387146,111.25469698070461,92.19249830323666,110.11628628277397,1.146955638976336,0.9504381268374914,1.1352194462141645,AlphaSparse 248af573c867cf4c7e05d40c611c7c34ebac4715,CUDA,13040,13000,2026-10-08T08:03:36.639033+00:00,derived,csr-alg5,0,0,,,,5,20,4,true
3,A100-SXM4-80GB-suitesparse_all-fp64-n2-row-major-AlphaSparse-SpMM-CSR-pre-plus-solve,AlphaSparse-SpMM-CSR-best-pre-plus-solve,AlphaSparseLib CSR PER MATRIX BEST,per-matrix-best,AlphaSparse-SpMM-CSR,best,pre-plus-solve,"csr-alg1,csr-alg2,csr-alg3,csr-alg4,csr-alg5",manual-selection,csr,ALPHASPARSE_SPMM_CSR_ALG1,workspace-setup,spmm.csr.fp64,fp64,A100-SXM4-80GB,A100-SXM4-80GB,,9700.0,152f8cc9-7213-5fba-8430-8cd9341fa530,suitesparse_all,Freescale/circuit5M_dc,circuit5M_dc,3523317,3523317,19194193,2,row-major,N,N,1.0,0.0,20260922,main,pass,pass,0,0,76776772.0,0.445231,0.464742422104,0.909973422104,0.487003972104,165.20284860678998,84.37254334580473,157.65122339413747,1.703122150585464,0.8698200344928323,1.6252703442694587,AlphaSparse 248af573c867cf4c7e05d40c611c7c34ebac4715,CUDA,13040,13000,2026-10-07T22:30:04.544432+00:00,derived,csr-alg1,0,0,,,,5,20,4,true
3,A100-SXM4-80GB-suitesparse_all-fp64-n2-row-major-AlphaSparse-SpMM-CSR-pre-plus-solve,AlphaSparse-SpMM-CSR-best-pre-plus-solve,AlphaSparseLib CSR PER MATRIX BEST,per-matrix-best,AlphaSparse-SpMM-CSR,best,pre-plus-solve,"csr-alg1,csr-alg2,csr-alg3,csr-alg4,csr-alg5",manual-selection,csr,ALPHASPARSE_SPMM_CSR_ALG1,workspace-setup,spmm.csr.fp64,fp64,A100-SXM4-80GB,A100-SXM4-80GB,,9700.0,005fdebf-9ece-5bc0-9d3c-6fda0356699d,suitesparse_all,Freescale/Freescale1,Freescale1,3428755,3428755,18920347,2,row-major,N,N,1.0,0.0,20260922,main,pass,pass,0,0,75681388.0,0.4224,0.477147197723,0.899547197723,0.498267197723,158.61224452571466,84.13275945005476,151.88916377769124,1.6351777786156152,0.8673480355675748,1.56586766781125,AlphaSparse 248af573c867cf4c7e05d40c611c7c34ebac4715,CUDA,13040,13000,2026-10-08T14:00:26.653060+00:00,derived,csr-alg1,0,0,,,,5,20,4,true
3,A100-SXM4-80GB-suitesparse_all-fp64-n2-row-major-AlphaSparse-SpMM-CSR-pre-plus-solve,AlphaSparse-SpMM-CSR-best-pre-plus-solve,AlphaSparseLib CSR PER MATRIX BEST,per-matrix-best,AlphaSparse-SpMM-CSR,best,pre-plus-solve,"csr-alg1,csr-alg2,csr-alg3,csr-alg4,csr-alg5",manual-selection,csr,ALPHASPARSE_SPMM_CSR_ALG3,workspace-setup,spmm.csr.fp64,fp64,A100-SXM4-80GB,A100-SXM4-80GB,,9700.0,a0827285-e98d-55a9-b486-73107367c8f5,suitesparse_all,Freescale/Freescale2,Freescale2,2999349,2999349,23042677,2,row-major,N,N,1.0,0.0,20260922,main,pass,pass,0,0,92170708.0,0.47786,1.14186239243,1.61972239243,1.16575539243,80.71962839922533,56.90525020261049,79.06522122781823,0.8321611175177869,0.586652063944438,0.8151053734826621,AlphaSparse 248af573c867cf4c7e05d40c611c7c34ebac4715,CUDA,13040,13000,2026-10-06T08:22:49.089991+00:00,derived,csr-alg3,0,0,,,,5,20,4,true
3,A100-SXM4-80GB-suitesparse_all-fp64-n2-row-major-AlphaSparse-SpMM-CSR-pre-plus-solve,AlphaSparse-SpMM-CSR-best-pre-plus-solve,AlphaSparseLib CSR PER MATRIX BEST,per-matrix-best,AlphaSparse-SpMM-CSR,best,pre-plus-solve,"csr-alg1,csr-alg2,csr-alg3,csr-alg4,csr-alg5",manual-selection,csr,ALPHASPARSE_SPMM_CSR_ALG5,workspace-setup,spmm.csr.fp64,fp64,A100-SXM4-80GB,A100-SXM4-80GB,,9700.0,752b02ae-c4ef-54eb-ad5c-0957985c94ee,suitesparse_all,Freescale/FullChip,FullChip,2987012,2987012,26621990,2,row-major,N,N,1.0,0.0,20260922,main,pass,pass,0,0,106487960.0,0.20696,1.01381120682,1.22077120682,1.02415920682,105.03726856010844,87.23007178174822,103.97598272893882,1.0828584387640046,0.8992790905334869,1.0719173477210187,AlphaSparse 248af573c867cf4c7e05d40c611c7c34ebac4715,CUDA,13040,13000,2026-10-08T08:04:04.018841+00:00,derived,csr-alg5,0,0,,,,5,20,4,true
3,A100-SXM4-80GB-suitesparse_all-fp64-n2-row-major-AlphaSparse-SpMM-CSR-pre-plus-solve,AlphaSparse-SpMM-CSR-best-pre-plus-solve,AlphaSparseLib CSR PER MATRIX BEST,per-matrix-best,AlphaSparse-SpMM-CSR,best,pre-plus-solve,"csr-alg1,csr-alg2,csr-alg3,csr-alg4,csr-alg5",manual-selection,csr,ALPHASPARSE_SPMM_CSR_ALG1,workspace-setup,spmm.csr.fp64,fp64,A100-SXM4-80GB,A100-SXM4-80GB,,9700.0,018f64fd-81d1-5f6a-986f-7d386c913e5c,suitesparse_all,Freescale/memchip,memchip,2707524,2707524,14810202,2,row-major,N,N,1.0,0.0,20260922,main,pass,pass,0,0,59240808.0,0.44383,0.353177595139,0.797007595139,0.375369095139,167.73659715499397,74.32903821910037,157.82015292991287,1.7292432696391131,0.7662787445268079,1.6270118858753906,AlphaSparse 248af573c867cf4c7e05d40c611c7c34ebac4715,CUDA,13040,13000,2026-10-06T20:33:43.228853+00:00,derived,csr-alg1,0,0,,,,5,20,4,true
3,A100-SXM4-80GB-suitesparse_all-fp64-n2-row-major-AlphaSparse-SpMM-CSR-pre-plus-solve,AlphaSparse-SpMM-CSR-best-pre-plus-solve,AlphaSparseLib CSR PER MATRIX BEST,per-matrix-best,AlphaSparse-SpMM-CSR,best,pre-plus-solve,"csr-alg1,csr-alg2,csr-alg3,csr-alg4,csr-alg5",manual-selection,csr,ALPHASPARSE_SPMM_CSR_ALG5,workspace-setup,spmm.csr.fp64,fp64,A100-SXM4-80GB,A100-SXM4-80GB,,9700.0,005fdebf-9ece-5bc0-9d3c-6fda0356699d,suitesparse_all,Freescale/nxp1,nxp1,414604,414604,2656177,2,row-major,N,N,1.0,0.0,20260922,main,pass,pass,0,0,10624708.0,0.02087,0.107724797726,0.128594797726,0.108768297726,98.62824738853668,82.62160046814894,97.68202888276211,1.0167860555519246,0.8517690769912262,1.0070312255954859,AlphaSparse 248af573c867cf4c7e05d40c611c7c34ebac4715,CUDA,13040,13000,2026-10-08T15:53:26.049284+00:00,derived,csr-alg5,0,0,,,,5,20,4,true
3,A100-SXM4-80GB-suitesparse_all-fp64-n2-row-major-AlphaSparse-SpMM-CSR-pre-plus-solve,AlphaSparse-SpMM-CSR-best-pre-plus-solve,AlphaSparseLib CSR PER MATRIX BEST,per-matrix-best,AlphaSparse-SpMM-CSR,best,pre-plus-solve,"csr-alg1,csr-alg2,csr-alg3,csr-alg4,csr-alg5",manual-selection,csr,ALPHASPARSE_SPMM_CSR_ALG5,workspace-setup,spmm.csr.fp64,fp64,A100-SXM4-80GB,A100-SXM4-80GB,,9700.0,d94c6f41-d28e-5f45-abb9-189a8a3b4f78,suitesparse_all,Gaertner/big,big,13209,13209,91465,2,row-major,N,N,1.0,0.0,20260922,main,pass,pass,0,0,365860.0,0.01348,0.0144383996725,0.0279183996725,0.0151123996725,25.339373358450022,13.104619329609248,24.209259146696247,0.26123065317989713,0.1350991683464871,0.24957999120305407,AlphaSparse 248af573c867cf4c7e05d40c611c7c34ebac4715,CUDA,13040,13000,2026-10-06T03:32:24.070018+00:00,derived,csr-alg5,0,0,,,,5,20,4,true
3,A100-SXM4-80GB-suitesparse_all-fp64-n2-row-major-AlphaSparse-SpMM-CSR-pre-plus-solve,AlphaSparse-SpMM-CSR-best-pre-plus-solve,AlphaSparseLib CSR PER MATRIX BEST,per-matrix-best,AlphaSparse-SpMM-CSR,best,pre-plus-solve,"csr-alg1,csr-alg2,csr-alg3,csr-alg4,csr-alg5",manual-selection,csr,ALPHASPARSE_SPMM_CSR_ALG1,workspace-setup,spmm.csr.fp64,fp64,A100-SXM4-80GB,A100-SXM4-80GB,,9700.0,018f64fd-81d1-5f6a-986f-7d386c913e5c,suitesparse_all,Gaertner/nopoly,nopoly,10774,10774,70842,2,row-major,N,N,1.0,0.0,20260922,main,pass,pass,0,0,283368.0,0.01504,0.00803840011358,0.0230784001136,0.00879040011358,35.251790903177444,12.278494115933647,32.2360753024466,0.3634205247750252,0.12658241356632627,0.33233067322109894,AlphaSparse 248af573c867cf4c7e05d40c611c7c34ebac4715,CUDA,13040,13000,2026-10-06T20:26:19.170698+00:00,derived,csr-alg1,0,0,,,,5,20,4,true
3,A100-SXM4-80GB-suitesparse_all-fp64-n2-row-major-AlphaSparse-SpMM-CSR-pre-plus-solve,AlphaSparse-SpMM-CSR-best-pre-plus-solve,AlphaSparseLib CSR PER MATRIX BEST,per-matrix-best,AlphaSparse-SpMM-CSR,best,pre-plus-solve,"csr-alg1,csr-alg2,csr-alg3,csr-alg4,csr-alg5",manual-selection,csr,ALPHASPARSE_SPMM_CSR_ALG1,workspace-setup,spmm.csr.fp64,fp64,A100-SXM4-80GB,A100-SXM4-80GB,,9700.0,a0827285-e98d-55a9-b486-73107367c8f5,suitesparse_all,GAP/GAP-road,GAP-road,23947347,23947347,57708624,2,row-major,N,N,1.0,0.0,20260922,main,pass,pass,0,0,230834496.0,0.42678,2.82872314453,3.25550314453,2.85006214453,81.60377817333331,70.90593550427235,80.99279394417087,0.8412760636426115,0.7309890258172408,0.8349772571564008,AlphaSparse 248af573c867cf4c7e05d40c611c7c34ebac4715,CUDA,13040,13000,2026-10-06T07:31:28.522677+00:00,derived,csr-alg1,0,0,,,,5,20,4,true
3,A100-SXM4-80GB-suitesparse_all-fp64-n2-row-major-AlphaSparse-SpMM-CSR-pre-plus-solve,AlphaSparse-SpMM-CSR-best-pre-plus-solve,AlphaSparseLib CSR PER MATRIX BEST,per-matrix-best,AlphaSparse-SpMM-CSR,best,pre-plus-solve,"csr-alg1,csr-alg2,csr-alg3,csr-alg4,csr-alg5",manual-selection,csr,ALPHASPARSE_SPMM_CSR_ALG5,workspace-setup,spmm.csr.fp64,fp64,A100-SXM4-80GB,A100-SXM4-80GB,,9700.0,752b02ae-c4ef-54eb-ad5c-0957985c94ee,suitesparse_all,GAP/GAP-twitter,GAP-twitter,61578415,61578415,1468364884,2,row-major,N,N,1.0,0.0,20260922,main,pass,pass,0,0,5873459536.0,0.46859,80.6617553711,81.1303453711,80.6851848711,72.81591516299162,72.39534737753286,72.79477075479527,0.7506795377628002,0.7463437873972459,0.7504615541731471,AlphaSparse 248af573c867cf4c7e05d40c611c7c34ebac4715,CUDA,13040,13000,2026-10-08T08:56:21.520565+00:00,derived,csr-alg5,0,0,,,,5,20,4,true
3,A100-SXM4-80GB-suitesparse_all-fp64-n2-row-major-AlphaSparse-SpMM-CSR-pre-plus-solve,AlphaSparse-SpMM-CSR-best-pre-plus-solve,AlphaSparseLib CSR PER MATRIX BEST,per-matrix-best,AlphaSparse-SpMM-CSR,best,pre-plus-solve,"csr-alg1,csr-alg2,csr-alg3,csr-alg4,csr-alg5",manual-selection,csr,ALPHASPARSE_SPMM_CSR_ALG4,workspace-setup,spmm.csr.fp64,fp64,A100-SXM4-80GB,A100-SXM4-80GB,,9700.0,152f8cc9-7213-5fba-8430-8cd9341fa530,suitesparse_all,GAP/GAP-web,GAP-web,50636151,50636151,1930292948,2,row-major,N,N,1.0,0.0,20260922,main,pass,pass,0,0,7721171792.0,0.37574,41.582232666,41.957972666,41.601019666,185.68439684368533,184.02156494698164,185.60054186148756,1.9142721324091272,1.8971295355358933,1.9134076480565727,AlphaSparse 248af573c867cf4c7e05d40c611c7c34ebac4715,CUDA,13040,13000,2026-10-08T01:58:15.392589+00:00,derived,csr-alg4,0,0,,,,5,20,4,true
3,A100-SXM4-80GB-suitesparse_all-fp64-n2-row-major-AlphaSparse-SpMM-CSR-pre-plus-solve,AlphaSparse-SpMM-CSR-best-pre-plus-solve,AlphaSparseLib CSR PER MATRIX BEST,per-matrix-best,AlphaSparse-SpMM-CSR,best,pre-plus-solve,"csr-alg1,csr-alg2,csr-alg3,csr-alg4,csr-alg5",manual-selection,csr,ALPHASPARSE_SPMM_CSR_ALG5,workspace-setup,spmm.csr.fp64,fp64,A100-SXM4-80GB,A100-SXM4-80GB,,9700.0,752b02ae-c4ef-54eb-ad5c-0957985c94ee,suitesparse_all,Garon/garon1,garon1,3175,3175,88927,2,row-major,N,N,1.0,0.0,20260922,main,pass,pass,0,0,355708.0,0.0129,0.0147967994213,0.0276967994213,0.0154417994213,24.039522999004646,12.842927971180874,23.03539829104023,0.24783013401035717,0.13240131929052448,0.23747833289732198,AlphaSparse 248af573c867cf4c7e05d40c611c7c34ebac4715,CUDA,13040,13000,2026-10-08T07:55:48.568786+00:00,derived,csr-alg5,0,0,,,,5,20,4,true
3,A100-SXM4-80GB-suitesparse_all-fp64-n2-row-major-AlphaSparse-SpMM-CSR-pre-plus-solve,AlphaSparse-SpMM-CSR-best-pre-plus-solve,AlphaSparseLib CSR PER MATRIX BEST,per-matrix-best,AlphaSparse-SpMM-CSR,best,pre-plus-solve,"csr-alg1,csr-alg2,csr-alg3,csr-alg4,csr-alg5",manual-selection,csr,ALPHASPARSE_SPMM_CSR_ALG1,workspace-setup,spmm.csr.fp64,fp64,A100-SXM4-80GB,A100-SXM4-80GB,,9700.0,152f8cc9-7213-5fba-8430-8cd9341fa530,suitesparse_all,Garon/garon2,garon2,13535,13535,390607,2,row-major,N,N,1.0,0.0,20260922,main,pass,pass,0,0,1562428.0,0.01238,0.0198655992746,0.0322455992746,0.0204845992746,78.64993038481896,48.45399171200181,76.27330069069703,0.8108240245857625,0.499525687752596,0.7863226875329591,AlphaSparse 248af573c867cf4c7e05d40c611c7c34ebac4715,CUDA,13040,13000,2026-10-07T22:25:04.978091+00:00,derived,csr-alg1,0,0,,,,5,20,4,true
3,A100-SXM4-80GB-suitesparse_all-fp64-n2-row-major-AlphaSparse-SpMM-CSR-pre-plus-solve,AlphaSparse-SpMM-CSR-best-pre-plus-solve,AlphaSparseLib CSR PER MATRIX BEST,per-matrix-best,AlphaSparse-SpMM-CSR,best,pre-plus-solve,"csr-alg1,csr-alg2,csr-alg3,csr-alg4,csr-alg5",manual-selection,csr,ALPHASPARSE_SPMM_CSR_ALG1,workspace-setup,spmm.csr.fp64,fp64,A100-SXM4-80GB,A100-SXM4-80GB,,9700.0,152f8cc9-7213-5fba-8430-8cd9341fa530,suitesparse_all,GenBank/kmer_A2a,kmer_A2a,170728175,170728175,360585172,2,row-major,N,N,1.0,0.0,20260922,main,pass,pass,0,0,1442340688.0,0.37111,21.0586624146,21.4297724146,21.0772179146,68.49156226560825,67.30545990387375,68.43126516241517,0.706098580057817,0.6938707206584923,0.7054769604372698,AlphaSparse 248af573c867cf4c7e05d40c611c7c34ebac4715,CUDA,13040,13000,2026-10-07T22:41:15.137259+00:00,derived,csr-alg1,0,0,,,,5,20,4,true
3,A100-SXM4-80GB-suitesparse_all-fp64-n2-row-major-AlphaSparse-SpMM-CSR-pre-plus-solve,AlphaSparse-SpMM-CSR-best-pre-plus-solve,AlphaSparseLib CSR PER MATRIX BEST,per-matrix-best,AlphaSparse-SpMM-CSR,best,pre-plus-solve,"csr-alg1,csr-alg2,csr-alg3,csr-alg4,csr-alg5",manual-selection,csr,ALPHASPARSE_SPMM_CSR_ALG1,workspace-setup,spmm.csr.fp64,fp64,A100-SXM4-80GB,A100-SXM4-80GB,,9700.0,a0827285-e98d-55a9-b486-73107367c8f5,suitesparse_all,GenBank/kmer_P1a,kmer_P1a,139353211,139353211,297829984,2,row-major,N,N,1.0,0.0,20260922,main,pass,pass,0,0,1191319936.0,1.883601,16.184815979,18.068416979,16.278996029,73.60725865192119,65.93383014043846,73.18141326883666,0.7588377180610432,0.6797302076333862,0.7544475594725429,AlphaSparse 248af573c867cf4c7e05d40c611c7c34ebac4715,CUDA,13040,13000,2026-10-06T07:30:56.682446+00:00,derived,csr-alg1,0,0,,,,5,20,4,true
3,A100-SXM4-80GB-suitesparse_all-fp64-n2-row-major-AlphaSparse-SpMM-CSR-pre-plus-solve,AlphaSparse-SpMM-CSR-best-pre-plus-solve,AlphaSparseLib CSR PER MATRIX BEST,per-matrix-best,AlphaSparse-SpMM-CSR,best,pre-plus-solve,"csr-alg1,csr-alg2,csr-alg3,csr-alg4,csr-alg5",manual-selection,csr,ALPHASPARSE_SPMM_CSR_ALG1,workspace-setup,spmm.csr.fp64,fp64,A100-SXM4-80GB,A100-SXM4-80GB,,9700.0,dd6a9a30-d69d-5ea7-834e-7b0f3242a57c,suitesparse_all,GenBank/kmer_U1a,kmer_U1a,67716231,67716231,138778562,2,row-major,N,N,1.0,0.0,20260922,main,pass,pass,0,0,555114248.0,0.41179,7.34602203369,7.75781203369,7.36661153369,75.56664620037344,71.5555166314026,75.35543926285175,0.7790375896945715,0.7376857384680681,0.7768601985861004,AlphaSparse 248af573c867cf4c7e05d40c611c7c34ebac4715,CUDA,13040,13000,2026-10-06T20:11:21.477823+00:00,derived,csr-alg1,0,0,,,,5,20,4,true
3,A100-SXM4-80GB-suitesparse_all-fp64-n2-row-major-AlphaSparse-SpMM-CSR-pre-plus-solve,AlphaSparse-SpMM-CSR-best-pre-plus-solve,AlphaSparseLib CSR PER MATRIX BEST,per-matrix-best,AlphaSparse-SpMM-CSR,best,pre-plus-solve,"csr-alg1,csr-alg2,csr-alg3,csr-alg4,csr-alg5",manual-selection,csr,ALPHASPARSE_SPMM_CSR_ALG1,workspace-setup,spmm.csr.fp64,fp64,A100-SXM4-80GB,A100-SXM4-80GB,,9700.0,005fdebf-9ece-5bc0-9d3c-6fda0356699d,suitesparse_all,GenBank/kmer_V1r,kmer_V1r,214005017,214005017,465410904,2,row-major,N,N,1.0,0.0,20260922,main,pass,pass,0,0,1861643616.0,1.947431,23.4704391479,25.4178701479,23.5678106979,79.31865289220927,73.24152673562254,78.9909440407157,0.8177180710537038,0.755067285934253,0.8143396292857289,AlphaSparse 248af573c867cf4c7e05d40c611c7c34ebac4715,CUDA,13040,13000,2026-10-08T14:18:02.407140+00:00,derived,csr-alg1,0,0,,,,5,20,4,true
3,A100-SXM4-80GB-suitesparse_all-fp64-n2-row-major-AlphaSparse-SpMM-CSR-pre-plus-solve,AlphaSparse-SpMM-CSR-best-pre-plus-solve,AlphaSparseLib CSR PER MATRIX BEST,per-matrix-best,AlphaSparse-SpMM-CSR,best,pre-plus-solve,"csr-alg1,csr-alg2,csr-alg3,csr-alg4,csr-alg5",manual-selection,csr,ALPHASPARSE_SPMM_CSR_ALG1,workspace-setup,spmm.csr.fp64,fp64,A100-SXM4-80GB,A100-SXM4-80GB,,9700.0,d94c6f41-d28e-5f45-abb9-189a8a3b4f78,suitesparse_all,GenBank/kmer_V2a,kmer_V2a,55042369,55042369,117217600,2,row-major,N,N,1.0,0.0,20260922,main,pass,pass,0,0,468870400.0,0.500831,6.2591999054,6.7600309054,6.2842414554,74.90899908716631,69.35920953045648,74.61050046017937,0.7722577225481062,0.7150433972212008,0.7691804171152512,AlphaSparse 248af573c867cf4c7e05d40c611c7c34ebac4715,CUDA,13040,13000,2026-10-06T02:15:53.834143+00:00,derived,csr-alg1,0,0,,,,5,20,4,true
3,A100-SXM4-80GB-suitesparse_all-fp64-n2-row-major-AlphaSparse-SpMM-CSR-pre-plus-solve,AlphaSparse-SpMM-CSR-best-pre-plus-solve,AlphaSparseLib CSR PER MATRIX BEST,per-matrix-best,AlphaSparse-SpMM-CSR,best,pre-plus-solve,"csr-alg1,csr-alg2,csr-alg3,csr-alg4,csr-alg5",manual-selection,csr,ALPHASPARSE_SPMM_CSR_ALG5,workspace-setup,spmm.csr.fp64,fp64,A100-SXM4-80GB,A100-SXM4-80GB,,9700.0,752b02ae-c4ef-54eb-ad5c-0957985c94ee,suitesparse_all,GHS_indef/a2nnsnsl,a2nnsnsl,80016,80016,347222,2,row-major,N,N,1.0,0.0,20260922,main,pass,pass,0,0,1388888.0,0.02089,0.0237792000175,0.0446692000175,0.0248237000175,58.4076839833916,31.092743981443075,55.95007992446225,0.6021410719937279,0.32054375238601107,0.5768049476748686,AlphaSparse 248af573c867cf4c7e05d40c611c7c34ebac4715,CUDA,13040,13000,2026-10-08T07:59:47.070111+00:00,derived,csr-alg5,0,0,,,,5,20,4,true
3,A100-SXM4-80GB-suitesparse_all-fp64-n2-row-major-AlphaSparse-SpMM-CSR-pre-plus-solve,AlphaSparse-SpMM-CSR-best-pre-plus-solve,AlphaSparseLib CSR PER MATRIX BEST,per-matrix-best,AlphaSparse-SpMM-CSR,best,pre-plus-solve,"csr-alg1,csr-alg2,csr-alg3,csr-alg4,csr-alg5",manual-selection,csr,ALPHASPARSE_SPMM_CSR_ALG5,workspace-setup,spmm.csr.fp64,fp64,A100-SXM4-80GB,A100-SXM4-80GB,,9700.0,152f8cc9-7213-5fba-8430-8cd9341fa530,suitesparse_all,GHS_indef/a5esindl,a5esindl,60008,60008,255004,2,row-major,N,N,1.0,0.0,20260922,main,pass,pass,0,0,1020016.0,0.01478,0.0211456000805,0.0359256000805,0.0218846000805,48.23774194711248,28.392455455563926,46.60884805973094,0.49729630873311836,0.2927057263460198,0.48050358824464884,AlphaSparse 248af573c867cf4c7e05d40c611c7c34ebac4715,CUDA,13040,13000,2026-10-08T02:21:18.213104+00:00,derived,csr-alg5,0,0,,,,5,20,4,true
3,A100-SXM4-80GB-suitesparse_all-fp64-n2-row-major-AlphaSparse-SpMM-CSR-pre-plus-solve,AlphaSparse-SpMM-CSR-best-pre-plus-solve,AlphaSparseLib CSR PER MATRIX BEST,per-matrix-best,AlphaSparse-SpMM-CSR,best,pre-plus-solve,"csr-alg1,csr-alg2,csr-alg3,csr-alg4,csr-alg5",manual-selection,csr,ALPHASPARSE_SPMM_CSR_ALG1,workspace-setup,spmm.csr.fp64,fp64,A100-SXM4-80GB,A100-SXM4-80GB,,9700.0,dd6a9a30-d69d-5ea7-834e-7b0f3242a57c,suitesparse_all,GHS_indef/aug2d,aug2d,29008,29008,76832,2,row-major,N,N,1.0,0.0,20260922,main,pass,pass,0,0,307328.0,0.01484,0.00481280013919,0.0196528001392,0.00555480013919,63.85638113194613,15.637873372914191,55.32656302640882,0.6583132075458363,0.16121518941148652,0.5703769384165858,AlphaSparse 248af573c867cf4c7e05d40c611c7c34ebac4715,CUDA,13040,13000,2026-10-06T19:51:19.405888+00:00,derived,csr-alg1,0,0,,,,5,20,4,true
3,A100-SXM4-80GB-suitesparse_all-fp64-n2-row-major-AlphaSparse-SpMM-CSR-pre-plus-solve,AlphaSparse-SpMM-CSR-best-pre-plus-solve,AlphaSparseLib CSR PER MATRIX BEST,per-matrix-best,AlphaSparse-SpMM-CSR,best,pre-plus-solve,"csr-alg1,csr-alg2,csr-alg3,csr-alg4,csr-alg5",manual-selection,csr,ALPHASPARSE_SPMM_CSR_ALG1,workspace-setup,spmm.csr.fp64,fp64,A100-SXM4-80GB,A100-SXM4-80GB,,9700.0,005fdebf-9ece-5bc0-9d3c-6fda0356699d,suitesparse_all,GHS_indef/aug2dc,aug2dc,30200,30200,80000,2,row-major,N,N,1.0,0.0,20260922,main,pass,pass,0,0,320000.0,0.01293,0.00486400015652,0.0177940001565,0.00551050015652,65.78947156715294,17.983589815981126,58.070953799244045,0.6782419749191024,0.1853978331544446,0.5986696267963303,AlphaSparse 248af573c867cf4c7e05d40c611c7c34ebac4715,CUDA,13040,13000,2026-10-08T13:55:06.293314+00:00,derived,csr-alg1,0,0,,,,5,20,4,true
3,A100-SXM4-80GB-suitesparse_all-fp64-n2-row-major-AlphaSparse-SpMM-CSR-pre-plus-solve,AlphaSparse-SpMM-CSR-best-pre-plus-solve,AlphaSparseLib CSR PER MATRIX BEST,per-matrix-best,AlphaSparse-SpMM-CSR,best,pre-plus-solve,"csr-alg1,csr-alg2,csr-alg3,csr-alg4,csr-alg5",manual-selection,csr,ALPHASPARSE_SPMM_CSR_ALG1,workspace-setup,spmm.csr.fp64,fp64,A100-SXM4-80GB,A100-SXM4-80GB,,9700.0,d94c6f41-d28e-5f45-abb9-189a8a3b4f78,suitesparse_all,GHS_indef/aug3d,aug3d,24300,24300,69984,2,row-major,N,N,1.0,0.0,20260922,main,pass,pass,0,0,279936.0,0.01406,0.00634879991412,0.0204087999141,0.00705179991412,44.09274253192489,13.716436104927377,39.697099096569225,0.4545643559992257,0.14140655778275646,0.40924844429452806,AlphaSparse 248af573c867cf4c7e05d40c611c7c34ebac4715,CUDA,13040,13000,2026-10-06T01:51:33.465234+00:00,derived,csr-alg1,0,0,,,,5,20,4,true
3,A100-SXM4-80GB-suitesparse_all-fp64-n2-row-major-AlphaSparse-SpMM-CSR-pre-plus-solve,AlphaSparse-SpMM-CSR-best-pre-plus-solve,AlphaSparseLib CSR PER MATRIX BEST,per-matrix-best,AlphaSparse-SpMM-CSR,best,pre-plus-solve,"csr-alg1,csr-alg2,csr-alg3,csr-alg4,csr-alg5",manual-selection,csr,ALPHASPARSE_SPMM_CSR_ALG1,workspace-setup,spmm.csr.fp64,fp64,A100-SXM4-80GB,A100-SXM4-80GB,,9700.0,018f64fd-81d1-5f6a-986f-7d386c913e5c,suitesparse_all,GHS_indef/aug3dcqp,aug3dcqp,35543,35543,128115,2,row-major,N,N,1.0,0.0,20260922,main,pass,pass,0,0,512460.0,0.01649,0.00829439982772,0.0247843998277,0.00911889982772,61.783855449956924,20.676716142516995,56.197568750805154,0.6369469634016178,0.21316202208780405,0.5793563788742799,AlphaSparse 248af573c867cf4c7e05d40c611c7c34ebac4715,CUDA,13040,13000,2026-10-06T20:28:12.344147+00:00,derived,csr-alg1,0,0,,,,5,20,4,true
3,A100-SXM4-80GB-suitesparse_all-fp64-n2-row-major-AlphaSparse-SpMM-CSR-pre-plus-solve,AlphaSparse-SpMM-CSR-best-pre-plus-solve,AlphaSparseLib CSR PER MATRIX BEST,per-matrix-best,AlphaSparse-SpMM-CSR,best,pre-plus-solve,"csr-alg1,csr-alg2,csr-alg3,csr-alg4,csr-alg5",manual-selection,csr,ALPHASPARSE_SPMM_CSR_ALG5,workspace-setup,spmm.csr.fp64,fp64,A100-SXM4-80GB,A100-SXM4-80GB,,9700.0,a0827285-e98d-55a9-b486-73107367c8f5,suitesparse_all,GHS_indef/blockqp1,blockqp1,60012,60012,640033,2,row-major,N,N,1.0,0.0,20260922,main,pass,pass,0,0,2560132.0,0.02127,0.0290304005146,0.0503004005146,0.0300939005146,88.18796691118526,50.89685119419489,85.07145820987733,0.9091542980534563,0.5247098061257205,0.8770253423698695,AlphaSparse 248af573c867cf4c7e05d40c611c7c34ebac4715,CUDA,13040,13000,2026-10-06T08:58:26.120312+00:00,derived,csr-alg5,0,0,,,,5,20,4,true
3,A100-SXM4-80GB-suitesparse_all-fp64-n2-row-major-AlphaSparse-SpMM-CSR-pre-plus-solve,AlphaSparse-SpMM-CSR-best-pre-plus-solve,AlphaSparseLib CSR PER MATRIX BEST,per-matrix-best,AlphaSparse-SpMM-CSR,best,pre-plus-solve,"csr-alg1,csr-alg2,csr-alg3,csr-alg4,csr-alg5",manual-selection,csr,ALPHASPARSE_SPMM_CSR_ALG5,workspace-setup,spmm.csr.fp64,fp64,A100-SXM4-80GB,A100-SXM4-80GB,,9700.0,dd6a9a30-d69d-5ea7-834e-7b0f3242a57c,suitesparse_all,GHS_indef/bloweya,bloweya,30004,30004,150009,2,row-major,N,N,1.0,0.0,20260922,main,pass,pass,0,0,600036.0,0.02208,0.0167935997248,0.0388735997248,0.0178975997248,35.73004060075905,15.435565634463176,33.52605987542305,0.3683509340284438,0.1591295426233317,0.345629483251784,AlphaSparse 248af573c867cf4c7e05d40c611c7c34ebac4715,CUDA,13040,13000,2026-10-06T22:22:21.284875+00:00,derived,csr-alg5,0,0,,,,5,20,4,true
3,A100-SXM4-80GB-suitesparse_all-fp64-n2-row-major-AlphaSparse-SpMM-CSR-pre-plus-solve,AlphaSparse-SpMM-CSR-best-pre-plus-solve,AlphaSparseLib CSR PER MATRIX BEST,per-matrix-best,AlphaSparse-SpMM-CSR,best,pre-plus-solve,"csr-alg1,csr-alg2,csr-alg3,csr-alg4,csr-alg5",manual-selection,csr,ALPHASPARSE_SPMM_CSR_ALG5,workspace-setup,spmm.csr.fp64,fp64,A100-SXM4-80GB,A100-SXM4-80GB,,9700.0,005fdebf-9ece-5bc0-9d3c-6fda0356699d,suitesparse_all,GHS_indef/bloweybl,bloweybl,30003,30003,120000,2,row-major,N,N,1.0,0.0,20260922,main,pass,pass,0,0,480000.0,0.01507,0.0172031998634,0.0322731998634,0.0179566998634,27.901785935836585,14.873021641227233,26.730969702197534,0.287647277689037,0.1533301200126519,0.27557700723914985,AlphaSparse 248af573c867cf4c7e05d40c611c7c34ebac4715,CUDA,13040,13000,2026-10-08T15:33:13.064291+00:00,derived,csr-alg5,0,0,,,,5,20,4,true
3,A100-SXM4-80GB-suitesparse_all-fp64-n2-row-major-AlphaSparse-SpMM-CSR-pre-plus-solve,AlphaSparse-SpMM-CSR-best-pre-plus-solve,AlphaSparseLib CSR PER MATRIX BEST,per-matrix-best,AlphaSparse-SpMM-CSR,best,pre-plus-solve,"csr-alg1,csr-alg2,csr-alg3,csr-alg4,csr-alg5",manual-selection,csr,ALPHASPARSE_SPMM_CSR_ALG5,workspace-setup,spmm.csr.fp64,fp64,A100-SXM4-80GB,A100-SXM4-80GB,,9700.0,d94c6f41-d28e-5f45-abb9-189a8a3b4f78,suitesparse_all,GHS_indef/bloweybq,bloweybq,10001,10001,69991,2,row-major,N,N,1.0,0.0,20260922,main,pass,pass,0,0,279964.0,0.013631,0.015513600409,0.029144600409,0.016195150409,18.04635884765878,9.606033229865307,17.286903358700386,0.18604493657380186,0.09903127041098254,0.17821549854330293,AlphaSparse 248af573c867cf4c7e05d40c611c7c34ebac4715,CUDA,13040,13000,2026-10-06T03:35:15.542125+00:00,derived,csr-alg5,0,0,,,,5,20,4,true
3,A100-SXM4-80GB-suitesparse_all-fp64-n2-row-major-AlphaSparse-SpMM-CSR-pre-plus-solve,AlphaSparse-SpMM-CSR-best-pre-plus-solve,AlphaSparseLib CSR PER MATRIX BEST,per-matrix-best,AlphaSparse-SpMM-CSR,best,pre-plus-solve,"csr-alg1,csr-alg2,csr-alg3,csr-alg4,csr-alg5",manual-selection,csr,ALPHASPARSE_SPMM_CSR_ALG5,workspace-setup,spmm.csr.fp64,fp64,A100-SXM4-80GB,A100-SXM4-80GB,,9700.0,005fdebf-9ece-5bc0-9d3c-6fda0356699d,suitesparse_all,GHS_indef/boyd1,boyd1,93279,93279,1211231,2,row-major,N,N,1.0,0.0,20260922,main,pass,pass,0,0,4844924.0,0.02343,0.0487423986197,0.0721723986197,0.0499138986197,99.39855520450011,67.1298736450411,97.06562969392672,1.024727373242269,0.6920605530416608,1.0006765947827498,AlphaSparse 248af573c867cf4c7e05d40c611c7c34ebac4715,CUDA,13040,13000,2026-10-08T15:32:56.592088+00:00,derived,csr-alg5,0,0,,,,5,20,4,true
3,A100-SXM4-80GB-suitesparse_all-fp64-n2-row-major-AlphaSparse-SpMM-CSR-pre-plus-solve,AlphaSparse-SpMM-CSR-best-pre-plus-solve,AlphaSparseLib CSR PER MATRIX BEST,per-matrix-best,AlphaSparse-SpMM-CSR,best,pre-plus-solve,"csr-alg1,csr-alg2,csr-alg3,csr-alg4,csr-alg5",manual-selection,csr,ALPHASPARSE_SPMM_CSR_ALG5,workspace-setup,spmm.csr.fp64,fp64,A100-SXM4-80GB,A100-SXM4-80GB,,9700.0,d94c6f41-d28e-5f45-abb9-189a8a3b4f78,suitesparse_all,GHS_indef/boyd2,boyd2,466316,466316,1500397,2,row-major,N,N,1.0,0.0,20260922,main,pass,pass,0,0,6001588.0,0.02362,0.0750079989433,0.0986279989433,0.0761889989433,80.01263977908165,60.850752973810586,78.77236980717377,0.8248725750420788,0.6273273502454699,0.8120862866718946,AlphaSparse 248af573c867cf4c7e05d40c611c7c34ebac4715,CUDA,13040,13000,2026-10-06T03:34:41.372101+00:00,derived,csr-alg5,0,0,,,,5,20,4,true
3,A100-SXM4-80GB-suitesparse_all-fp64-n2-row-major-AlphaSparse-SpMM-CSR-pre-plus-solve,AlphaSparse-SpMM-CSR-best-pre-plus-solve,AlphaSparseLib CSR PER MATRIX BEST,per-matrix-best,AlphaSparse-SpMM-CSR,best,pre-plus-solve,"csr-alg1,csr-alg2,csr-alg3,csr-alg4,csr-alg5",manual-selection,csr,ALPHASPARSE_SPMM_CSR_ALG5,workspace-setup,spmm.csr.fp64,fp64,A100-SXM4-80GB,A100-SXM4-80GB,,9700.0,018f64fd-81d1-5f6a-986f-7d386c913e5c,suitesparse_all,GHS_indef/brainpc2,brainpc2,27607,27607,179395,2,row-major,N,N,1.0,0.0,20260922,main,pass,pass,0,0,717580.0,0.01555,0.0192000001669,0.0347500001669,0.0199775001669,37.37395800845242,20.649784073483485,35.919409035417374,0.38529853616961257,0.21288437189158232,0.37030318593213785,AlphaSparse 248af573c867cf4c7e05d40c611c7c34ebac4715,CUDA,13040,13000,2026-10-06T23:09:05.809378+00:00,derived,csr-alg5,0,0,,,,5,20,4,true
3,A100-SXM4-80GB-suitesparse_all-fp64-n2-row-major-AlphaSparse-SpMM-CSR-pre-plus-solve,AlphaSparse-SpMM-CSR-best-pre-plus-solve,AlphaSparseLib CSR PER MATRIX BEST,per-matrix-best,AlphaSparse-SpMM-CSR,best,pre-plus-solve,"csr-alg1,csr-alg2,csr-alg3,csr-alg4,csr-alg5",manual-selection,csr,ALPHASPARSE_SPMM_CSR_ALG2,workspace-setup,spmm.csr.fp64,fp64,A100-SXM4-80GB,A100-SXM4-80GB,,9700.0,752b02ae-c4ef-54eb-ad5c-0957985c94ee,suitesparse_all,GHS_indef/c-55,c-55,32780,32780,403450,2,row-major,N,N,1.0,0.0,20260922,main,pass,pass,0,0,1613800.0,0.01203,0.0263680011034,0.0383980011034,0.0269695011034,61.20297073986052,42.02822942929454,59.837962660590364,0.6309584612356754,0.43328071576592314,0.616886212995777,AlphaSparse 248af573c867cf4c7e05d40c611c7c34ebac4715,CUDA,13040,13000,2026-10-08T04:53:58.336696+00:00,derived,csr-alg2,0,0,,,,5,20,4,true
3,A100-SXM4-80GB-suitesparse_all-fp64-n2-row-major-AlphaSparse-SpMM-CSR-pre-plus-solve,AlphaSparse-SpMM-CSR-best-pre-plus-solve,AlphaSparseLib CSR PER MATRIX BEST,per-matrix-best,AlphaSparse-SpMM-CSR,best,pre-plus-solve,"csr-alg1,csr-alg2,csr-alg3,csr-alg4,csr-alg5",manual-selection,csr,ALPHASPARSE_SPMM_CSR_ALG5,workspace-setup,spmm.csr.fp64,fp64,A100-SXM4-80GB,A100-SXM4-80GB,,9700.0,152f8cc9-7213-5fba-8430-8cd9341fa530,suitesparse_all,GHS_indef/c-58,c-58,37595,37595,552557,2,row-major,N,N,1.0,0.0,20260922,main,pass,pass,0,0,2210228.0,0.02309,0.0268799990416,0.0499699990416,0.0280344990416,82.22574697935848,44.23109950752623,78.83957536463461,0.8476881131892625,0.4559907165724354,0.81277912747046,AlphaSparse 248af573c867cf4c7e05d40c611c7c34ebac4715,CUDA,13040,13000,2026-10-08T02:20:58.527001+00:00,derived,csr-alg5,0,0,,,,5,20,4,true
3,A100-SXM4-80GB-suitesparse_all-fp64-n2-row-major-AlphaSparse-SpMM-CSR-pre-plus-solve,AlphaSparse-SpMM-CSR-best-pre-plus-solve,AlphaSparseLib CSR PER MATRIX BEST,per-matrix-best,AlphaSparse-SpMM-CSR,best,pre-plus-solve,"csr-alg1,csr-alg2,csr-alg3,csr-alg4,csr-alg5",manual-selection,csr,ALPHASPARSE_SPMM_CSR_ALG2,workspace-setup,spmm.csr.fp64,fp64,A100-SXM4-80GB,A100-SXM4-80GB,,9700.0,a0827285-e98d-55a9-b486-73107367c8f5,suitesparse_all,GHS_indef/c-59,c-59,41282,41282,480536,2,row-major,N,N,1.0,0.0,20260922,main,pass,pass,0,0,1922144.0,0.01778,0.0243711993098,0.0421511993098,0.0252601993098,78.86948752772618,45.601169871176324,76.09377805876144,0.8130875002858369,0.47011515331109616,0.784471938750118,AlphaSparse 248af573c867cf4c7e05d40c611c7c34ebac4715,CUDA,13040,13000,2026-10-06T07:34:00.852620+00:00,derived,csr-alg2,0,0,,,,5,20,4,true
3,A100-SXM4-80GB-suitesparse_all-fp64-n2-row-major-AlphaSparse-SpMM-CSR-pre-plus-solve,AlphaSparse-SpMM-CSR-best-pre-plus-solve,AlphaSparseLib CSR PER MATRIX BEST,per-matrix-best,AlphaSparse-SpMM-CSR,best,pre-plus-solve,"csr-alg1,csr-alg2,csr-alg3,csr-alg4,csr-alg5",manual-selection,csr,ALPHASPARSE_SPMM_CSR_ALG5,workspace-setup,spmm.csr.fp64,fp64,A100-SXM4-80GB,A100-SXM4-80GB,,9700.0,dd6a9a30-d69d-5ea7-834e-7b0f3242a57c,suitesparse_all,GHS_indef/c-62ghs,c-62ghs,41731,41731,559343,2,row-major,N,N,1.0,0.0,20260922,main,pass,pass,0,0,2237372.0,0.01481,0.0265727996826,0.0413827996826,0.0273132996826,84.19782735445231,54.06526424408969,81.91511190518379,0.8680188387056941,0.5573738581864917,0.8444856897441628,AlphaSparse 248af573c867cf4c7e05d40c611c7c34ebac4715,CUDA,13040,13000,2026-10-06T22:22:10.273429+00:00,derived,csr-alg5,0,0,,,,5,20,4,true
3,A100-SXM4-80GB-suitesparse_all-fp64-n2-row-major-AlphaSparse-SpMM-CSR-pre-plus-solve,AlphaSparse-SpMM-CSR-best-pre-plus-solve,AlphaSparseLib CSR PER MATRIX BEST,per-matrix-best,AlphaSparse-SpMM-CSR,best,pre-plus-solve,"csr-alg1,csr-alg2,csr-alg3,csr-alg4,csr-alg5",manual-selection,csr,ALPHASPARSE_SPMM_CSR_ALG2,workspace-setup,spmm.csr.fp64,fp64,A100-SXM4-80GB,A100-SXM4-80GB,,9700.0,005fdebf-9ece-5bc0-9d3c-6fda0356699d,suitesparse_all,GHS_indef/c-63,c-63,44234,44234,434704,2,row-major,N,N,1.0,0.0,20260922,main,pass,pass,0,0,1738816.0,0.01524,0.0275456011295,0.0427856011295,0.0283076011295,63.124997411576274,40.640214326709874,61.4257630678546,0.650773169191508,0.4189712817186585,0.6332552893593257,AlphaSparse 248af573c867cf4c7e05d40c611c7c34ebac4715,CUDA,13040,13000,2026-10-08T14:21:17.559710+00:00,derived,csr-alg2,0,0,,,,5,20,4,true
3,A100-SXM4-80GB-suitesparse_all-fp64-n2-row-major-AlphaSparse-SpMM-CSR-pre-plus-solve,AlphaSparse-SpMM-CSR-best-pre-plus-solve,AlphaSparseLib CSR PER MATRIX BEST,per-matrix-best,AlphaSparse-SpMM-CSR,best,pre-plus-solve,"csr-alg1,csr-alg2,csr-alg3,csr-alg4,csr-alg5",manual-selection,csr,ALPHASPARSE_SPMM_CSR_ALG5,workspace-setup,spmm.csr.fp64,fp64,A100-SXM4-80GB,A100-SXM4-80GB,,9700.0,d94c6f41-d28e-5f45-abb9-189a8a3b4f78,suitesparse_all,GHS_indef/c-68,c-68,64810,64810,566006,2,row-major,N,N,1.0,0.0,20260922,main,pass,pass,0,0,2264024.0,0.01769,0.0281599998474,0.0458499998474,0.0290444998474,80.39857998113719,49.378931462055064,77.9501803059167,0.8288513400117236,0.5090611490933512,0.8036101062465639,AlphaSparse 248af573c867cf4c7e05d40c611c7c34ebac4715,CUDA,13040,13000,2026-10-06T03:34:20.141945+00:00,derived,csr-alg5,0,0,,,,5,20,4,true
3,A100-SXM4-80GB-suitesparse_all-fp64-n2-row-major-AlphaSparse-SpMM-CSR-pre-plus-solve,AlphaSparse-SpMM-CSR-best-pre-plus-solve,AlphaSparseLib CSR PER MATRIX BEST,per-matrix-best,AlphaSparse-SpMM-CSR,best,pre-plus-solve,"csr-alg1,csr-alg2,csr-alg3,csr-alg4,csr-alg5",manual-selection,csr,ALPHASPARSE_SPMM_CSR_ALG5,workspace-setup,spmm.csr.fp64,fp64,A100-SXM4-80GB,A100-SXM4-80GB,,9700.0,018f64fd-81d1-5f6a-986f-7d386c913e5c,suitesparse_all,GHS_indef/c-69,c-69,67458,67458,623970,2,row-major,N,N,1.0,0.0,20260922,main,pass,pass,0,0,2495880.0,0.01788,0.0293375998735,0.0472175998735,0.0302315998735,85.07444408410767,52.859103526792474,82.55864758873724,0.8770561245784295,0.5449392116164173,0.8511200782344045,AlphaSparse 248af573c867cf4c7e05d40c611c7c34ebac4715,CUDA,13040,13000,2026-10-06T23:08:44.324667+00:00,derived,csr-alg5,0,0,,,,5,20,4,true
3,A100-SXM4-80GB-suitesparse_all-fp64-n2-row-major-AlphaSparse-SpMM-CSR-pre-plus-solve,AlphaSparse-SpMM-CSR-best-pre-plus-solve,AlphaSparseLib CSR PER MATRIX BEST,per-matrix-best,AlphaSparse-SpMM-CSR,best,pre-plus-solve,"csr-alg1,csr-alg2,csr-alg3,csr-alg4,csr-alg5",manual-selection,csr,ALPHASPARSE_SPMM_CSR_ALG5,workspace-setup,spmm.csr.fp64,fp64,A100-SXM4-80GB,A100-SXM4-80GB,,9700.0,752b02ae-c4ef-54eb-ad5c-0957985c94ee,suitesparse_all,GHS_indef/c-71,c-71,76638,76638,859554,2,row-major,N,N,1.0,0.0,20260922,main,pass,pass,0,0,3438216.0,0.01506,0.0349184006453,0.0499784006453,0.0356714006453,98.46430353226334,68.79403813661916,96.38578631066491,1.0150959127037458,0.7092168880063832,0.9936679001099475,AlphaSparse 248af573c867cf4c7e05d40c611c7c34ebac4715,CUDA,13040,13000,2026-10-08T07:58:46.967824+00:00,derived,csr-alg5,0,0,,,,5,20,4,true
3,A100-SXM4-80GB-suitesparse_all-fp64-n2-row-major-AlphaSparse-SpMM-CSR-pre-plus-solve,AlphaSparse-SpMM-CSR-best-pre-plus-solve,AlphaSparseLib CSR PER MATRIX BEST,per-matrix-best,AlphaSparse-SpMM-CSR,best,pre-plus-solve,"csr-alg1,csr-alg2,csr-alg3,csr-alg4,csr-alg5",manual-selection,csr,ALPHASPARSE_SPMM_CSR_ALG5,workspace-setup,spmm.csr.fp64,fp64,A100-SXM4-80GB,A100-SXM4-80GB,,9700.0,152f8cc9-7213-5fba-8430-8cd9341fa530,suitesparse_all,GHS_indef/c-72,c-72,84064,84064,707558,2,row-major,N,N,1.0,0.0,20260922,main,pass,pass,0,0,2830232.0,0.01885,0.0322560012341,0.0511060012341,0.0331985012341,87.74280418268245,55.37964097475805,85.25180037624449,0.9045649915740459,0.5709241337603923,0.8788845399612835,AlphaSparse 248af573c867cf4c7e05d40c611c7c34ebac4715,CUDA,13040,13000,2026-10-08T02:20:59.505234+00:00,derived,csr-alg5,0,0,,,,5,20,4,true
3,A100-SXM4-80GB-suitesparse_all-fp64-n2-row-major-AlphaSparse-SpMM-CSR-pre-plus-solve,AlphaSparse-SpMM-CSR-best-pre-plus-solve,AlphaSparseLib CSR PER MATRIX BEST,per-matrix-best,AlphaSparse-SpMM-CSR,best,pre-plus-solve,"csr-alg1,csr-alg2,csr-alg3,csr-alg4,csr-alg5",manual-selection,csr,ALPHASPARSE_SPMM_CSR_ALG1,workspace-setup,spmm.csr.fp64,fp64,A100-SXM4-80GB,A100-SXM4-80GB,,9700.0,752b02ae-c4ef-54eb-ad5c-0957985c94ee,suitesparse_all,GHS_indef/cont-201,cont-201,80595,80595,438795,2,row-major,N,N,1.0,0.0,20260922,main,pass,pass,0,0,1755180.0,0.02114,0.0113664001226,0.0325064001226,0.0124234001226,154.41828380739005,53.99490541494059,141.2801634559824,1.5919410701792789,0.5566485094323772,1.4564965304740454,AlphaSparse 248af573c867cf4c7e05d40c611c7c34ebac4715,CUDA,13040,13000,2026-10-08T03:35:14.249313+00:00,derived,csr-alg1,0,0,,,,5,20,4,true
3,A100-SXM4-80GB-suitesparse_all-fp64-n2-row-major-AlphaSparse-SpMM-CSR-pre-plus-solve,AlphaSparse-SpMM-CSR-best-pre-plus-solve,AlphaSparseLib CSR PER MATRIX BEST,per-matrix-best,AlphaSparse-SpMM-CSR,best,pre-plus-solve,"csr-alg1,csr-alg2,csr-alg3,csr-alg4,csr-alg5",manual-selection,csr,ALPHASPARSE_SPMM_CSR_ALG1,workspace-setup,spmm.csr.fp64,fp64,A100-SXM4-80GB,A100-SXM4-80GB,,9700.0,152f8cc9-7213-5fba-8430-8cd9341fa530,suitesparse_all,GHS_indef/cont-300,cont-300,180895,180895,988195,2,row-major,N,N,1.0,0.0,20260922,main,pass,pass,0,0,3952780.0,0.021769,0.0181759998202,0.0399449998202,0.0192644498202,217.47249334845702,98.95556434578072,205.18520055814201,2.2419844675098664,1.020160457172997,2.115311345960227,AlphaSparse 248af573c867cf4c7e05d40c611c7c34ebac4715,CUDA,13040,13000,2026-10-07T22:26:53.132625+00:00,derived,csr-alg1,0,0,,,,5,20,4,true
3,A100-SXM4-80GB-suitesparse_all-fp64-n2-row-major-AlphaSparse-SpMM-CSR-pre-plus-solve,AlphaSparse-SpMM-CSR-best-pre-plus-solve,AlphaSparseLib CSR PER MATRIX BEST,per-matrix-best,AlphaSparse-SpMM-CSR,best,pre-plus-solve,"csr-alg1,csr-alg2,csr-alg3,csr-alg4,csr-alg5",manual-selection,csr,ALPHASPARSE_SPMM_CSR_ALG1,workspace-setup,spmm.csr.fp64,fp64,A100-SXM4-80GB,A100-SXM4-80GB,,9700.0,a0827285-e98d-55a9-b486-73107367c8f5,suitesparse_all,GHS_indef/copter2,copter2,55476,55476,759952,2,row-major,N,N,1.0,0.0,20260922,main,pass,pass,0,0,3039808.0,0.014311,0.0237568005919,0.0380678005919,0.0244723505919,127.9552769844117,79.8524725026222,124.21397726322755,1.319126566849605,0.8232213660064145,1.280556466631212,AlphaSparse 248af573c867cf4c7e05d40c611c7c34ebac4715,CUDA,13040,13000,2026-10-06T07:05:39.284017+00:00,derived,csr-alg1,0,0,,,,5,20,4,true
3,A100-SXM4-80GB-suitesparse_all-fp64-n2-row-major-AlphaSparse-SpMM-CSR-pre-plus-solve,AlphaSparse-SpMM-CSR-best-pre-plus-solve,AlphaSparseLib CSR PER MATRIX BEST,per-matrix-best,AlphaSparse-SpMM-CSR,best,pre-plus-solve,"csr-alg1,csr-alg2,csr-alg3,csr-alg4,csr-alg5",manual-selection,csr,ALPHASPARSE_SPMM_CSR_ALG1,workspace-setup,spmm.csr.fp64,fp64,A100-SXM4-80GB,A100-SXM4-80GB,,9700.0,018f64fd-81d1-5f6a-986f-7d386c913e5c,suitesparse_all,GHS_indef/cvxqp3,cvxqp3,17500,17500,122462,2,row-major,N,N,1.0,0.0,20260922,main,pass,pass,0,0,489848.0,0.01963,0.0112127996981,0.0308427996981,0.0121942996981,43.68650231779351,15.882086087994663,40.17024446892375,0.45037631255457233,0.16373284626798623,0.4141262316383892,AlphaSparse 248af573c867cf4c7e05d40c611c7c34ebac4715,CUDA,13040,13000,2026-10-06T20:29:09.564795+00:00,derived,csr-alg1,0,0,,,,5,20,4,true
3,A100-SXM4-80GB-suitesparse_all-fp64-n2-row-major-AlphaSparse-SpMM-CSR-pre-plus-solve,AlphaSparse-SpMM-CSR-best-pre-plus-solve,AlphaSparseLib CSR PER MATRIX BEST,per-matrix-best,AlphaSparse-SpMM-CSR,best,pre-plus-solve,"csr-alg1,csr-alg2,csr-alg3,csr-alg4,csr-alg5",manual-selection,csr,ALPHASPARSE_SPMM_CSR_ALG1,workspace-setup,spmm.csr.fp64,fp64,A100-SXM4-80GB,A100-SXM4-80GB,,9700.0,dd6a9a30-d69d-5ea7-834e-7b0f3242a57c,suitesparse_all,GHS_indef/d_pretok,d_pretok,182730,182730,1641672,2,row-major,N,N,1.0,0.0,20260922,main,pass,pass,0,0,6566688.0,0.02973,0.0237568005919,0.0534868005919,0.0252433005919,276.4129780269716,122.77212185681665,260.13587153920355,2.8496183301749647,1.2656919779053264,2.6818131086515833,AlphaSparse 248af573c867cf4c7e05d40c611c7c34ebac4715,CUDA,13040,13000,2026-10-06T19:51:22.273296+00:00,derived,csr-alg1,0,0,,,,5,20,4,true
3,A100-SXM4-80GB-suitesparse_all-fp64-n2-row-major-AlphaSparse-SpMM-CSR-pre-plus-solve,AlphaSparse-SpMM-CSR-best-pre-plus-solve,AlphaSparseLib CSR PER MATRIX BEST,per-matrix-best,AlphaSparse-SpMM-CSR,best,pre-plus-solve,"csr-alg1,csr-alg2,csr-alg3,csr-alg4,csr-alg5",manual-selection,csr,ALPHASPARSE_SPMM_CSR_ALG1,workspace-setup,spmm.csr.fp64,fp64,A100-SXM4-80GB,A100-SXM4-80GB,,9700.0,005fdebf-9ece-5bc0-9d3c-6fda0356699d,suitesparse_all,GHS_indef/darcy003,darcy003,389874,389874,2101242,2,row-major,N,N,1.0,0.0,20260922,main,pass,pass,0,0,8404968.0,0.018989,0.0451584011316,0.0641474011316,0.0461078511316,186.12191285307813,131.02585376384926,182.28930201085987,1.9187826067327642,1.3507819975654562,1.8792711547511327,AlphaSparse 248af573c867cf4c7e05d40c611c7c34ebac4715,CUDA,13040,13000,2026-10-08T13:55:08.664580+00:00,derived,csr-alg1,0,0,,,,5,20,4,true
3,A100-SXM4-80GB-suitesparse_all-fp64-n2-row-major-AlphaSparse-SpMM-CSR-pre-plus-solve,AlphaSparse-SpMM-CSR-best-pre-plus-solve,AlphaSparseLib CSR PER MATRIX BEST,per-matrix-best,AlphaSparse-SpMM-CSR,best,pre-plus-solve,"csr-alg1,csr-alg2,csr-alg3,csr-alg4,csr-alg5",manual-selection,csr,ALPHASPARSE_SPMM_CSR_ALG1,workspace-setup,spmm.csr.fp64,fp64,A100-SXM4-80GB,A100-SXM4-80GB,,9700.0,d94c6f41-d28e-5f45-abb9-189a8a3b4f78,suitesparse_all,GHS_indef/dawson5,dawson5,51537,51537,1010777,2,row-major,N,N,1.0,0.0,20260922,main,pass,pass,0,0,4043108.0,0.01386,0.0211968004704,0.0350568004704,0.0218898004704,190.74142843614283,115.33020543086279,184.70282565924725,1.966406478723122,1.1889711900088946,1.9041528418479097,AlphaSparse 248af573c867cf4c7e05d40c611c7c34ebac4715,CUDA,13040,13000,2026-10-06T01:51:36.450211+00:00,derived,csr-alg1,0,0,,,,5,20,4,true
3,A100-SXM4-80GB-suitesparse_all-fp64-n2-row-major-AlphaSparse-SpMM-CSR-pre-plus-solve,AlphaSparse-SpMM-CSR-best-pre-plus-solve,AlphaSparseLib CSR PER MATRIX BEST,per-matrix-best,AlphaSparse-SpMM-CSR,best,pre-plus-solve,"csr-alg1,csr-alg2,csr-alg3,csr-alg4,csr-alg5",manual-selection,csr,ALPHASPARSE_SPMM_CSR_ALG1,workspace-setup,spmm.csr.fp64,fp64,A100-SXM4-80GB,A100-SXM4-80GB,,9700.0,a0827285-e98d-55a9-b486-73107367c8f5,suitesparse_all,GHS_indef/dixmaanl,dixmaanl,60000,60000,299998,2,row-major,N,N,1.0,0.0,20260922,main,pass,pass,0,0,1199992.0,0.02093,0.00936959981918,0.0302995998192,0.0104160998192,128.0729191382925,39.60421943393454,115.20550117886299,1.3203393725597166,0.4082909219993251,1.187685579163536,AlphaSparse 248af573c867cf4c7e05d40c611c7c34ebac4715,CUDA,13040,13000,2026-10-06T07:06:02.166467+00:00,derived,csr-alg1,0,0,,,,5,20,4,true
3,A100-SXM4-80GB-suitesparse_all-fp64-n2-row-major-AlphaSparse-SpMM-CSR-pre-plus-solve,AlphaSparse-SpMM-CSR-best-pre-plus-solve,AlphaSparseLib CSR PER MATRIX BEST,per-matrix-best,AlphaSparse-SpMM-CSR,best,pre-plus-solve,"csr-alg1,csr-alg2,csr-alg3,csr-alg4,csr-alg5",manual-selection,csr,ALPHASPARSE_SPMM_CSR_ALG1,workspace-setup,spmm.csr.fp64,fp64,A100-SXM4-80GB,A100-SXM4-80GB,,9700.0,018f64fd-81d1-5f6a-986f-7d386c913e5c,suitesparse_all,GHS_indef/dtoc,dtoc,24993,24993,69972,2,row-major,N,N,1.0,0.0,20260922,main,pass,pass,0,0,279888.0,0.019389,0.00599040016532,0.0253794001653,0.00695985016532,46.72275512082568,11.028156622183571,40.214658843468264,0.48167788784356375,0.11369233631117084,0.41458411178833265,AlphaSparse 248af573c867cf4c7e05d40c611c7c34ebac4715,CUDA,13040,13000,2026-10-06T20:28:14.699121+00:00,derived,csr-alg1,0,0,,,,5,20,4,true
3,A100-SXM4-80GB-suitesparse_all-fp64-n2-row-major-AlphaSparse-SpMM-CSR-pre-plus-solve,AlphaSparse-SpMM-CSR-best-pre-plus-solve,AlphaSparseLib CSR PER MATRIX BEST,per-matrix-best,AlphaSparse-SpMM-CSR,best,pre-plus-solve,"csr-alg1,csr-alg2,csr-alg3,csr-alg4,csr-alg5",manual-selection,csr,ALPHASPARSE_SPMM_CSR_ALG1,workspace-setup,spmm.csr.fp64,fp64,A100-SXM4-80GB,A100-SXM4-80GB,,9700.0,752b02ae-c4ef-54eb-ad5c-0957985c94ee,suitesparse_all,GHS_indef/helm2d03,helm2d03,392257,392257,2741935,2,row-major,N,N,1.0,0.0,20260922,main,pass,pass,0,0,10967740.0,0.023471,0.0625663995743,0.0860373995743,0.0637399495743,175.29760501841548,127.47642367466607,172.07010788760024,1.8071918043135615,1.3141899347903718,1.7739186380164973,AlphaSparse 248af573c867cf4c7e05d40c611c7c34ebac4715,CUDA,13040,13000,2026-10-08T03:34:18.845134+00:00,derived,csr-alg1,0,0,,,,5,20,4,true
3,A100-SXM4-80GB-suitesparse_all-fp64-n2-row-major-AlphaSparse-SpMM-CSR-pre-plus-solve,AlphaSparse-SpMM-CSR-best-pre-plus-solve,AlphaSparseLib CSR PER MATRIX BEST,per-matrix-best,AlphaSparse-SpMM-CSR,best,pre-plus-solve,"csr-alg1,csr-alg2,csr-alg3,csr-alg4,csr-alg5",manual-selection,csr,ALPHASPARSE_SPMM_CSR_ALG1,workspace-setup,spmm.csr.fp64,fp64,A100-SXM4-80GB,A100-SXM4-80GB,,9700.0,152f8cc9-7213-5fba-8430-8cd9341fa530,suitesparse_all,GHS_indef/helm3d01,helm3d01,32226,32226,428444,2,row-major,N,N,1.0,0.0,20260922,main,pass,pass,0,0,1713776.0,0.02279,0.0180736005306,0.0408636005306,0.0192131005306,94.82205812275451,41.93893777707299,89.19830494149198,0.9775469909562321,0.43236018326879366,0.9195701540359998,AlphaSparse 248af573c867cf4c7e05d40c611c7c34ebac4715,CUDA,13040,13000,2026-10-07T22:26:36.325855+00:00,derived,csr-alg1,0,0,,,,5,20,4,true
3,A100-SXM4-80GB-suitesparse_all-fp64-n2-row-major-AlphaSparse-SpMM-CSR-pre-plus-solve,AlphaSparse-SpMM-CSR-best-pre-plus-solve,AlphaSparseLib CSR PER MATRIX BEST,per-matrix-best,AlphaSparse-SpMM-CSR,best,pre-plus-solve,"csr-alg1,csr-alg2,csr-alg3,csr-alg4,csr-alg5",manual-selection,csr,ALPHASPARSE_SPMM_CSR_ALG1,workspace-setup,spmm.csr.fp64,fp64,A100-SXM4-80GB,A100-SXM4-80GB,,9700.0,a0827285-e98d-55a9-b486-73107367c8f5,suitesparse_all,GHS_indef/k1_san,k1_san,67759,67759,559774,2,row-major,N,N,1.0,0.0,20260922,main,pass,pass,0,0,2239096.0,0.01886,0.011571200192,0.030431200192,0.012514200192,193.5059425856315,73.57895797316044,178.92441911161012,1.994906624594139,0.7585459584861901,1.8445816403258775,AlphaSparse 248af573c867cf4c7e05d40c611c7c34ebac4715,CUDA,13040,13000,2026-10-06T07:05:40.414758+00:00,derived,csr-alg1,0,0,,,,5,20,4,true
3,A100-SXM4-80GB-suitesparse_all-fp64-n2-row-major-AlphaSparse-SpMM-CSR-pre-plus-solve,AlphaSparse-SpMM-CSR-best-pre-plus-solve,AlphaSparseLib CSR PER MATRIX BEST,per-matrix-best,AlphaSparse-SpMM-CSR,best,pre-plus-solve,"csr-alg1,csr-alg2,csr-alg3,csr-alg4,csr-alg5",manual-selection,csr,ALPHASPARSE_SPMM_CSR_ALG1,workspace-setup,spmm.csr.fp64,fp64,A100-SXM4-80GB,A100-SXM4-80GB,,9700.0,dd6a9a30-d69d-5ea7-834e-7b0f3242a57c,suitesparse_all,GHS_indef/laser,laser,3002,3002,9000,2,row-major,N,N,1.0,0.0,20260922,main,pass,pass,0,0,36000.0,0.01689,0.00537599995732,0.0222659999573,0.00622049995732,6.696428624591438,1.6168148777974487,5.787316171851564,0.06903534664527256,0.016668194616468544,0.05966305331805736,AlphaSparse 248af573c867cf4c7e05d40c611c7c34ebac4715,CUDA,13040,13000,2026-10-06T19:51:23.806481+00:00,derived,csr-alg1,0,0,,,,5,20,4,true
3,A100-SXM4-80GB-suitesparse_all-fp64-n2-row-major-AlphaSparse-SpMM-CSR-pre-plus-solve,AlphaSparse-SpMM-CSR-best-pre-plus-solve,AlphaSparseLib CSR PER MATRIX BEST,per-matrix-best,AlphaSparse-SpMM-CSR,best,pre-plus-solve,"csr-alg1,csr-alg2,csr-alg3,csr-alg4,csr-alg5",manual-selection,csr,ALPHASPARSE_SPMM_CSR_ALG1,workspace-setup,spmm.csr.fp64,fp64,A100-SXM4-80GB,A100-SXM4-80GB,,9700.0,dd6a9a30-d69d-5ea7-834e-7b0f3242a57c,suitesparse_all,GHS_indef/linverse,linverse,11999,11999,95977,2,row-major,N,N,1.0,0.0,20260922,main,pass,pass,0,0,383908.0,0.01388,0.00593920014799,0.019819200148,0.00663320014799,64.6396805014099,19.370509260371996,57.876739949771036,0.6663884587774217,0.19969597175641232,0.596667422162588,AlphaSparse 248af573c867cf4c7e05d40c611c7c34ebac4715,CUDA,13040,13000,2026-10-06T19:51:37.808865+00:00,derived,csr-alg1,0,0,,,,5,20,4,true
3,A100-SXM4-80GB-suitesparse_all-fp64-n2-row-major-AlphaSparse-SpMM-CSR-pre-plus-solve,AlphaSparse-SpMM-CSR-best-pre-plus-solve,AlphaSparseLib CSR PER MATRIX BEST,per-matrix-best,AlphaSparse-SpMM-CSR,best,pre-plus-solve,"csr-alg1,csr-alg2,csr-alg3,csr-alg4,csr-alg5",manual-selection,csr,ALPHASPARSE_SPMM_CSR_ALG1,workspace-setup,spmm.csr.fp64,fp64,A100-SXM4-80GB,A100-SXM4-80GB,,9700.0,005fdebf-9ece-5bc0-9d3c-6fda0356699d,suitesparse_all,GHS_indef/mario001,mario001,38434,38434,206156,2,row-major,N,N,1.0,0.0,20260922,main,pass,pass,0,0,824624.0,0.01656,0.00650240033865,0.0230624003386,0.00733040033865,126.81839890701114,35.756208716046366,112.49371956564468,1.3074061742990841,0.36862070841284916,1.1597290676870586,AlphaSparse 248af573c867cf4c7e05d40c611c7c34ebac4715,CUDA,13040,13000,2026-10-08T13:55:09.394589+00:00,derived,csr-alg1,0,0,,,,5,20,4,true
3,A100-SXM4-80GB-suitesparse_all-fp64-n2-row-major-AlphaSparse-SpMM-CSR-pre-plus-solve,AlphaSparse-SpMM-CSR-best-pre-plus-solve,AlphaSparseLib CSR PER MATRIX BEST,per-matrix-best,AlphaSparse-SpMM-CSR,best,pre-plus-solve,"csr-alg1,csr-alg2,csr-alg3,csr-alg4,csr-alg5",manual-selection,csr,ALPHASPARSE_SPMM_CSR_ALG1,workspace-setup,spmm.csr.fp64,fp64,A100-SXM4-80GB,A100-SXM4-80GB,,9700.0,d94c6f41-d28e-5f45-abb9-189a8a3b4f78,suitesparse_all,GHS_indef/mario002,mario002,389874,389874,2101242,2,row-major,N,N,1.0,0.0,20260922,main,pass,pass,0,0,8404968.0,0.01982,0.0506367981434,0.0704567981434,0.0516277981434,165.98537640941865,119.29250578338026,162.79927291600902,1.71118944751978,1.2298196472513427,1.67834301975267,AlphaSparse 248af573c867cf4c7e05d40c611c7c34ebac4715,CUDA,13040,13000,2026-10-06T01:51:39.071539+00:00,derived,csr-alg1,0,0,,,,5,20,4,true
3,A100-SXM4-80GB-suitesparse_all-fp64-n2-row-major-AlphaSparse-SpMM-CSR-pre-plus-solve,AlphaSparse-SpMM-CSR-best-pre-plus-solve,AlphaSparseLib CSR PER MATRIX BEST,per-matrix-best,AlphaSparse-SpMM-CSR,best,pre-plus-solve,"csr-alg1,csr-alg2,csr-alg3,csr-alg4,csr-alg5",manual-selection,csr,ALPHASPARSE_SPMM_CSR_ALG1,workspace-setup,spmm.csr.fp64,fp64,A100-SXM4-80GB,A100-SXM4-80GB,,9700.0,005fdebf-9ece-5bc0-9d3c-6fda0356699d,suitesparse_all,GHS_indef/ncvxbqp1,ncvxbqp1,50000,50000,349968,2,row-major,N,N,1.0,0.0,20260922,main,pass,pass,0,0,1399872.0,0.01601,0.00952320024371,0.0255332002437,0.0103237002437,146.99596398013415,54.82555992351178,135.59789290223404,1.515422309073548,0.5652119579743483,1.397916421672516,AlphaSparse 248af573c867cf4c7e05d40c611c7c34ebac4715,CUDA,13040,13000,2026-10-08T13:55:22.348832+00:00,derived,csr-alg1,0,0,,,,5,20,4,true
3,A100-SXM4-80GB-suitesparse_all-fp64-n2-row-major-AlphaSparse-SpMM-CSR-pre-plus-solve,AlphaSparse-SpMM-CSR-best-pre-plus-solve,AlphaSparseLib CSR PER MATRIX BEST,per-matrix-best,AlphaSparse-SpMM-CSR,best,pre-plus-solve,"csr-alg1,csr-alg2,csr-alg3,csr-alg4,csr-alg5",manual-selection,csr,ALPHASPARSE_SPMM_CSR_ALG1,workspace-setup,spmm.csr.fp64,fp64,A100-SXM4-80GB,A100-SXM4-80GB,,9700.0,018f64fd-81d1-5f6a-986f-7d386c913e5c,suitesparse_all,GHS_indef/ncvxqp1,ncvxqp1,12111,12111,73963,2,row-major,N,N,1.0,0.0,20260922,main,pass,pass,0,0,295852.0,0.01532,0.0104447998106,0.0257647998106,0.0112107998106,28.32529156755613,11.482798320764843,26.389910175745616,0.2920133151294446,0.11837936413159633,0.272060929646862,AlphaSparse 248af573c867cf4c7e05d40c611c7c34ebac4715,CUDA,13040,13000,2026-10-06T20:28:15.569483+00:00,derived,csr-alg1,0,0,,,,5,20,4,true
3,A100-SXM4-80GB-suitesparse_all-fp64-n2-row-major-AlphaSparse-SpMM-CSR-pre-plus-solve,AlphaSparse-SpMM-CSR-best-pre-plus-solve,AlphaSparseLib CSR PER MATRIX BEST,per-matrix-best,AlphaSparse-SpMM-CSR,best,pre-plus-solve,"csr-alg1,csr-alg2,csr-alg3,csr-alg4,csr-alg5",manual-selection,csr,ALPHASPARSE_SPMM_CSR_ALG1,workspace-setup,spmm.csr.fp64,fp64,A100-SXM4-80GB,A100-SXM4-80GB,,9700.0,d94c6f41-d28e-5f45-abb9-189a8a3b4f78,suitesparse_all,GHS_indef/ncvxqp3,ncvxqp3,75000,75000,499964,2,row-major,N,N,1.0,0.0,20260922,main,pass,pass,0,0,1999856.0,0.01622,0.0119808003306,0.0282008003306,0.0127918003306,166.9217368469279,70.91486683198863,156.33890057023714,1.7208426479064731,0.7310811013607076,1.6117412429921356,AlphaSparse 248af573c867cf4c7e05d40c611c7c34ebac4715,CUDA,13040,13000,2026-10-06T01:51:55.783133+00:00,derived,csr-alg1,0,0,,,,5,20,4,true
3,A100-SXM4-80GB-suitesparse_all-fp64-n2-row-major-AlphaSparse-SpMM-CSR-pre-plus-solve,AlphaSparse-SpMM-CSR-best-pre-plus-solve,AlphaSparseLib CSR PER MATRIX BEST,per-matrix-best,AlphaSparse-SpMM-CSR,best,pre-plus-solve,"csr-alg1,csr-alg2,csr-alg3,csr-alg4,csr-alg5",manual-selection,csr,ALPHASPARSE_SPMM_CSR_ALG1,workspace-setup,spmm.csr.fp64,fp64,A100-SXM4-80GB,A100-SXM4-80GB,,9700.0,018f64fd-81d1-5f6a-986f-7d386c913e5c,suitesparse_all,GHS_indef/ncvxqp5,ncvxqp5,62500,62500,424966,2,row-major,N,N,1.0,0.0,20260922,main,pass,pass,0,0,1699864.0,0.01642,0.0135168001056,0.0299368001056,0.0143378001056,125.75935034326265,56.7817533605411,118.55821586856088,1.2964881478686872,0.5853789006241351,1.2222496481294935,AlphaSparse 248af573c867cf4c7e05d40c611c7c34ebac4715,CUDA,13040,13000,2026-10-06T20:28:39.031616+00:00,derived,csr-alg1,0,0,,,,5,20,4,true
3,A100-SXM4-80GB-suitesparse_all-fp64-n2-row-major-AlphaSparse-SpMM-CSR-pre-plus-solve,AlphaSparse-SpMM-CSR-best-pre-plus-solve,AlphaSparseLib CSR PER MATRIX BEST,per-matrix-best,AlphaSparse-SpMM-CSR,best,pre-plus-solve,"csr-alg1,csr-alg2,csr-alg3,csr-alg4,csr-alg5",manual-selection,csr,ALPHASPARSE_SPMM_CSR_ALG1,workspace-setup,spmm.csr.fp64,fp64,A100-SXM4-80GB,A100-SXM4-80GB,,9700.0,752b02ae-c4ef-54eb-ad5c-0957985c94ee,suitesparse_all,GHS_indef/olesnik0,olesnik0,88263,88263,744216,2,row-major,N,N,1.0,0.0,20260922,main,pass,pass,0,0,2976864.0,0.02006,0.0162303999066,0.0362903999066,0.0172333999066,183.41285594506363,82.02896654932174,172.73805610812343,1.890854185000656,0.8456594489620798,1.7808047021456024,AlphaSparse 248af573c867cf4c7e05d40c611c7c34ebac4715,CUDA,13040,13000,2026-10-08T03:34:19.702176+00:00,derived,csr-alg1,0,0,,,,5,20,4,true
3,A100-SXM4-80GB-suitesparse_all-fp64-n2-row-major-AlphaSparse-SpMM-CSR-pre-plus-solve,AlphaSparse-SpMM-CSR-best-pre-plus-solve,AlphaSparseLib CSR PER MATRIX BEST,per-matrix-best,AlphaSparse-SpMM-CSR,best,pre-plus-solve,"csr-alg1,csr-alg2,csr-alg3,csr-alg4,csr-alg5",manual-selection,csr,ALPHASPARSE_SPMM_CSR_ALG1,workspace-setup,spmm.csr.fp64,fp64,A100-SXM4-80GB,A100-SXM4-80GB,,9700.0,152f8cc9-7213-5fba-8430-8cd9341fa530,suitesparse_all,GHS_indef/sit100,sit100,10262,10262,61046,2,row-major,N,N,1.0,0.0,20260922,main,pass,pass,0,0,244184.0,0.02165,0.00808959975839,0.0297395997584,0.00917209975839,30.184929698993876,8.210735920581104,26.622475379930037,0.31118484225766885,0.08464676206784644,0.27445850907144365,AlphaSparse 248af573c867cf4c7e05d40c611c7c34ebac4715,CUDA,13040,13000,2026-10-07T22:26:36.982395+00:00,derived,csr-alg1,0,0,,,,5,20,4,true
3,A100-SXM4-80GB-suitesparse_all-fp64-n2-row-major-AlphaSparse-SpMM-CSR-pre-plus-solve,AlphaSparse-SpMM-CSR-best-pre-plus-solve,AlphaSparseLib CSR PER MATRIX BEST,per-matrix-best,AlphaSparse-SpMM-CSR,best,pre-plus-solve,"csr-alg1,csr-alg2,csr-alg3,csr-alg4,csr-alg5",manual-selection,csr,ALPHASPARSE_SPMM_CSR_ALG1,workspace-setup,spmm.csr.fp64,fp64,A100-SXM4-80GB,A100-SXM4-80GB,,9700.0,752b02ae-c4ef-54eb-ad5c-0957985c94ee,suitesparse_all,GHS_indef/sparsine,sparsine,50000,50000,1548988,2,row-major,N,N,1.0,0.0,20260922,main,pass,pass,0,0,6195952.0,0.01684,0.0489472001791,0.0657872001791,0.0497892001791,126.58440068744962,94.18172506402541,124.4436941688586,1.3049938215200991,0.9709456192167568,1.2829246821531815,AlphaSparse 248af573c867cf4c7e05d40c611c7c34ebac4715,CUDA,13040,13000,2026-10-08T03:35:15.672591+00:00,derived,csr-alg1,0,0,,,,5,20,4,true
3,A100-SXM4-80GB-suitesparse_all-fp64-n2-row-major-AlphaSparse-SpMM-CSR-pre-plus-solve,AlphaSparse-SpMM-CSR-best-pre-plus-solve,AlphaSparseLib CSR PER MATRIX BEST,per-matrix-best,AlphaSparse-SpMM-CSR,best,pre-plus-solve,"csr-alg1,csr-alg2,csr-alg3,csr-alg4,csr-alg5",manual-selection,csr,ALPHASPARSE_SPMM_CSR_ALG1,workspace-setup,spmm.csr.fp64,fp64,A100-SXM4-80GB,A100-SXM4-80GB,,9700.0,152f8cc9-7213-5fba-8430-8cd9341fa530,suitesparse_all,GHS_indef/spmsrtls,spmsrtls,29995,29995,229947,2,row-major,N,N,1.0,0.0,20260922,main,pass,pass,0,0,919788.0,0.01822,0.00824320018291,0.0264632001829,0.00915420018291,111.58142221353867,34.75724756049531,100.47715601819094,1.1503239403457595,0.3583221397989207,1.0358469692597005,AlphaSparse 248af573c867cf4c7e05d40c611c7c34ebac4715,CUDA,13040,13000,2026-10-07T22:26:53.805548+00:00,derived,csr-alg1,0,0,,,,5,20,4,true
3,A100-SXM4-80GB-suitesparse_all-fp64-n2-row-major-AlphaSparse-SpMM-CSR-pre-plus-solve,AlphaSparse-SpMM-CSR-best-pre-plus-solve,AlphaSparseLib CSR PER MATRIX BEST,per-matrix-best,AlphaSparse-SpMM-CSR,best,pre-plus-solve,"csr-alg1,csr-alg2,csr-alg3,csr-alg4,csr-alg5",manual-selection,csr,ALPHASPARSE_SPMM_CSR_ALG1,workspace-setup,spmm.csr.fp64,fp64,A100-SXM4-80GB,A100-SXM4-80GB,,9700.0,a0827285-e98d-55a9-b486-73107367c8f5,suitesparse_all,GHS_indef/stokes128,stokes128,49666,49666,558594,2,row-major,N,N,1.0,0.0,20260922,main,pass,pass,0,0,2234376.0,0.01933,0.00957439988852,0.0289043998885,0.0105408998885,233.36982223596965,77.30227953596007,211.97203499083398,2.4058744560409244,0.7969307168655676,2.185278711245711,AlphaSparse 248af573c867cf4c7e05d40c611c7c34ebac4715,CUDA,13040,13000,2026-10-06T07:05:41.319003+00:00,derived,csr-alg1,0,0,,,,5,20,4,true
3,A100-SXM4-80GB-suitesparse_all-fp64-n2-row-major-AlphaSparse-SpMM-CSR-pre-plus-solve,AlphaSparse-SpMM-CSR-best-pre-plus-solve,AlphaSparseLib CSR PER MATRIX BEST,per-matrix-best,AlphaSparse-SpMM-CSR,best,pre-plus-solve,"csr-alg1,csr-alg2,csr-alg3,csr-alg4,csr-alg5",manual-selection,csr,ALPHASPARSE_SPMM_CSR_ALG1,workspace-setup,spmm.csr.fp64,fp64,A100-SXM4-80GB,A100-SXM4-80GB,,9700.0,dd6a9a30-d69d-5ea7-834e-7b0f3242a57c,suitesparse_all,GHS_indef/stokes64,stokes64,12546,12546,140034,2,row-major,N,N,1.0,0.0,20260922,main,pass,pass,0,0,560136.0,0.01484,0.00855040028691,0.0233904002869,0.00929240028691,65.50991546647526,23.94726012079875,60.27893576528889,0.6753599532626317,0.24687897031751288,0.621432327477205,AlphaSparse 248af573c867cf4c7e05d40c611c7c34ebac4715,CUDA,13040,13000,2026-10-06T19:51:24.582148+00:00,derived,csr-alg1,0,0,,,,5,20,4,true
3,A100-SXM4-80GB-suitesparse_all-fp64-n2-row-major-AlphaSparse-SpMM-CSR-pre-plus-solve,AlphaSparse-SpMM-CSR-best-pre-plus-solve,AlphaSparseLib CSR PER MATRIX BEST,per-matrix-best,AlphaSparse-SpMM-CSR,best,pre-plus-solve,"csr-alg1,csr-alg2,csr-alg3,csr-alg4,csr-alg5",manual-selection,csr,ALPHASPARSE_SPMM_CSR_ALG1,workspace-setup,spmm.csr.fp64,fp64,A100-SXM4-80GB,A100-SXM4-80GB,,9700.0,005fdebf-9ece-5bc0-9d3c-6fda0356699d,suitesparse_all,GHS_indef/stokes64s,stokes64s,12546,12546,140034,2,row-major,N,N,1.0,0.0,20260922,main,pass,pass,0,0,560136.0,0.0145,0.00701439976692,0.0215143997669,0.00773939976692,79.85515776297905,26.035399828433597,72.37460486201422,0.8232490491028768,0.2684061837982845,0.7461299470310745,AlphaSparse 248af573c867cf4c7e05d40c611c7c34ebac4715,CUDA,13040,13000,2026-10-08T13:55:10.115294+00:00,derived,csr-alg1,0,0,,,,5,20,4,true
3,A100-SXM4-80GB-suitesparse_all-fp64-n2-row-major-AlphaSparse-SpMM-CSR-pre-plus-solve,AlphaSparse-SpMM-CSR-best-pre-plus-solve,AlphaSparseLib CSR PER MATRIX BEST,per-matrix-best,AlphaSparse-SpMM-CSR,best,pre-plus-solve,"csr-alg1,csr-alg2,csr-alg3,csr-alg4,csr-alg5",manual-selection,csr,ALPHASPARSE_SPMM_CSR_ALG1,workspace-setup,spmm.csr.fp64,fp64,A100-SXM4-80GB,A100-SXM4-80GB,,9700.0,d94c6f41-d28e-5f45-abb9-189a8a3b4f78,suitesparse_all,GHS_indef/tuma1,tuma1,22967,22967,87760,2,row-major,N,N,1.0,0.0,20260922,main,pass,pass,0,0,351040.0,0.01409,0.00670719966292,0.0207971996629,0.00741169966292,52.33778888985298,16.8791955498806,47.362955322679674,0.5395648339160102,0.174012325256501,0.48827788992453275,AlphaSparse 248af573c867cf4c7e05d40c611c7c34ebac4715,CUDA,13040,13000,2026-10-06T01:51:39.999004+00:00,derived,csr-alg1,0,0,,,,5,20,4,true
3,A100-SXM4-80GB-suitesparse_all-fp64-n2-row-major-AlphaSparse-SpMM-CSR-pre-plus-solve,AlphaSparse-SpMM-CSR-best-pre-plus-solve,AlphaSparseLib CSR PER MATRIX BEST,per-matrix-best,AlphaSparse-SpMM-CSR,best,pre-plus-solve,"csr-alg1,csr-alg2,csr-alg3,csr-alg4,csr-alg5",manual-selection,csr,ALPHASPARSE_SPMM_CSR_ALG1,workspace-setup,spmm.csr.fp64,fp64,A100-SXM4-80GB,A100-SXM4-80GB,,9700.0,018f64fd-81d1-5f6a-986f-7d386c913e5c,suitesparse_all,GHS_indef/tuma2,tuma2,12992,12992,49365,2,row-major,N,N,1.0,0.0,20260922,main,pass,pass,0,0,197460.0,0.01681,0.00614399984479,0.0229539998448,0.00698449984479,32.138672686888576,8.602422293939878,28.27117250883652,0.33132652254524303,0.08868476591690595,0.2914553866890363,AlphaSparse 248af573c867cf4c7e05d40c611c7c34ebac4715,CUDA,13040,13000,2026-10-06T20:28:16.438689+00:00,derived,csr-alg1,0,0,,,,5,20,4,true
3,A100-SXM4-80GB-suitesparse_all-fp64-n2-row-major-AlphaSparse-SpMM-CSR-pre-plus-solve,AlphaSparse-SpMM-CSR-best-pre-plus-solve,AlphaSparseLib CSR PER MATRIX BEST,per-matrix-best,AlphaSparse-SpMM-CSR,best,pre-plus-solve,"csr-alg1,csr-alg2,csr-alg3,csr-alg4,csr-alg5",manual-selection,csr,ALPHASPARSE_SPMM_CSR_ALG1,workspace-setup,spmm.csr.fp64,fp64,A100-SXM4-80GB,A100-SXM4-80GB,,9700.0,a0827285-e98d-55a9-b486-73107367c8f5,suitesparse_all,GHS_psdef/apache1,apache1,80800,80800,542184,2,row-major,N,N,1.0,0.0,20260922,main,pass,pass,0,0,2168736.0,0.01846,0.0120319999754,0.0304919999754,0.0129549999754,180.24734079405624,71.1247540912262,167.4053264467905,1.8582200081861469,0.7332448875384143,1.725828107698871,AlphaSparse 248af573c867cf4c7e05d40c611c7c34ebac4715,CUDA,13040,13000,2026-10-06T07:06:42.194054+00:00,derived,csr-alg1,0,0,,,,5,20,4,true
3,A100-SXM4-80GB-suitesparse_all-fp64-n2-row-major-AlphaSparse-SpMM-CSR-pre-plus-solve,AlphaSparse-SpMM-CSR-best-pre-plus-solve,AlphaSparseLib CSR PER MATRIX BEST,per-matrix-best,AlphaSparse-SpMM-CSR,best,pre-plus-solve,"csr-alg1,csr-alg2,csr-alg3,csr-alg4,csr-alg5",manual-selection,csr,ALPHASPARSE_SPMM_CSR_ALG3,workspace-setup,spmm.csr.fp64,fp64,A100-SXM4-80GB,A100-SXM4-80GB,,9700.0,dd6a9a30-d69d-5ea7-834e-7b0f3242a57c,suitesparse_all,GHS_psdef/apache2,apache2,715176,715176,4817870,2,row-major,N,N,1.0,0.0,20260922,main,pass,pass,0,0,19271480.0,0.21062,0.187801599503,0.398421599503,0.198332599503,102.61616541605736,48.36956636899123,97.16748556864701,1.0578986125366738,0.4986553233916622,1.0017266553468764,AlphaSparse 248af573c867cf4c7e05d40c611c7c34ebac4715,CUDA,13040,13000,2026-10-06T21:08:28.626513+00:00,derived,csr-alg3,0,0,,,,5,20,4,true
3,A100-SXM4-80GB-suitesparse_all-fp64-n2-row-major-AlphaSparse-SpMM-CSR-pre-plus-solve,AlphaSparse-SpMM-CSR-best-pre-plus-solve,AlphaSparseLib CSR PER MATRIX BEST,per-matrix-best,AlphaSparse-SpMM-CSR,best,pre-plus-solve,"csr-alg1,csr-alg2,csr-alg3,csr-alg4,csr-alg5",manual-selection,csr,ALPHASPARSE_SPMM_CSR_ALG1,workspace-setup,spmm.csr.fp64,fp64,A100-SXM4-80GB,A100-SXM4-80GB,,9700.0,752b02ae-c4ef-54eb-ad5c-0957985c94ee,suitesparse_all,GHS_psdef/audikw_1,audikw_1,943695,943695,77651847,2,row-major,N,N,1.0,0.0,20260922,main,pass,pass,0,0,310607388.0,0.36651,1.40006399155,1.76657399155,1.41838949155,221.8522795205446,175.82472598697757,218.98596249509137,2.2871369022736556,1.8126260411028616,2.257587242217437,AlphaSparse 248af573c867cf4c7e05d40c611c7c34ebac4715,CUDA,13040,13000,2026-10-08T03:34:49.518579+00:00,derived,csr-alg1,0,0,,,,5,20,4,true
3,A100-SXM4-80GB-suitesparse_all-fp64-n2-row-major-AlphaSparse-SpMM-CSR-pre-plus-solve,AlphaSparse-SpMM-CSR-best-pre-plus-solve,AlphaSparseLib CSR PER MATRIX BEST,per-matrix-best,AlphaSparse-SpMM-CSR,best,pre-plus-solve,"csr-alg1,csr-alg2,csr-alg3,csr-alg4,csr-alg5",manual-selection,csr,ALPHASPARSE_SPMM_CSR_ALG5,workspace-setup,spmm.csr.fp64,fp64,A100-SXM4-80GB,A100-SXM4-80GB,,9700.0,152f8cc9-7213-5fba-8430-8cd9341fa530,suitesparse_all,GHS_psdef/bmw7st_1,bmw7st_1,141347,141347,7339667,2,row-major,N,N,1.0,0.0,20260922,main,pass,pass,0,0,29358668.0,0.05173,0.196505594254,0.248235594254,0.199092094254,149.40372619647385,118.26937264266614,147.46275139656956,1.540244599963648,1.2192718829140838,1.5202345504800985,AlphaSparse 248af573c867cf4c7e05d40c611c7c34ebac4715,CUDA,13040,13000,2026-10-08T02:21:05.397241+00:00,derived,csr-alg5,0,0,,,,5,20,4,true
3,A100-SXM4-80GB-suitesparse_all-fp64-n2-row-major-AlphaSparse-SpMM-CSR-pre-plus-solve,AlphaSparse-SpMM-CSR-best-pre-plus-solve,AlphaSparseLib CSR PER MATRIX BEST,per-matrix-best,AlphaSparse-SpMM-CSR,best,pre-plus-solve,"csr-alg1,csr-alg2,csr-alg3,csr-alg4,csr-alg5",manual-selection,csr,ALPHASPARSE_SPMM_CSR_ALG5,workspace-setup,spmm.csr.fp64,fp64,A100-SXM4-80GB,A100-SXM4-80GB,,9700.0,a0827285-e98d-55a9-b486-73107367c8f5,suitesparse_all,GHS_psdef/bmwcra_1,bmwcra_1,148770,148770,10644002,2,row-major,N,N,1.0,0.0,20260922,main,pass,pass,0,0,42576008.0,0.048111,0.287692809105,0.335803809105,0.290098359105,147.99121372707276,126.7883414231529,146.76404282793538,1.5256826157430181,1.3070963033314733,1.5130313693601585,AlphaSparse 248af573c867cf4c7e05d40c611c7c34ebac4715,CUDA,13040,13000,2026-10-06T08:58:18.226882+00:00,derived,csr-alg5,0,0,,,,5,20,4,true
3,A100-SXM4-80GB-suitesparse_all-fp64-n2-row-major-AlphaSparse-SpMM-CSR-pre-plus-solve,AlphaSparse-SpMM-CSR-best-pre-plus-solve,AlphaSparseLib CSR PER MATRIX BEST,per-matrix-best,AlphaSparse-SpMM-CSR,best,pre-plus-solve,"csr-alg1,csr-alg2,csr-alg3,csr-alg4,csr-alg5",manual-selection,csr,ALPHASPARSE_SPMM_CSR_ALG1,workspace-setup,spmm.csr.fp64,fp64,A100-SXM4-80GB,A100-SXM4-80GB,,9700.0,dd6a9a30-d69d-5ea7-834e-7b0f3242a57c,suitesparse_all,GHS_psdef/copter1,copter1,17222,17222,211064,2,row-major,N,N,1.0,0.0,20260922,main,pass,pass,0,0,844256.0,0.01886,0.0107519999146,0.0296119999146,0.0116949999146,78.52083395700143,28.510603891490124,72.1894832120549,0.8094931335773343,0.29392375145866106,0.7442214764129371,AlphaSparse 248af573c867cf4c7e05d40c611c7c34ebac4715,CUDA,13040,13000,2026-10-06T19:51:25.462744+00:00,derived,csr-alg1,0,0,,,,5,20,4,true
3,A100-SXM4-80GB-suitesparse_all-fp64-n2-row-major-AlphaSparse-SpMM-CSR-pre-plus-solve,AlphaSparse-SpMM-CSR-best-pre-plus-solve,AlphaSparseLib CSR PER MATRIX BEST,per-matrix-best,AlphaSparse-SpMM-CSR,best,pre-plus-solve,"csr-alg1,csr-alg2,csr-alg3,csr-alg4,csr-alg5",manual-selection,csr,ALPHASPARSE_SPMM_CSR_ALG1,workspace-setup,spmm.csr.fp64,fp64,A100-SXM4-80GB,A100-SXM4-80GB,,9700.0,005fdebf-9ece-5bc0-9d3c-6fda0356699d,suitesparse_all,GHS_psdef/copter2,copter2,55476,55476,759952,2,row-major,N,N,1.0,0.0,20260922,main,pass,pass,0,0,3039808.0,0.01511,0.0190975993872,0.0342075993872,0.0198530993872,159.17225711821166,88.86352899518151,153.11503462073395,1.6409511043114604,0.9161188556204279,1.5785055115539584,AlphaSparse 248af573c867cf4c7e05d40c611c7c34ebac4715,CUDA,13040,13000,2026-10-08T13:55:11.137216+00:00,derived,csr-alg1,0,0,,,,5,20,4,true
3,A100-SXM4-80GB-suitesparse_all-fp64-n2-row-major-AlphaSparse-SpMM-CSR-pre-plus-solve,AlphaSparse-SpMM-CSR-best-pre-plus-solve,AlphaSparseLib CSR PER MATRIX BEST,per-matrix-best,AlphaSparse-SpMM-CSR,best,pre-plus-solve,"csr-alg1,csr-alg2,csr-alg3,csr-alg4,csr-alg5",manual-selection,csr,ALPHASPARSE_SPMM_CSR_ALG5,workspace-setup,spmm.csr.fp64,fp64,A100-SXM4-80GB,A100-SXM4-80GB,,9700.0,d94c6f41-d28e-5f45-abb9-189a8a3b4f78,suitesparse_all,GHS_psdef/crankseg_1,crankseg_1,52804,52804,10614210,2,row-major,N,N,1.0,0.0,20260922,main,pass,pass,0,0,42456840.0,0.04101,0.331622409821,0.372632409821,0.333672909821,128.02765658363361,113.9375934057771,127.2408959503968,1.3198727482848827,1.1746143650080114,1.3117618139216165,AlphaSparse 248af573c867cf4c7e05d40c611c7c34ebac4715,CUDA,13040,13000,2026-10-06T03:34:29.556406+00:00,derived,csr-alg5,0,0,,,,5,20,4,true
3,A100-SXM4-80GB-suitesparse_all-fp64-n2-row-major-AlphaSparse-SpMM-CSR-pre-plus-solve,AlphaSparse-SpMM-CSR-best-pre-plus-solve,AlphaSparseLib CSR PER MATRIX BEST,per-matrix-best,AlphaSparse-SpMM-CSR,best,pre-plus-solve,"csr-alg1,csr-alg2,csr-alg3,csr-alg4,csr-alg5",manual-selection,csr,ALPHASPARSE_SPMM_CSR_ALG5,workspace-setup,spmm.csr.fp64,fp64,A100-SXM4-80GB,A100-SXM4-80GB,,9700.0,018f64fd-81d1-5f6a-986f-7d386c913e5c,suitesparse_all,GHS_psdef/crankseg_2,crankseg_2,63838,63838,14148858,2,row-major,N,N,1.0,0.0,20260922,main,pass,pass,0,0,56595432.0,0.03552,0.446259212494,0.481779212494,0.448035212494,126.82187933713733,117.47171843929407,126.31916068596486,1.3074420550220343,1.2110486437040626,1.3022593885151015,AlphaSparse 248af573c867cf4c7e05d40c611c7c34ebac4715,CUDA,13040,13000,2026-10-06T23:08:52.384676+00:00,derived,csr-alg5,0,0,,,,5,20,4,true
3,A100-SXM4-80GB-suitesparse_all-fp64-n2-row-major-AlphaSparse-SpMM-CSR-pre-plus-solve,AlphaSparse-SpMM-CSR-best-pre-plus-solve,AlphaSparseLib CSR PER MATRIX BEST,per-matrix-best,AlphaSparse-SpMM-CSR,best,pre-plus-solve,"csr-alg1,csr-alg2,csr-alg3,csr-alg4,csr-alg5",manual-selection,csr,ALPHASPARSE_SPMM_CSR_ALG1,workspace-setup,spmm.csr.fp64,fp64,A100-SXM4-80GB,A100-SXM4-80GB,,9700.0,a0827285-e98d-55a9-b486-73107367c8f5,suitesparse_all,GHS_psdef/cvxbqp1,cvxbqp1,50000,50000,349968,2,row-major,N,N,1.0,0.0,20260922,main,pass,pass,0,0,1399872.0,0.02094,0.0116223998368,0.0325623998368,0.0126693998368,120.44603693357597,42.99044318035649,110.49236885980034,1.2417117209647006,0.4432004451583144,1.1390965861835087,AlphaSparse 248af573c867cf4c7e05d40c611c7c34ebac4715,CUDA,13040,13000,2026-10-06T07:06:03.451892+00:00,derived,csr-alg1,0,0,,,,5,20,4,true
3,A100-SXM4-80GB-suitesparse_all-fp64-n2-row-major-AlphaSparse-SpMM-CSR-pre-plus-solve,AlphaSparse-SpMM-CSR-best-pre-plus-solve,AlphaSparseLib CSR PER MATRIX BEST,per-matrix-best,AlphaSparse-SpMM-CSR,best,pre-plus-solve,"csr-alg1,csr-alg2,csr-alg3,csr-alg4,csr-alg5",manual-selection,csr,ALPHASPARSE_SPMM_CSR_ALG1,workspace-setup,spmm.csr.fp64,fp64,A100-SXM4-80GB,A100-SXM4-80GB,,9700.0,152f8cc9-7213-5fba-8430-8cd9341fa530,suitesparse_all,GHS_psdef/finance256,finance256,37376,37376,298496,2,row-major,N,N,1.0,0.0,20260922,main,pass,pass,0,0,1193984.0,0.02307,0.0192512005568,0.0423212005568,0.0204047005568,62.02127480191126,28.21243216854243,58.51514442352829,0.639394585586714,0.29084981617054056,0.6032489115827658,AlphaSparse 248af573c867cf4c7e05d40c611c7c34ebac4715,CUDA,13040,13000,2026-10-07T22:26:41.178753+00:00,derived,csr-alg1,0,0,,,,5,20,4,true
3,A100-SXM4-80GB-suitesparse_all-fp64-n2-row-major-AlphaSparse-SpMM-CSR-pre-plus-solve,AlphaSparse-SpMM-CSR-best-pre-plus-solve,AlphaSparseLib CSR PER MATRIX BEST,per-matrix-best,AlphaSparse-SpMM-CSR,best,pre-plus-solve,"csr-alg1,csr-alg2,csr-alg3,csr-alg4,csr-alg5",manual-selection,csr,ALPHASPARSE_SPMM_CSR_ALG1,workspace-setup,spmm.csr.fp64,fp64,A100-SXM4-80GB,A100-SXM4-80GB,,9700.0,a0827285-e98d-55a9-b486-73107367c8f5,suitesparse_all,GHS_psdef/ford1,ford1,18728,18728,101576,2,row-major,N,N,1.0,0.0,20260922,main,pass,pass,0,0,406304.0,0.016549,0.00814080014825,0.0246898001482,0.00896825014825,49.909590286077936,16.456350296931078,45.30471310273201,0.5145318586193601,0.1696530958446503,0.46705889796630934,AlphaSparse 248af573c867cf4c7e05d40c611c7c34ebac4715,CUDA,13040,13000,2026-10-06T07:05:48.001477+00:00,derived,csr-alg1,0,0,,,,5,20,4,true
3,A100-SXM4-80GB-suitesparse_all-fp64-n2-row-major-AlphaSparse-SpMM-CSR-pre-plus-solve,AlphaSparse-SpMM-CSR-best-pre-plus-solve,AlphaSparseLib CSR PER MATRIX BEST,per-matrix-best,AlphaSparse-SpMM-CSR,best,pre-plus-solve,"csr-alg1,csr-alg2,csr-alg3,csr-alg4,csr-alg5",manual-selection,csr,ALPHASPARSE_SPMM_CSR_ALG1,workspace-setup,spmm.csr.fp64,fp64,A100-SXM4-80GB,A100-SXM4-80GB,,9700.0,dd6a9a30-d69d-5ea7-834e-7b0f3242a57c,suitesparse_all,GHS_psdef/ford2,ford2,100196,100196,544688,2,row-major,N,N,1.0,0.0,20260922,main,pass,pass,0,0,2178752.0,0.01885,0.0187391996384,0.0375891996384,0.0196816996384,116.26707874627388,57.96218118393381,110.69938267674523,1.1986296777966379,0.5975482596281836,1.1412307492447962,AlphaSparse 248af573c867cf4c7e05d40c611c7c34ebac4715,CUDA,13040,13000,2026-10-06T19:51:26.555084+00:00,derived,csr-alg1,0,0,,,,5,20,4,true
3,A100-SXM4-80GB-suitesparse_all-fp64-n2-row-major-AlphaSparse-SpMM-CSR-pre-plus-solve,AlphaSparse-SpMM-CSR-best-pre-plus-solve,AlphaSparseLib CSR PER MATRIX BEST,per-matrix-best,AlphaSparse-SpMM-CSR,best,pre-plus-solve,"csr-alg1,csr-alg2,csr-alg3,csr-alg4,csr-alg5",manual-selection,csr,ALPHASPARSE_SPMM_CSR_ALG1,workspace-setup,spmm.csr.fp64,fp64,A100-SXM4-80GB,A100-SXM4-80GB,,9700.0,dd6a9a30-d69d-5ea7-834e-7b0f3242a57c,suitesparse_all,GHS_psdef/gridgena,gridgena,48962,48962,512084,2,row-major,N,N,1.0,0.0,20260922,main,pass,pass,0,0,2048336.0,0.01537,0.0103936001658,0.0257636001658,0.0111621001658,197.07665941778495,79.50503760414169,183.50811850586842,2.03171813832768,0.8196395629292959,1.8918362732563754,AlphaSparse 248af573c867cf4c7e05d40c611c7c34ebac4715,CUDA,13040,13000,2026-10-06T19:51:39.660916+00:00,derived,csr-alg1,0,0,,,,5,20,4,true
3,A100-SXM4-80GB-suitesparse_all-fp64-n2-row-major-AlphaSparse-SpMM-CSR-pre-plus-solve,AlphaSparse-SpMM-CSR-best-pre-plus-solve,AlphaSparseLib CSR PER MATRIX BEST,per-matrix-best,AlphaSparse-SpMM-CSR,best,pre-plus-solve,"csr-alg1,csr-alg2,csr-alg3,csr-alg4,csr-alg5",manual-selection,csr,ALPHASPARSE_SPMM_CSR_ALG1,workspace-setup,spmm.csr.fp64,fp64,A100-SXM4-80GB,A100-SXM4-80GB,,9700.0,018f64fd-81d1-5f6a-986f-7d386c913e5c,suitesparse_all,GHS_psdef/hood,hood,220542,220542,10768436,2,row-major,N,N,1.0,0.0,20260922,main,pass,pass,0,0,43073744.0,0.04257,0.195481598377,0.238051598377,0.197610098377,220.34679661729214,180.94288924615634,217.97339485062162,2.271616459972084,1.865390610785117,2.2471484005218723,AlphaSparse 248af573c867cf4c7e05d40c611c7c34ebac4715,CUDA,13040,13000,2026-10-06T20:28:28.204792+00:00,derived,csr-alg1,0,0,,,,5,20,4,true
3,A100-SXM4-80GB-suitesparse_all-fp64-n2-row-major-AlphaSparse-SpMM-CSR-pre-plus-solve,AlphaSparse-SpMM-CSR-best-pre-plus-solve,AlphaSparseLib CSR PER MATRIX BEST,per-matrix-best,AlphaSparse-SpMM-CSR,best,pre-plus-solve,"csr-alg1,csr-alg2,csr-alg3,csr-alg4,csr-alg5",manual-selection,csr,ALPHASPARSE_SPMM_CSR_ALG1,workspace-setup,spmm.csr.fp64,fp64,A100-SXM4-80GB,A100-SXM4-80GB,,9700.0,005fdebf-9ece-5bc0-9d3c-6fda0356699d,suitesparse_all,GHS_psdef/jnlbrng1,jnlbrng1,40000,40000,199200,2,row-major,N,N,1.0,0.0,20260922,main,pass,pass,0,0,796800.0,0.01475,0.00609279982746,0.0208427998275,0.00683029982746,130.77731462780952,38.229029045737974,116.65666517253138,1.348219738431026,0.39411370150245334,1.202646032706509,AlphaSparse 248af573c867cf4c7e05d40c611c7c34ebac4715,CUDA,13040,13000,2026-10-08T13:55:23.078275+00:00,derived,csr-alg1,0,0,,,,5,20,4,true
3,A100-SXM4-80GB-suitesparse_all-fp64-n2-row-major-AlphaSparse-SpMM-CSR-pre-plus-solve,AlphaSparse-SpMM-CSR-best-pre-plus-solve,AlphaSparseLib CSR PER MATRIX BEST,per-matrix-best,AlphaSparse-SpMM-CSR,best,pre-plus-solve,"csr-alg1,csr-alg2,csr-alg3,csr-alg4,csr-alg5",manual-selection,csr,ALPHASPARSE_SPMM_CSR_ALG1,workspace-setup,spmm.csr.fp64,fp64,A100-SXM4-80GB,A100-SXM4-80GB,,9700.0,752b02ae-c4ef-54eb-ad5c-0957985c94ee,suitesparse_all,GHS_psdef/ldoor,ldoor,952203,952203,46522475,2,row-major,N,N,1.0,0.0,20260922,main,pass,pass,0,0,186089900.0,0.44741,0.774758386612,1.22216838661,0.797128886612,240.19088171961158,152.2620794636723,233.4502025022946,2.4761946569032123,1.5697121594193022,2.4067031185803565,AlphaSparse 248af573c867cf4c7e05d40c611c7c34ebac4715,CUDA,13040,13000,2026-10-08T03:35:09.266117+00:00,derived,csr-alg1,0,0,,,,5,20,4,true
3,A100-SXM4-80GB-suitesparse_all-fp64-n2-row-major-AlphaSparse-SpMM-CSR-pre-plus-solve,AlphaSparse-SpMM-CSR-best-pre-plus-solve,AlphaSparseLib CSR PER MATRIX BEST,per-matrix-best,AlphaSparse-SpMM-CSR,best,pre-plus-solve,"csr-alg1,csr-alg2,csr-alg3,csr-alg4,csr-alg5",manual-selection,csr,ALPHASPARSE_SPMM_CSR_ALG1,workspace-setup,spmm.csr.fp64,fp64,A100-SXM4-80GB,A100-SXM4-80GB,,9700.0,d94c6f41-d28e-5f45-abb9-189a8a3b4f78,suitesparse_all,GHS_psdef/minsurfo,minsurfo,40806,40806,203622,2,row-major,N,N,1.0,0.0,20260922,main,pass,pass,0,0,814488.0,0.01435,0.00895999968052,0.0233099996805,0.00967749968052,90.90268181267733,34.94157062049901,84.16306141962437,0.9371410496152301,0.3602223775309176,0.8676604270064368,AlphaSparse 248af573c867cf4c7e05d40c611c7c34ebac4715,CUDA,13040,13000,2026-10-06T01:51:56.492756+00:00,derived,csr-alg1,0,0,,,,5,20,4,true
3,A100-SXM4-80GB-suitesparse_all-fp64-n2-row-major-AlphaSparse-SpMM-CSR-pre-plus-solve,AlphaSparse-SpMM-CSR-best-pre-plus-solve,AlphaSparseLib CSR PER MATRIX BEST,per-matrix-best,AlphaSparse-SpMM-CSR,best,pre-plus-solve,"csr-alg1,csr-alg2,csr-alg3,csr-alg4,csr-alg5",manual-selection,csr,ALPHASPARSE_SPMM_CSR_ALG1,workspace-setup,spmm.csr.fp64,fp64,A100-SXM4-80GB,A100-SXM4-80GB,,9700.0,018f64fd-81d1-5f6a-986f-7d386c913e5c,suitesparse_all,GHS_psdef/obstclae,obstclae,40000,40000,197608,2,row-major,N,N,1.0,0.0,20260922,main,pass,pass,0,0,790432.0,0.01578,0.00737280026078,0.0231528002608,0.00816180026078,107.20919759684048,34.13980128089647,96.84530063768807,1.1052494597612421,0.3519567142360461,0.9984051612132792,AlphaSparse 248af573c867cf4c7e05d40c611c7c34ebac4715,CUDA,13040,13000,2026-10-06T20:28:40.281815+00:00,derived,csr-alg1,0,0,,,,5,20,4,true
3,A100-SXM4-80GB-suitesparse_all-fp64-n2-row-major-AlphaSparse-SpMM-CSR-pre-plus-solve,AlphaSparse-SpMM-CSR-best-pre-plus-solve,AlphaSparseLib CSR PER MATRIX BEST,per-matrix-best,AlphaSparse-SpMM-CSR,best,pre-plus-solve,"csr-alg1,csr-alg2,csr-alg3,csr-alg4,csr-alg5",manual-selection,csr,ALPHASPARSE_SPMM_CSR_ALG1,workspace-setup,spmm.csr.fp64,fp64,A100-SXM4-80GB,A100-SXM4-80GB,,9700.0,a0827285-e98d-55a9-b486-73107367c8f5,suitesparse_all,GHS_psdef/oilpan,oilpan,73752,73752,3597188,2,row-major,N,N,1.0,0.0,20260922,main,pass,pass,0,0,14388752.0,0.02355,0.0841727972031,0.107722797203,0.0853502972031,170.94301814969356,133.57202350478218,168.5846736509945,1.7622991561824077,1.3770311701523936,1.7379863262989121,AlphaSparse 248af573c867cf4c7e05d40c611c7c34ebac4715,CUDA,13040,13000,2026-10-06T07:05:50.974014+00:00,derived,csr-alg1,0,0,,,,5,20,4,true
3,A100-SXM4-80GB-suitesparse_all-fp64-n2-row-major-AlphaSparse-SpMM-CSR-pre-plus-solve,AlphaSparse-SpMM-CSR-best-pre-plus-solve,AlphaSparseLib CSR PER MATRIX BEST,per-matrix-best,AlphaSparse-SpMM-CSR,best,pre-plus-solve,"csr-alg1,csr-alg2,csr-alg3,csr-alg4,csr-alg5",manual-selection,csr,ALPHASPARSE_SPMM_CSR_ALG5,workspace-setup,spmm.csr.fp64,fp64,A100-SXM4-80GB,A100-SXM4-80GB,,9700.0,dd6a9a30-d69d-5ea7-834e-7b0f3242a57c,suitesparse_all,GHS_psdef/opt1,opt1,15449,15449,1930655,2,row-major,N,N,1.0,0.0,20260922,main,pass,pass,0,0,7722620.0,0.01574,0.0554495990276,0.0711895990276,0.0562365990276,139.27278349039227,108.47961086290096,137.32373816222182,1.4358018916535285,1.118346503741247,1.4157086408476476,AlphaSparse 248af573c867cf4c7e05d40c611c7c34ebac4715,CUDA,13040,13000,2026-10-06T22:22:15.623443+00:00,derived,csr-alg5,0,0,,,,5,20,4,true
3,A100-SXM4-80GB-suitesparse_all-fp64-n2-row-major-AlphaSparse-SpMM-CSR-pre-plus-solve,AlphaSparse-SpMM-CSR-best-pre-plus-solve,AlphaSparseLib CSR PER MATRIX BEST,per-matrix-best,AlphaSparse-SpMM-CSR,best,pre-plus-solve,"csr-alg1,csr-alg2,csr-alg3,csr-alg4,csr-alg5",manual-selection,csr,ALPHASPARSE_SPMM_CSR_ALG5,workspace-setup,spmm.csr.fp64,fp64,A100-SXM4-80GB,A100-SXM4-80GB,,9700.0,005fdebf-9ece-5bc0-9d3c-6fda0356699d,suitesparse_all,GHS_psdef/pds10,pds10,16558,16558,149658,2,row-major,N,N,1.0,0.0,20260922,main,pass,pass,0,0,598632.0,0.01425,0.0161791995168,0.0304291995168,0.0168916995168,37.00009999743178,19.672946035583173,35.43941800554868,0.38144432987043075,0.20281387665549663,0.36535482479947096,AlphaSparse 248af573c867cf4c7e05d40c611c7c34ebac4715,CUDA,13040,13000,2026-10-08T15:32:50.709301+00:00,derived,csr-alg5,0,0,,,,5,20,4,true
3,A100-SXM4-80GB-suitesparse_all-fp64-n2-row-major-AlphaSparse-SpMM-CSR-pre-plus-solve,AlphaSparse-SpMM-CSR-best-pre-plus-solve,AlphaSparseLib CSR PER MATRIX BEST,per-matrix-best,AlphaSparse-SpMM-CSR,best,pre-plus-solve,"csr-alg1,csr-alg2,csr-alg3,csr-alg4,csr-alg5",manual-selection,csr,ALPHASPARSE_SPMM_CSR_ALG1,workspace-setup,spmm.csr.fp64,fp64,A100-SXM4-80GB,A100-SXM4-80GB,,9700.0,d94c6f41-d28e-5f45-abb9-189a8a3b4f78,suitesparse_all,GHS_psdef/pwt,pwt,36519,36519,326107,2,row-major,N,N,1.0,0.0,20260922,main,pass,pass,0,0,1304428.0,0.020349,0.0104447998106,0.0307937998106,0.0114622498106,124.88779331856504,42.36008573229027,113.8020913480439,1.2875030239027325,0.4367019147658791,1.173217436577772,AlphaSparse 248af573c867cf4c7e05d40c611c7c34ebac4715,CUDA,13040,13000,2026-10-06T01:51:48.780509+00:00,derived,csr-alg1,0,0,,,,5,20,4,true
3,A100-SXM4-80GB-suitesparse_all-fp64-n2-row-major-AlphaSparse-SpMM-CSR-pre-plus-solve,AlphaSparse-SpMM-CSR-best-pre-plus-solve,AlphaSparseLib CSR PER MATRIX BEST,per-matrix-best,AlphaSparse-SpMM-CSR,best,pre-plus-solve,"csr-alg1,csr-alg2,csr-alg3,csr-alg4,csr-alg5",manual-selection,csr,ALPHASPARSE_SPMM_CSR_ALG5,workspace-setup,spmm.csr.fp64,fp64,A100-SXM4-80GB,A100-SXM4-80GB,,9700.0,018f64fd-81d1-5f6a-986f-7d386c913e5c,suitesparse_all,GHS_psdef/ramage02,ramage02,16830,16830,2866352,2,row-major,N,N,1.0,0.0,20260922,main,pass,pass,0,0,11465408.0,0.0157,0.0965120017529,0.112212001753,0.0972970017529,118.79774320042519,102.17630753292813,117.83927349701982,1.224719002066239,1.0533639951848262,1.2148378711032972,AlphaSparse 248af573c867cf4c7e05d40c611c7c34ebac4715,CUDA,13040,13000,2026-10-06T23:08:58.771980+00:00,derived,csr-alg5,0,0,,,,5,20,4,true
3,A100-SXM4-80GB-suitesparse_all-fp64-n2-row-major-AlphaSparse-SpMM-CSR-pre-plus-solve,AlphaSparse-SpMM-CSR-best-pre-plus-solve,AlphaSparseLib CSR PER MATRIX BEST,per-matrix-best,AlphaSparse-SpMM-CSR,best,pre-plus-solve,"csr-alg1,csr-alg2,csr-alg3,csr-alg4,csr-alg5",manual-selection,csr,ALPHASPARSE_SPMM_CSR_ALG1,workspace-setup,spmm.csr.fp64,fp64,A100-SXM4-80GB,A100-SXM4-80GB,,9700.0,752b02ae-c4ef-54eb-ad5c-0957985c94ee,suitesparse_all,GHS_psdef/s3dkt3m2,s3dkt3m2,90449,90449,3753461,2,row-major,N,N,1.0,0.0,20260922,main,pass,pass,0,0,15013844.0,0.01944,0.0662015974522,0.0856415974522,0.0671735974522,226.78975399106568,175.31018157828998,223.50811285168533,2.3380387009388217,1.8073214595699998,2.3042073489864467,AlphaSparse 248af573c867cf4c7e05d40c611c7c34ebac4715,CUDA,13040,13000,2026-10-08T03:35:11.372546+00:00,derived,csr-alg1,0,0,,,,5,20,4,true
3,A100-SXM4-80GB-suitesparse_all-fp64-n2-row-major-AlphaSparse-SpMM-CSR-pre-plus-solve,AlphaSparse-SpMM-CSR-best-pre-plus-solve,AlphaSparseLib CSR PER MATRIX BEST,per-matrix-best,AlphaSparse-SpMM-CSR,best,pre-plus-solve,"csr-alg1,csr-alg2,csr-alg3,csr-alg4,csr-alg5",manual-selection,csr,ALPHASPARSE_SPMM_CSR_ALG5,workspace-setup,spmm.csr.fp64,fp64,A100-SXM4-80GB,A100-SXM4-80GB,,9700.0,018f64fd-81d1-5f6a-986f-7d386c913e5c,suitesparse_all,GHS_psdef/srb1,srb1,54924,54924,2962152,2,row-major,N,N,1.0,0.0,20260922,main,pass,pass,0,0,11848608.0,0.014529,0.0840704023838,0.0985994023838,0.0847968523838,140.93673473701816,120.16916648114228,139.72933743309105,1.452956028216682,1.2388573864035288,1.4405086333308357,AlphaSparse 248af573c867cf4c7e05d40c611c7c34ebac4715,CUDA,13040,13000,2026-10-06T23:09:00.009825+00:00,derived,csr-alg5,0,0,,,,5,20,4,true
3,A100-SXM4-80GB-suitesparse_all-fp64-n2-row-major-AlphaSparse-SpMM-CSR-pre-plus-solve,AlphaSparse-SpMM-CSR-best-pre-plus-solve,AlphaSparseLib CSR PER MATRIX BEST,per-matrix-best,AlphaSparse-SpMM-CSR,best,pre-plus-solve,"csr-alg1,csr-alg2,csr-alg3,csr-alg4,csr-alg5",manual-selection,csr,ALPHASPARSE_SPMM_CSR_ALG5,workspace-setup,spmm.csr.fp64,fp64,A100-SXM4-80GB,A100-SXM4-80GB,,9700.0,dd6a9a30-d69d-5ea7-834e-7b0f3242a57c,suitesparse_all,GHS_psdef/vanbody,vanbody,47072,47072,2336898,2,row-major,N,N,1.0,0.0,20260922,main,pass,pass,0,0,9347592.0,0.01351,0.0651776015759,0.0786876015759,0.0658531015759,143.41724417574085,118.79370844698524,141.9461160720925,1.478528290471555,1.2246774066699508,1.4633620213617784,AlphaSparse 248af573c867cf4c7e05d40c611c7c34ebac4715,CUDA,13040,13000,2026-10-06T22:22:20.592569+00:00,derived,csr-alg5,0,0,,,,5,20,4,true
3,A100-SXM4-80GB-suitesparse_all-fp64-n2-row-major-AlphaSparse-SpMM-CSR-pre-plus-solve,AlphaSparse-SpMM-CSR-best-pre-plus-solve,AlphaSparseLib CSR PER MATRIX BEST,per-matrix-best,AlphaSparse-SpMM-CSR,best,pre-plus-solve,"csr-alg1,csr-alg2,csr-alg3,csr-alg4,csr-alg5",manual-selection,csr,ALPHASPARSE_SPMM_CSR_ALG1,workspace-setup,spmm.csr.fp64,fp64,A100-SXM4-80GB,A100-SXM4-80GB,,9700.0,005fdebf-9ece-5bc0-9d3c-6fda0356699d,suitesparse_all,GHS_psdef/wathen100,wathen100,30401,30401,471601,2,row-major,N,N,1.0,0.0,20260922,main,pass,pass,0,0,1886404.0,0.01351,0.0124927997589,0.0260027997589,0.0131682997589,150.9992985084153,72.5461880063257,143.25342181894396,1.5566937990558278,0.7478988454260382,1.4768394001952985,AlphaSparse 248af573c867cf4c7e05d40c611c7c34ebac4715,CUDA,13040,13000,2026-10-08T13:55:19.870457+00:00,derived,csr-alg1,0,0,,,,5,20,4,true
3,A100-SXM4-80GB-suitesparse_all-fp64-n2-row-major-AlphaSparse-SpMM-CSR-pre-plus-solve,AlphaSparse-SpMM-CSR-best-pre-plus-solve,AlphaSparseLib CSR PER MATRIX BEST,per-matrix-best,AlphaSparse-SpMM-CSR,best,pre-plus-solve,"csr-alg1,csr-alg2,csr-alg3,csr-alg4,csr-alg5",manual-selection,csr,ALPHASPARSE_SPMM_CSR_ALG1,workspace-setup,spmm.csr.fp64,fp64,A100-SXM4-80GB,A100-SXM4-80GB,,9700.0,d94c6f41-d28e-5f45-abb9-189a8a3b4f78,suitesparse_all,GHS_psdef/wathen120,wathen120,36441,36441,565761,2,row-major,N,N,1.0,0.0,20260922,main,pass,pass,0,0,2263044.0,0.01492,0.0140799999237,0.0289999999237,0.0148259999237,160.72755768916994,78.0360002053154,152.64022741443745,1.656985130816185,0.8044948474774783,1.5736105919014172,AlphaSparse 248af573c867cf4c7e05d40c611c7c34ebac4715,CUDA,13040,13000,2026-10-06T01:51:52.820543+00:00,derived,csr-alg1,0,0,,,,5,20,4,true
3,A100-SXM4-80GB-suitesparse_all-fp64-n2-row-major-AlphaSparse-SpMM-CSR-pre-plus-solve,AlphaSparse-SpMM-CSR-best-pre-plus-solve,AlphaSparseLib CSR PER MATRIX BEST,per-matrix-best,AlphaSparse-SpMM-CSR,best,pre-plus-solve,"csr-alg1,csr-alg2,csr-alg3,csr-alg4,csr-alg5",manual-selection,csr,ALPHASPARSE_SPMM_CSR_ALG5,workspace-setup,spmm.csr.fp64,fp64,A100-SXM4-80GB,A100-SXM4-80GB,,9700.0,018f64fd-81d1-5f6a-986f-7d386c913e5c,suitesparse_all,Gleich/flickr,flickr,820878,820878,9837214,2,row-major,N,N,1.0,0.0,20260922,main,pass,pass,0,0,39348856.0,0.4467,0.4284927845,0.8751927845,0.4508277845,91.83084855423044,44.96021527700334,87.28134634301804,0.9467097789095922,0.4635073739897252,0.8998076942579181,AlphaSparse 248af573c867cf4c7e05d40c611c7c34ebac4715,CUDA,13040,13000,2026-10-06T23:14:25.664341+00:00,derived,csr-alg5,0,0,,,,5,20,4,true
3,A100-SXM4-80GB-suitesparse_all-fp64-n2-row-major-AlphaSparse-SpMM-CSR-pre-plus-solve,AlphaSparse-SpMM-CSR-best-pre-plus-solve,AlphaSparseLib CSR PER MATRIX BEST,per-matrix-best,AlphaSparse-SpMM-CSR,best,pre-plus-solve,"csr-alg1,csr-alg2,csr-alg3,csr-alg4,csr-alg5",manual-selection,csr,ALPHASPARSE_SPMM_CSR_ALG1,workspace-setup,spmm.csr.fp64,fp64,A100-SXM4-80GB,A100-SXM4-80GB,,9700.0,152f8cc9-7213-5fba-8430-8cd9341fa530,suitesparse_all,Gleich/usroads,usroads,129164,129164,330870,2,row-major,N,N,1.0,0.0,20260922,main,pass,pass,0,0,1323480.0,0.02201,0.0139344006777,0.0359444006777,0.0150349006777,94.97932710647822,36.82019939258829,88.0271861032648,0.9791683206853425,0.3795896844596731,0.9074967639511834,AlphaSparse 248af573c867cf4c7e05d40c611c7c34ebac4715,CUDA,13040,13000,2026-10-07T22:30:43.674843+00:00,derived,csr-alg1,0,0,,,,5,20,4,true
3,A100-SXM4-80GB-suitesparse_all-fp64-n2-row-major-AlphaSparse-SpMM-CSR-pre-plus-solve,AlphaSparse-SpMM-CSR-best-pre-plus-solve,AlphaSparseLib CSR PER MATRIX BEST,per-matrix-best,AlphaSparse-SpMM-CSR,best,pre-plus-solve,"csr-alg1,csr-alg2,csr-alg3,csr-alg4,csr-alg5",manual-selection,csr,ALPHASPARSE_SPMM_CSR_ALG1,workspace-setup,spmm.csr.fp64,fp64,A100-SXM4-80GB,A100-SXM4-80GB,,9700.0,752b02ae-c4ef-54eb-ad5c-0957985c94ee,suitesparse_all,Gleich/usroads-48,usroads-48,126146,126146,323900,2,row-major,N,N,1.0,0.0,20260922,main,pass,pass,0,0,1295600.0,0.0185,0.0137216001749,0.0322216001749,0.0146466001749,94.42047454275442,40.20905209447814,88.45738837196365,0.9734069540490147,0.414526310252352,0.9119318388862232,AlphaSparse 248af573c867cf4c7e05d40c611c7c34ebac4715,CUDA,13040,13000,2026-10-08T03:39:55.706710+00:00,derived,csr-alg1,0,0,,,,5,20,4,true
3,A100-SXM4-80GB-suitesparse_all-fp64-n2-row-major-AlphaSparse-SpMM-CSR-pre-plus-solve,AlphaSparse-SpMM-CSR-best-pre-plus-solve,AlphaSparseLib CSR PER MATRIX BEST,per-matrix-best,AlphaSparse-SpMM-CSR,best,pre-plus-solve,"csr-alg1,csr-alg2,csr-alg3,csr-alg4,csr-alg5",manual-selection,csr,ALPHASPARSE_SPMM_CSR_ALG3,workspace-setup,spmm.csr.fp64,fp64,A100-SXM4-80GB,A100-SXM4-80GB,,9700.0,d94c6f41-d28e-5f45-abb9-189a8a3b4f78,suitesparse_all,Gleich/wb-cs-stanford,wb-cs-stanford,9914,9914,36854,2,row-major,N,N,1.0,0.0,20260922,main,pass,pass,0,0,147416.0,0.01345,0.0156672000885,0.0291172000885,0.0163397000885,9.409211548156962,5.062849434421505,9.021952618564427,0.09700218090883467,0.05219432406620108,0.09300982080994255,AlphaSparse 248af573c867cf4c7e05d40c611c7c34ebac4715,CUDA,13040,13000,2026-10-06T02:48:10.782895+00:00,derived,csr-alg3,0,0,,,,5,20,4,true
3,A100-SXM4-80GB-suitesparse_all-fp64-n2-row-major-AlphaSparse-SpMM-CSR-pre-plus-solve,AlphaSparse-SpMM-CSR-best-pre-plus-solve,AlphaSparseLib CSR PER MATRIX BEST,per-matrix-best,AlphaSparse-SpMM-CSR,best,pre-plus-solve,"csr-alg1,csr-alg2,csr-alg3,csr-alg4,csr-alg5",manual-selection,csr,ALPHASPARSE_SPMM_CSR_ALG5,workspace-setup,spmm.csr.fp64,fp64,A100-SXM4-80GB,A100-SXM4-80GB,,9700.0,018f64fd-81d1-5f6a-986f-7d386c913e5c,suitesparse_all,Gleich/wb-edu,wb-edu,9845725,9845725,57156537,2,row-major,N,N,1.0,0.0,20260922,main,pass,pass,0,0,228626148.0,0.84729,2.16053752899,3.00782752899,2.20290202899,105.81910516818344,76.01039148570148,103.78407436703934,1.0909186099812724,0.7836122833577472,1.0699389110004054,AlphaSparse 248af573c867cf4c7e05d40c611c7c34ebac4715,CUDA,13040,13000,2026-10-06T23:11:51.847651+00:00,derived,csr-alg5,0,0,,,,5,20,4,true
3,A100-SXM4-80GB-suitesparse_all-fp64-n2-row-major-AlphaSparse-SpMM-CSR-pre-plus-solve,AlphaSparse-SpMM-CSR-best-pre-plus-solve,AlphaSparseLib CSR PER MATRIX BEST,per-matrix-best,AlphaSparse-SpMM-CSR,best,pre-plus-solve,"csr-alg1,csr-alg2,csr-alg3,csr-alg4,csr-alg5",manual-selection,csr,ALPHASPARSE_SPMM_CSR_ALG5,workspace-setup,spmm.csr.fp64,fp64,A100-SXM4-80GB,A100-SXM4-80GB,,9700.0,752b02ae-c4ef-54eb-ad5c-0957985c94ee,suitesparse_all,Gleich/wikipedia-20060925,wikipedia-20060925,2983494,2983494,37269096,2,row-major,N,N,1.0,0.0,20260922,main,pass,pass,0,0,149076384.0,0.39426,1.55136003494,1.94562003494,1.57107303494,96.09399536050677,76.62153006385817,94.88825833338379,0.9906597459846058,0.7899126810707029,0.978229467354472,AlphaSparse 248af573c867cf4c7e05d40c611c7c34ebac4715,CUDA,13040,13000,2026-10-08T08:01:32.248852+00:00,derived,csr-alg5,0,0,,,,5,20,4,true
3,A100-SXM4-80GB-suitesparse_all-fp64-n2-row-major-AlphaSparse-SpMM-CSR-pre-plus-solve,AlphaSparse-SpMM-CSR-best-pre-plus-solve,AlphaSparseLib CSR PER MATRIX BEST,per-matrix-best,AlphaSparse-SpMM-CSR,best,pre-plus-solve,"csr-alg1,csr-alg2,csr-alg3,csr-alg4,csr-alg5",manual-selection,csr,ALPHASPARSE_SPMM_CSR_ALG3,workspace-setup,spmm.csr.fp64,fp64,A100-SXM4-80GB,A100-SXM4-80GB,,9700.0,152f8cc9-7213-5fba-8430-8cd9341fa530,suitesparse_all,Gleich/wikipedia-20061104,wikipedia-20061104,3148440,3148440,39383235,2,row-major,N,N,1.0,0.0,20260922,main,pass,pass,0,0,157532940.0,0.378371,1.95604476929,2.33441576929,1.97496331929,80.53646954981552,67.48281179059752,79.76499536033567,0.830272881956861,0.6956990906247167,0.8223195397972749,AlphaSparse 248af573c867cf4c7e05d40c611c7c34ebac4715,CUDA,13040,13000,2026-10-08T00:25:48.951418+00:00,derived,csr-alg3,0,0,,,,5,20,4,true
3,A100-SXM4-80GB-suitesparse_all-fp64-n2-row-major-AlphaSparse-SpMM-CSR-pre-plus-solve,AlphaSparse-SpMM-CSR-best-pre-plus-solve,AlphaSparseLib CSR PER MATRIX BEST,per-matrix-best,AlphaSparse-SpMM-CSR,best,pre-plus-solve,"csr-alg1,csr-alg2,csr-alg3,csr-alg4,csr-alg5",manual-selection,csr,ALPHASPARSE_SPMM_CSR_ALG5,workspace-setup,spmm.csr.fp64,fp64,A100-SXM4-80GB,A100-SXM4-80GB,,9700.0,a0827285-e98d-55a9-b486-73107367c8f5,suitesparse_all,Gleich/wikipedia-20070206,wikipedia-20070206,3566907,3566907,45030389,2,row-major,N,N,1.0,0.0,20260922,main,pass,pass,0,0,180121556.0,0.43488,1.90865440369,2.34353440369,1.93039840369,94.37096399000843,76.85893397442365,93.30796982410139,0.9728965359794685,0.7923601440662231,0.9619378332381587,AlphaSparse 248af573c867cf4c7e05d40c611c7c34ebac4715,CUDA,13040,13000,2026-10-06T09:00:24.780339+00:00,derived,csr-alg5,0,0,,,,5,20,4,true
3,A100-SXM4-80GB-suitesparse_all-fp64-n2-row-major-AlphaSparse-SpMM-CSR-pre-plus-solve,AlphaSparse-SpMM-CSR-best-pre-plus-solve,AlphaSparseLib CSR PER MATRIX BEST,per-matrix-best,AlphaSparse-SpMM-CSR,best,pre-plus-solve,"csr-alg1,csr-alg2,csr-alg3,csr-alg4,csr-alg5",manual-selection,csr,ALPHASPARSE_SPMM_CSR_ALG5,workspace-setup,spmm.csr.fp64,fp64,A100-SXM4-80GB,A100-SXM4-80GB,,9700.0,a0827285-e98d-55a9-b486-73107367c8f5,suitesparse_all,Goodwin/goodwin,goodwin,7320,7320,324784,2,row-major,N,N,1.0,0.0,20260922,main,pass,pass,0,0,1299136.0,0.01823,0.0204288005829,0.0386588005829,0.0213403005829,63.59335658146502,33.60518123717084,60.877118152731114,0.6556016142419073,0.34644516739351383,0.6275991562137229,AlphaSparse 248af573c867cf4c7e05d40c611c7c34ebac4715,CUDA,13040,13000,2026-10-06T08:56:30.114267+00:00,derived,csr-alg5,0,0,,,,5,20,4,true
3,A100-SXM4-80GB-suitesparse_all-fp64-n2-row-major-AlphaSparse-SpMM-CSR-pre-plus-solve,AlphaSparse-SpMM-CSR-best-pre-plus-solve,AlphaSparseLib CSR PER MATRIX BEST,per-matrix-best,AlphaSparse-SpMM-CSR,best,pre-plus-solve,"csr-alg1,csr-alg2,csr-alg3,csr-alg4,csr-alg5",manual-selection,csr,ALPHASPARSE_SPMM_CSR_ALG5,workspace-setup,spmm.csr.fp64,fp64,A100-SXM4-80GB,A100-SXM4-80GB,,9700.0,d94c6f41-d28e-5f45-abb9-189a8a3b4f78,suitesparse_all,Goodwin/Goodwin_010,Goodwin_010,1182,1182,32282,2,row-major,N,N,1.0,0.0,20260922,main,pass,pass,0,0,129128.0,0.01384,0.0113456003368,0.0251856003368,0.0120376003368,11.381328106646514,5.127056662267618,10.727054926823278,0.11733327944996405,0.052856254250181624,0.11058819512188946,AlphaSparse 248af573c867cf4c7e05d40c611c7c34ebac4715,CUDA,13040,13000,2026-10-06T03:54:28.020294+00:00,derived,csr-alg5,0,0,,,,5,20,4,true
3,A100-SXM4-80GB-suitesparse_all-fp64-n2-row-major-AlphaSparse-SpMM-CSR-pre-plus-solve,AlphaSparse-SpMM-CSR-best-pre-plus-solve,AlphaSparseLib CSR PER MATRIX BEST,per-matrix-best,AlphaSparse-SpMM-CSR,best,pre-plus-solve,"csr-alg1,csr-alg2,csr-alg3,csr-alg4,csr-alg5",manual-selection,csr,ALPHASPARSE_SPMM_CSR_ALG5,workspace-setup,spmm.csr.fp64,fp64,A100-SXM4-80GB,A100-SXM4-80GB,,9700.0,018f64fd-81d1-5f6a-986f-7d386c913e5c,suitesparse_all,Goodwin/Goodwin_013,Goodwin_013,1965,1965,56069,2,row-major,N,N,1.0,0.0,20260922,main,pass,pass,0,0,224276.0,0.01293,0.0138751998544,0.0268051998544,0.0145216998544,16.163803213896,8.366884082872662,15.444197459572582,0.1666371465350103,0.08625653693683157,0.15921853051105753,AlphaSparse 248af573c867cf4c7e05d40c611c7c34ebac4715,CUDA,13040,13000,2026-10-06T23:41:40.842631+00:00,derived,csr-alg5,0,0,,,,5,20,4,true
3,A100-SXM4-80GB-suitesparse_all-fp64-n2-row-major-AlphaSparse-SpMM-CSR-pre-plus-solve,AlphaSparse-SpMM-CSR-best-pre-plus-solve,AlphaSparseLib CSR PER MATRIX BEST,per-matrix-best,AlphaSparse-SpMM-CSR,best,pre-plus-solve,"csr-alg1,csr-alg2,csr-alg3,csr-alg4,csr-alg5",manual-selection,csr,ALPHASPARSE_SPMM_CSR_ALG5,workspace-setup,spmm.csr.fp64,fp64,A100-SXM4-80GB,A100-SXM4-80GB,,9700.0,752b02ae-c4ef-54eb-ad5c-0957985c94ee,suitesparse_all,Goodwin/Goodwin_023,Goodwin_023,6005,6005,182168,2,row-major,N,N,1.0,0.0,20260922,main,pass,pass,0,0,728672.0,0.01418,0.0159743994474,0.0301543994474,0.0166833994474,45.61498555231126,24.164699458567007,43.67647027198398,0.47025758301351817,0.2491206129749176,0.45027288940189675,AlphaSparse 248af573c867cf4c7e05d40c611c7c34ebac4715,CUDA,13040,13000,2026-10-08T08:39:36.119015+00:00,derived,csr-alg5,0,0,,,,5,20,4,true
3,A100-SXM4-80GB-suitesparse_all-fp64-n2-row-major-AlphaSparse-SpMM-CSR-pre-plus-solve,AlphaSparse-SpMM-CSR-best-pre-plus-solve,AlphaSparseLib CSR PER MATRIX BEST,per-matrix-best,AlphaSparse-SpMM-CSR,best,pre-plus-solve,"csr-alg1,csr-alg2,csr-alg3,csr-alg4,csr-alg5",manual-selection,csr,ALPHASPARSE_SPMM_CSR_ALG5,workspace-setup,spmm.csr.fp64,fp64,A100-SXM4-80GB,A100-SXM4-80GB,,9700.0,152f8cc9-7213-5fba-8430-8cd9341fa530,suitesparse_all,Goodwin/Goodwin_030,Goodwin_030,10142,10142,312814,2,row-major,N,N,1.0,0.0,20260922,main,pass,pass,0,0,1251256.0,0.02156,0.0197119995952,0.0412719995952,0.0207899995952,63.4768681866597,30.317309853470807,60.18547495733912,0.6544007029552547,0.31254958611825573,0.6204688139931868,AlphaSparse 248af573c867cf4c7e05d40c611c7c34ebac4715,CUDA,13040,13000,2026-10-08T02:36:38.336734+00:00,derived,csr-alg5,0,0,,,,5,20,4,true
3,A100-SXM4-80GB-suitesparse_all-fp64-n2-row-major-AlphaSparse-SpMM-CSR-pre-plus-solve,AlphaSparse-SpMM-CSR-best-pre-plus-solve,AlphaSparseLib CSR PER MATRIX BEST,per-matrix-best,AlphaSparse-SpMM-CSR,best,pre-plus-solve,"csr-alg1,csr-alg2,csr-alg3,csr-alg4,csr-alg5",manual-selection,csr,ALPHASPARSE_SPMM_CSR_ALG1,workspace-setup,spmm.csr.fp64,fp64,A100-SXM4-80GB,A100-SXM4-80GB,,9700.0,a0827285-e98d-55a9-b486-73107367c8f5,suitesparse_all,Goodwin/Goodwin_040,Goodwin_040,17922,17922,561677,2,row-major,N,N,1.0,0.0,20260922,main,pass,pass,0,0,2246708.0,0.01864,0.0241152003407,0.0427552003407,0.0250472003407,93.16563695339319,52.54818085512019,89.69896712764547,0.9604704840555999,0.5417338232486617,0.9247316198726337,AlphaSparse 248af573c867cf4c7e05d40c611c7c34ebac4715,CUDA,13040,13000,2026-10-06T07:30:58.960481+00:00,derived,csr-alg1,0,0,,,,5,20,4,true
3,A100-SXM4-80GB-suitesparse_all-fp64-n2-row-major-AlphaSparse-SpMM-CSR-pre-plus-solve,AlphaSparse-SpMM-CSR-best-pre-plus-solve,AlphaSparseLib CSR PER MATRIX BEST,per-matrix-best,AlphaSparse-SpMM-CSR,best,pre-plus-solve,"csr-alg1,csr-alg2,csr-alg3,csr-alg4,csr-alg5",manual-selection,csr,ALPHASPARSE_SPMM_CSR_ALG1,workspace-setup,spmm.csr.fp64,fp64,A100-SXM4-80GB,A100-SXM4-80GB,,9700.0,dd6a9a30-d69d-5ea7-834e-7b0f3242a57c,suitesparse_all,Goodwin/Goodwin_054,Goodwin_054,32510,32510,1030878,2,row-major,N,N,1.0,0.0,20260922,main,pass,pass,0,0,4123512.0,0.01574,0.0239999994636,0.0397399994636,0.0247869994636,171.81300384002063,103.76225605581466,166.35785247243928,1.7712680808249548,1.0697139799568522,1.7150294069323637,AlphaSparse 248af573c867cf4c7e05d40c611c7c34ebac4715,CUDA,13040,13000,2026-10-06T20:11:25.434026+00:00,derived,csr-alg1,0,0,,,,5,20,4,true
3,A100-SXM4-80GB-suitesparse_all-fp64-n2-row-major-AlphaSparse-SpMM-CSR-pre-plus-solve,AlphaSparse-SpMM-CSR-best-pre-plus-solve,AlphaSparseLib CSR PER MATRIX BEST,per-matrix-best,AlphaSparse-SpMM-CSR,best,pre-plus-solve,"csr-alg1,csr-alg2,csr-alg3,csr-alg4,csr-alg5",manual-selection,csr,ALPHASPARSE_SPMM_CSR_ALG1,workspace-setup,spmm.csr.fp64,fp64,A100-SXM4-80GB,A100-SXM4-80GB,,9700.0,005fdebf-9ece-5bc0-9d3c-6fda0356699d,suitesparse_all,Goodwin/Goodwin_071,Goodwin_071,56021,56021,1797934,2,row-major,N,N,1.0,0.0,20260922,main,pass,pass,0,0,7191736.0,0.01635,0.0413183987141,0.0576683987141,0.0421358987141,174.05650324841372,124.70843929019328,170.6795445090013,1.7943969407052962,1.2856540133009617,1.7595829330824875,AlphaSparse 248af573c867cf4c7e05d40c611c7c34ebac4715,CUDA,13040,13000,2026-10-08T14:18:06.878728+00:00,derived,csr-alg1,0,0,,,,5,20,4,true
3,A100-SXM4-80GB-suitesparse_all-fp64-n2-row-major-AlphaSparse-SpMM-CSR-pre-plus-solve,AlphaSparse-SpMM-CSR-best-pre-plus-solve,AlphaSparseLib CSR PER MATRIX BEST,per-matrix-best,AlphaSparse-SpMM-CSR,best,pre-plus-solve,"csr-alg1,csr-alg2,csr-alg3,csr-alg4,csr-alg5",manual-selection,csr,ALPHASPARSE_SPMM_CSR_ALG1,workspace-setup,spmm.csr.fp64,fp64,A100-SXM4-80GB,A100-SXM4-80GB,,9700.0,d94c6f41-d28e-5f45-abb9-189a8a3b4f78,suitesparse_all,Goodwin/Goodwin_095,Goodwin_095,100037,100037,3226066,2,row-major,N,N,1.0,0.0,20260922,main,pass,pass,0,0,12904264.0,0.01974,0.0842239975929,0.103963997593,0.0852109975929,153.21362519947422,124.12242986767237,151.43894995398125,1.5795219092729302,1.2796126790481688,1.5612262881853738,AlphaSparse 248af573c867cf4c7e05d40c611c7c34ebac4715,CUDA,13040,13000,2026-10-06T02:15:57.274476+00:00,derived,csr-alg1,0,0,,,,5,20,4,true
3,A100-SXM4-80GB-suitesparse_all-fp64-n2-row-major-AlphaSparse-SpMM-CSR-pre-plus-solve,AlphaSparse-SpMM-CSR-best-pre-plus-solve,AlphaSparseLib CSR PER MATRIX BEST,per-matrix-best,AlphaSparse-SpMM-CSR,best,pre-plus-solve,"csr-alg1,csr-alg2,csr-alg3,csr-alg4,csr-alg5",manual-selection,csr,ALPHASPARSE_SPMM_CSR_ALG1,workspace-setup,spmm.csr.fp64,fp64,A100-SXM4-80GB,A100-SXM4-80GB,,9700.0,018f64fd-81d1-5f6a-986f-7d386c913e5c,suitesparse_all,Goodwin/Goodwin_127,Goodwin_127,178437,178437,5778545,2,row-major,N,N,1.0,0.0,20260922,main,pass,pass,0,0,23114180.0,0.04239,0.145151996613,0.187541996613,0.147271496613,159.2412129309275,123.2480213362396,156.94944732407677,1.6416619889786341,1.270598158105563,1.6180355394234718,AlphaSparse 248af573c867cf4c7e05d40c611c7c34ebac4715,CUDA,13040,13000,2026-10-06T21:11:21.352828+00:00,derived,csr-alg1,0,0,,,,5,20,4,true
3,A100-SXM4-80GB-suitesparse_all-fp64-n2-row-major-AlphaSparse-SpMM-CSR-pre-plus-solve,AlphaSparse-SpMM-CSR-best-pre-plus-solve,AlphaSparseLib CSR PER MATRIX BEST,per-matrix-best,AlphaSparse-SpMM-CSR,best,pre-plus-solve,"csr-alg1,csr-alg2,csr-alg3,csr-alg4,csr-alg5",manual-selection,csr,ALPHASPARSE_SPMM_CSR_ALG5,workspace-setup,spmm.csr.fp64,fp64,A100-SXM4-80GB,A100-SXM4-80GB,,9700.0,dd6a9a30-d69d-5ea7-834e-7b0f3242a57c,suitesparse_all,Goodwin/rim,rim,22560,22560,1014951,2,row-major,N,N,1.0,0.0,20260922,main,pass,pass,0,0,4059804.0,0.01582,0.0343039989471,0.0501239989471,0.0350949989471,118.3478347891918,80.9952135759289,115.68041378543688,1.2200807710225958,0.8350022018137001,1.192581585416875,AlphaSparse 248af573c867cf4c7e05d40c611c7c34ebac4715,CUDA,13040,13000,2026-10-06T22:20:28.978021+00:00,derived,csr-alg5,0,0,,,,5,20,4,true
3,A100-SXM4-80GB-suitesparse_all-fp64-n2-row-major-AlphaSparse-SpMM-CSR-pre-plus-solve,AlphaSparse-SpMM-CSR-best-pre-plus-solve,AlphaSparseLib CSR PER MATRIX BEST,per-matrix-best,AlphaSparse-SpMM-CSR,best,pre-plus-solve,"csr-alg1,csr-alg2,csr-alg3,csr-alg4,csr-alg5",manual-selection,csr,ALPHASPARSE_SPMM_CSR_ALG5,workspace-setup,spmm.csr.fp64,fp64,A100-SXM4-80GB,A100-SXM4-80GB,,9700.0,005fdebf-9ece-5bc0-9d3c-6fda0356699d,suitesparse_all,Graham/graham1,graham1,9035,9035,335504,2,row-major,N,N,1.0,0.0,20260922,main,pass,pass,0,0,1342016.0,0.0144,0.0207359999418,0.0351359999418,0.0214559999418,64.71913598411717,38.194899881117465,62.547352891510805,0.6672075874651254,0.39376185444450995,0.6448180710465032,AlphaSparse 248af573c867cf4c7e05d40c611c7c34ebac4715,CUDA,13040,13000,2026-10-08T15:30:52.350485+00:00,derived,csr-alg5,0,0,,,,5,20,4,true
3,A100-SXM4-80GB-suitesparse_all-fp64-n2-row-major-AlphaSparse-SpMM-CSR-pre-plus-solve,AlphaSparse-SpMM-CSR-best-pre-plus-solve,AlphaSparseLib CSR PER MATRIX BEST,per-matrix-best,AlphaSparse-SpMM-CSR,best,pre-plus-solve,"csr-alg1,csr-alg2,csr-alg3,csr-alg4,csr-alg5",manual-selection,csr,ALPHASPARSE_SPMM_CSR_ALG1,workspace-setup,spmm.csr.fp64,fp64,A100-SXM4-80GB,A100-SXM4-80GB,,9700.0,a0827285-e98d-55a9-b486-73107367c8f5,suitesparse_all,Grueninger/windtunnel_evap2d,windtunnel_evap2d,8256,8256,233468,2,row-major,N,N,1.0,0.0,20260922,main,pass,pass,0,0,933872.0,0.01802,0.0175615996122,0.0355815996122,0.0184625996122,53.17693266114787,26.245925146091512,50.58182594085514,0.5482158006303904,0.27057654789785063,0.5214621231015993,AlphaSparse 248af573c867cf4c7e05d40c611c7c34ebac4715,CUDA,13040,13000,2026-10-06T07:30:57.664234+00:00,derived,csr-alg1,0,0,,,,5,20,4,true
3,A100-SXM4-80GB-suitesparse_all-fp64-n2-row-major-AlphaSparse-SpMM-CSR-pre-plus-solve,AlphaSparse-SpMM-CSR-best-pre-plus-solve,AlphaSparseLib CSR PER MATRIX BEST,per-matrix-best,AlphaSparse-SpMM-CSR,best,pre-plus-solve,"csr-alg1,csr-alg2,csr-alg3,csr-alg4,csr-alg5",manual-selection,csr,ALPHASPARSE_SPMM_CSR_ALG1,workspace-setup,spmm.csr.fp64,fp64,A100-SXM4-80GB,A100-SXM4-80GB,,9700.0,dd6a9a30-d69d-5ea7-834e-7b0f3242a57c,suitesparse_all,Grueninger/windtunnel_evap3d,windtunnel_evap3d,40816,40816,2730600,2,row-major,N,N,1.0,0.0,20260922,main,pass,pass,0,0,10922400.0,0.01674,0.0537248015404,0.0704648015404,0.0545618015404,203.3027519289498,155.00504877939375,200.1840058729103,2.095904659061338,1.5979901936019973,2.0637526378650546,AlphaSparse 248af573c867cf4c7e05d40c611c7c34ebac4715,CUDA,13040,13000,2026-10-06T20:11:23.988469+00:00,derived,csr-alg1,0,0,,,,5,20,4,true
3,A100-SXM4-80GB-suitesparse_all-fp64-n2-row-major-AlphaSparse-SpMM-CSR-pre-plus-solve,AlphaSparse-SpMM-CSR-best-pre-plus-solve,AlphaSparseLib CSR PER MATRIX BEST,per-matrix-best,AlphaSparse-SpMM-CSR,best,pre-plus-solve,"csr-alg1,csr-alg2,csr-alg3,csr-alg4,csr-alg5",manual-selection,csr,ALPHASPARSE_SPMM_CSR_ALG1,workspace-setup,spmm.csr.fp64,fp64,A100-SXM4-80GB,A100-SXM4-80GB,,9700.0,d94c6f41-d28e-5f45-abb9-189a8a3b4f78,suitesparse_all,Grund/b1_ss,b1_ss,7,7,15,2,row-major,N,N,1.0,0.0,20260922,main,pass,pass,0,0,60.0,0.01318,0.00348160006106,0.0166616000611,0.00414060006106,0.017233455580114087,0.0036010947195931433,0.014490653314785466,0.00017766449051664007,3.7124687830857144e-05,0.00014938817850294295,AlphaSparse 248af573c867cf4c7e05d40c611c7c34ebac4715,CUDA,13040,13000,2026-10-06T01:49:49.144465+00:00,derived,csr-alg1,0,0,,,,5,20,4,true
3,A100-SXM4-80GB-suitesparse_all-fp64-n2-row-major-AlphaSparse-SpMM-CSR-pre-plus-solve,AlphaSparse-SpMM-CSR-best-pre-plus-solve,AlphaSparseLib CSR PER MATRIX BEST,per-matrix-best,AlphaSparse-SpMM-CSR,best,pre-plus-solve,"csr-alg1,csr-alg2,csr-alg3,csr-alg4,csr-alg5",manual-selection,csr,ALPHASPARSE_SPMM_CSR_ALG1,workspace-setup,spmm.csr.fp64,fp64,A100-SXM4-80GB,A100-SXM4-80GB,,9700.0,018f64fd-81d1-5f6a-986f-7d386c913e5c,suitesparse_all,Grund/b2_ss,b2_ss,1089,1089,4228,2,row-major,N,N,1.0,0.0,20260922,main,pass,pass,0,0,16912.0,0.01498,0.00721919983625,0.0221991998363,0.00796819983625,2.3426418971087672,0.7618292607261274,2.1224367294431636,0.02415094739287389,0.007853909904393067,0.02188079102518725,AlphaSparse 248af573c867cf4c7e05d40c611c7c34ebac4715,CUDA,13040,13000,2026-10-06T20:26:19.779736+00:00,derived,csr-alg1,0,0,,,,5,20,4,true
3,A100-SXM4-80GB-suitesparse_all-fp64-n2-row-major-AlphaSparse-SpMM-CSR-pre-plus-solve,AlphaSparse-SpMM-CSR-best-pre-plus-solve,AlphaSparseLib CSR PER MATRIX BEST,per-matrix-best,AlphaSparse-SpMM-CSR,best,pre-plus-solve,"csr-alg1,csr-alg2,csr-alg3,csr-alg4,csr-alg5",manual-selection,csr,ALPHASPARSE_SPMM_CSR_ALG1,workspace-setup,spmm.csr.fp64,fp64,A100-SXM4-80GB,A100-SXM4-80GB,,9700.0,752b02ae-c4ef-54eb-ad5c-0957985c94ee,suitesparse_all,Grund/bayer01,bayer01,57735,57735,277774,2,row-major,N,N,1.0,0.0,20260922,main,pass,pass,0,0,1111096.0,0.01794,0.0157695993781,0.0337095993781,0.0166665993781,70.45809936953961,32.960818891304946,66.66602915169283,0.7263721584488619,0.3398022566113912,0.6872786510483796,AlphaSparse 248af573c867cf4c7e05d40c611c7c34ebac4715,CUDA,13040,13000,2026-10-08T03:31:34.450207+00:00,derived,csr-alg1,0,0,,,,5,20,4,true
3,A100-SXM4-80GB-suitesparse_all-fp64-n2-row-major-AlphaSparse-SpMM-CSR-pre-plus-solve,AlphaSparse-SpMM-CSR-best-pre-plus-solve,AlphaSparseLib CSR PER MATRIX BEST,per-matrix-best,AlphaSparse-SpMM-CSR,best,pre-plus-solve,"csr-alg1,csr-alg2,csr-alg3,csr-alg4,csr-alg5",manual-selection,csr,ALPHASPARSE_SPMM_CSR_ALG5,workspace-setup,spmm.csr.fp64,fp64,A100-SXM4-80GB,A100-SXM4-80GB,,9700.0,152f8cc9-7213-5fba-8430-8cd9341fa530,suitesparse_all,Grund/bayer02,bayer02,13935,13935,63679,2,row-major,N,N,1.0,0.0,20260922,main,pass,pass,0,0,254716.0,0.01642,0.014899200201,0.031319200201,0.015720200201,17.095951229845483,8.132902448507197,16.203101534533694,0.17624691989531427,0.08384435513924945,0.1670422838611721,AlphaSparse 248af573c867cf4c7e05d40c611c7c34ebac4715,CUDA,13040,13000,2026-10-08T02:19:20.382156+00:00,derived,csr-alg5,0,0,,,,5,20,4,true
3,A100-SXM4-80GB-suitesparse_all-fp64-n2-row-major-AlphaSparse-SpMM-CSR-pre-plus-solve,AlphaSparse-SpMM-CSR-best-pre-plus-solve,AlphaSparseLib CSR PER MATRIX BEST,per-matrix-best,AlphaSparse-SpMM-CSR,best,pre-plus-solve,"csr-alg1,csr-alg2,csr-alg3,csr-alg4,csr-alg5",manual-selection,csr,ALPHASPARSE_SPMM_CSR_ALG1,workspace-setup,spmm.csr.fp64,fp64,A100-SXM4-80GB,A100-SXM4-80GB,,9700.0,a0827285-e98d-55a9-b486-73107367c8f5,suitesparse_all,Grund/bayer03,bayer03,6747,6747,56196,2,row-major,N,N,1.0,0.0,20260922,main,pass,pass,0,0,224784.0,0.01813,0.0126463994384,0.0307763994384,0.0135528994384,17.774545323743094,7.303778352952325,16.58567607777787,0.18324273529632054,0.0752966840510549,0.1709863513172976,AlphaSparse 248af573c867cf4c7e05d40c611c7c34ebac4715,CUDA,13040,13000,2026-10-06T07:03:42.524429+00:00,derived,csr-alg1,0,0,,,,5,20,4,true
3,A100-SXM4-80GB-suitesparse_all-fp64-n2-row-major-AlphaSparse-SpMM-CSR-pre-plus-solve,AlphaSparse-SpMM-CSR-best-pre-plus-solve,AlphaSparseLib CSR PER MATRIX BEST,per-matrix-best,AlphaSparse-SpMM-CSR,best,pre-plus-solve,"csr-alg1,csr-alg2,csr-alg3,csr-alg4,csr-alg5",manual-selection,csr,ALPHASPARSE_SPMM_CSR_ALG1,workspace-setup,spmm.csr.fp64,fp64,A100-SXM4-80GB,A100-SXM4-80GB,,9700.0,dd6a9a30-d69d-5ea7-834e-7b0f3242a57c,suitesparse_all,Grund/bayer04,bayer04,20545,20545,159082,2,row-major,N,N,1.0,0.0,20260922,main,pass,pass,0,0,636328.0,0.01285,0.013055999577,0.025905999577,0.013698499577,48.738359422206344,24.56295878908869,46.45238673207721,0.5024573136309932,0.2532263792689556,0.4788905848667754,AlphaSparse 248af573c867cf4c7e05d40c611c7c34ebac4715,CUDA,13040,13000,2026-10-06T19:49:00.647492+00:00,derived,csr-alg1,0,0,,,,5,20,4,true
3,A100-SXM4-80GB-suitesparse_all-fp64-n2-row-major-AlphaSparse-SpMM-CSR-pre-plus-solve,AlphaSparse-SpMM-CSR-best-pre-plus-solve,AlphaSparseLib CSR PER MATRIX BEST,per-matrix-best,AlphaSparse-SpMM-CSR,best,pre-plus-solve,"csr-alg1,csr-alg2,csr-alg3,csr-alg4,csr-alg5",manual-selection,csr,ALPHASPARSE_SPMM_CSR_ALG3,workspace-setup,spmm.csr.fp64,fp64,A100-SXM4-80GB,A100-SXM4-80GB,,9700.0,005fdebf-9ece-5bc0-9d3c-6fda0356699d,suitesparse_all,Grund/bayer05,bayer05,3268,3268,27836,2,row-major,N,N,1.0,0.0,20260922,main,pass,pass,0,0,111344.0,0.01354,0.013055999577,0.026595999577,0.013732999577,8.528186550813642,4.186494276240302,8.107769855791643,0.08791944897746022,0.043159734806601055,0.08358525624527467,AlphaSparse 248af573c867cf4c7e05d40c611c7c34ebac4715,CUDA,13040,13000,2026-10-08T14:43:32.604616+00:00,derived,csr-alg3,0,0,,,,5,20,4,true
3,A100-SXM4-80GB-suitesparse_all-fp64-n2-row-major-AlphaSparse-SpMM-CSR-pre-plus-solve,AlphaSparse-SpMM-CSR-best-pre-plus-solve,AlphaSparseLib CSR PER MATRIX BEST,per-matrix-best,AlphaSparse-SpMM-CSR,best,pre-plus-solve,"csr-alg1,csr-alg2,csr-alg3,csr-alg4,csr-alg5",manual-selection,csr,ALPHASPARSE_SPMM_CSR_ALG5,workspace-setup,spmm.csr.fp64,fp64,A100-SXM4-80GB,A100-SXM4-80GB,,9700.0,d94c6f41-d28e-5f45-abb9-189a8a3b4f78,suitesparse_all,Grund/bayer06,bayer06,3008,3008,27576,2,row-major,N,N,1.0,0.0,20260922,main,pass,pass,0,0,110304.0,0.01233,0.0137728005648,0.0261028005648,0.0143893005648,8.008828667853564,4.225753467570316,7.665695737139058,0.08256524399849036,0.043564468737838306,0.07902779110452637,AlphaSparse 248af573c867cf4c7e05d40c611c7c34ebac4715,CUDA,13040,13000,2026-10-06T03:32:26.577635+00:00,derived,csr-alg5,0,0,,,,5,20,4,true
3,A100-SXM4-80GB-suitesparse_all-fp64-n2-row-major-AlphaSparse-SpMM-CSR-pre-plus-solve,AlphaSparse-SpMM-CSR-best-pre-plus-solve,AlphaSparseLib CSR PER MATRIX BEST,per-matrix-best,AlphaSparse-SpMM-CSR,best,pre-plus-solve,"csr-alg1,csr-alg2,csr-alg3,csr-alg4,csr-alg5",manual-selection,csr,ALPHASPARSE_SPMM_CSR_ALG3,workspace-setup,spmm.csr.fp64,fp64,A100-SXM4-80GB,A100-SXM4-80GB,,9700.0,018f64fd-81d1-5f6a-986f-7d386c913e5c,suitesparse_all,Grund/bayer07,bayer07,3268,3268,27836,2,row-major,N,N,1.0,0.0,20260922,main,pass,pass,0,0,111344.0,0.01822,0.014899200201,0.033119200201,0.015810200201,7.473152820144456,3.361916934112379,7.042542066795425,0.07704281257880882,0.034658937465076076,0.07260352646180851,AlphaSparse 248af573c867cf4c7e05d40c611c7c34ebac4715,CUDA,13040,13000,2026-10-06T21:51:41.904325+00:00,derived,csr-alg3,0,0,,,,5,20,4,true
3,A100-SXM4-80GB-suitesparse_all-fp64-n2-row-major-AlphaSparse-SpMM-CSR-pre-plus-solve,AlphaSparse-SpMM-CSR-best-pre-plus-solve,AlphaSparseLib CSR PER MATRIX BEST,per-matrix-best,AlphaSparse-SpMM-CSR,best,pre-plus-solve,"csr-alg1,csr-alg2,csr-alg3,csr-alg4,csr-alg5",manual-selection,csr,ALPHASPARSE_SPMM_CSR_ALG2,workspace-setup,spmm.csr.fp64,fp64,A100-SXM4-80GB,A100-SXM4-80GB,,9700.0,752b02ae-c4ef-54eb-ad5c-0957985c94ee,suitesparse_all,Grund/bayer09,bayer09,3083,3083,21216,2,row-major,N,N,1.0,0.0,20260922,main,pass,pass,0,0,84864.0,0.01149,0.0150527998805,0.0265427998805,0.0156272998805,5.63775514679739,3.197251246367057,5.430496672422258,0.05812118708038546,0.03296135305533048,0.05598450177754905,AlphaSparse 248af573c867cf4c7e05d40c611c7c34ebac4715,CUDA,13040,13000,2026-10-08T04:51:17.434488+00:00,derived,csr-alg2,0,0,,,,5,20,4,true
3,A100-SXM4-80GB-suitesparse_all-fp64-n2-row-major-AlphaSparse-SpMM-CSR-pre-plus-solve,AlphaSparse-SpMM-CSR-best-pre-plus-solve,AlphaSparseLib CSR PER MATRIX BEST,per-matrix-best,AlphaSparse-SpMM-CSR,best,pre-plus-solve,"csr-alg1,csr-alg2,csr-alg3,csr-alg4,csr-alg5",manual-selection,csr,ALPHASPARSE_SPMM_CSR_ALG5,workspace-setup,spmm.csr.fp64,fp64,A100-SXM4-80GB,A100-SXM4-80GB,,9700.0,152f8cc9-7213-5fba-8430-8cd9341fa530,suitesparse_all,Grund/bayer10,bayer10,13436,13436,94926,2,row-major,N,N,1.0,0.0,20260922,main,pass,pass,0,0,379704.0,0.01866,0.0149504005909,0.0336104005909,0.0158834005909,25.39758033180181,11.297217329293142,23.905711993283223,0.26183072507012173,0.11646615803394991,0.24645063910601261,AlphaSparse 248af573c867cf4c7e05d40c611c7c34ebac4715,CUDA,13040,13000,2026-10-08T02:19:21.082844+00:00,derived,csr-alg5,0,0,,,,5,20,4,true
3,A100-SXM4-80GB-suitesparse_all-fp64-n2-row-major-AlphaSparse-SpMM-CSR-pre-plus-solve,AlphaSparse-SpMM-CSR-best-pre-plus-solve,AlphaSparseLib CSR PER MATRIX BEST,per-matrix-best,AlphaSparse-SpMM-CSR,best,pre-plus-solve,"csr-alg1,csr-alg2,csr-alg3,csr-alg4,csr-alg5",manual-selection,csr,ALPHASPARSE_SPMM_CSR_ALG2,workspace-setup,spmm.csr.fp64,fp64,A100-SXM4-80GB,A100-SXM4-80GB,,9700.0,a0827285-e98d-55a9-b486-73107367c8f5,suitesparse_all,Grund/d_dyn,d_dyn,87,87,238,2,row-major,N,N,1.0,0.0,20260922,main,pass,pass,0,0,952.0,0.01796,0.0111295998096,0.0290895998096,0.0120275998096,0.08553766678823783,0.032726472905475514,0.07915128662995152,0.0008818316163735859,0.00033738631861314966,0.0008159926456696034,AlphaSparse 248af573c867cf4c7e05d40c611c7c34ebac4715,CUDA,13040,13000,2026-10-06T07:32:25.539849+00:00,derived,csr-alg2,0,0,,,,5,20,4,true
3,A100-SXM4-80GB-suitesparse_all-fp64-n2-row-major-AlphaSparse-SpMM-CSR-pre-plus-solve,AlphaSparse-SpMM-CSR-best-pre-plus-solve,AlphaSparseLib CSR PER MATRIX BEST,per-matrix-best,AlphaSparse-SpMM-CSR,best,pre-plus-solve,"csr-alg1,csr-alg2,csr-alg3,csr-alg4,csr-alg5",manual-selection,csr,ALPHASPARSE_SPMM_CSR_ALG3,workspace-setup,spmm.csr.fp64,fp64,A100-SXM4-80GB,A100-SXM4-80GB,,9700.0,dd6a9a30-d69d-5ea7-834e-7b0f3242a57c,suitesparse_all,Grund/d_dyn1,d_dyn1,87,87,238,2,row-major,N,N,1.0,0.0,20260922,main,pass,pass,0,0,952.0,0.01218,0.0121855996549,0.0243655996549,0.0127945996549,0.07812500221252447,0.039071478374575926,0.07440639220277663,0.0008054123939435511,0.00040279874612964874,0.0007670762082760478,AlphaSparse 248af573c867cf4c7e05d40c611c7c34ebac4715,CUDA,13040,13000,2026-10-06T21:05:49.559172+00:00,derived,csr-alg3,0,0,,,,5,20,4,true
3,A100-SXM4-80GB-suitesparse_all-fp64-n2-row-major-AlphaSparse-SpMM-CSR-pre-plus-solve,AlphaSparse-SpMM-CSR-best-pre-plus-solve,AlphaSparseLib CSR PER MATRIX BEST,per-matrix-best,AlphaSparse-SpMM-CSR,best,pre-plus-solve,"csr-alg1,csr-alg2,csr-alg3,csr-alg4,csr-alg5",manual-selection,csr,ALPHASPARSE_SPMM_CSR_ALG4,workspace-setup,spmm.csr.fp64,fp64,A100-SXM4-80GB,A100-SXM4-80GB,,9700.0,005fdebf-9ece-5bc0-9d3c-6fda0356699d,suitesparse_all,Grund/d_ss,d_ss,53,53,149,2,row-major,N,N,1.0,0.0,20260922,main,pass,pass,0,0,596.0,0.0145,0.00926719978452,0.0237671997845,0.00999219978452,0.06431284679926323,0.02507657634908623,0.059646525575211995,0.0006630190391676622,0.0002585214056606827,0.000614912634796,AlphaSparse 248af573c867cf4c7e05d40c611c7c34ebac4715,CUDA,13040,13000,2026-10-08T15:06:55.246477+00:00,derived,csr-alg4,0,0,,,,5,20,4,true
3,A100-SXM4-80GB-suitesparse_all-fp64-n2-row-major-AlphaSparse-SpMM-CSR-pre-plus-solve,AlphaSparse-SpMM-CSR-best-pre-plus-solve,AlphaSparseLib CSR PER MATRIX BEST,per-matrix-best,AlphaSparse-SpMM-CSR,best,pre-plus-solve,"csr-alg1,csr-alg2,csr-alg3,csr-alg4,csr-alg5",manual-selection,csr,ALPHASPARSE_SPMM_CSR_ALG2,workspace-setup,spmm.csr.fp64,fp64,A100-SXM4-80GB,A100-SXM4-80GB,,9700.0,d94c6f41-d28e-5f45-abb9-189a8a3b4f78,suitesparse_all,Grund/meg1,meg1,2904,2904,58142,2,row-major,N,N,1.0,0.0,20260922,main,pass,pass,0,0,232568.0,0.01351,0.016128000617,0.029638000617,0.016803500617,14.42013833722561,7.84695307235407,13.840449398068424,0.14866121997139803,0.08089642342633062,0.1426850453409116,AlphaSparse 248af573c867cf4c7e05d40c611c7c34ebac4715,CUDA,13040,13000,2026-10-06T02:18:24.788963+00:00,derived,csr-alg2,0,0,,,,5,20,4,true
3,A100-SXM4-80GB-suitesparse_all-fp64-n2-row-major-AlphaSparse-SpMM-CSR-pre-plus-solve,AlphaSparse-SpMM-CSR-best-pre-plus-solve,AlphaSparseLib CSR PER MATRIX BEST,per-matrix-best,AlphaSparse-SpMM-CSR,best,pre-plus-solve,"csr-alg1,csr-alg2,csr-alg3,csr-alg4,csr-alg5",manual-selection,csr,ALPHASPARSE_SPMM_CSR_ALG2,workspace-setup,spmm.csr.fp64,fp64,A100-SXM4-80GB,A100-SXM4-80GB,,9700.0,018f64fd-81d1-5f6a-986f-7d386c913e5c,suitesparse_all,Grund/meg4,meg4,5860,5860,46842,2,row-major,N,N,1.0,0.0,20260922,main,pass,pass,0,0,187368.0,0.0129,0.0154111996293,0.0283111996293,0.0160561996293,12.157911422013715,6.618158271403235,11.66951111258503,0.1253392930104507,0.06822843578766222,0.12030423827407247,AlphaSparse 248af573c867cf4c7e05d40c611c7c34ebac4715,CUDA,13040,13000,2026-10-06T21:13:52.563110+00:00,derived,csr-alg2,0,0,,,,5,20,4,true
3,A100-SXM4-80GB-suitesparse_all-fp64-n2-row-major-AlphaSparse-SpMM-CSR-pre-plus-solve,AlphaSparse-SpMM-CSR-best-pre-plus-solve,AlphaSparseLib CSR PER MATRIX BEST,per-matrix-best,AlphaSparse-SpMM-CSR,best,pre-plus-solve,"csr-alg1,csr-alg2,csr-alg3,csr-alg4,csr-alg5",manual-selection,csr,ALPHASPARSE_SPMM_CSR_ALG3,workspace-setup,spmm.csr.fp64,fp64,A100-SXM4-80GB,A100-SXM4-80GB,,9700.0,752b02ae-c4ef-54eb-ad5c-0957985c94ee,suitesparse_all,Grund/poli_large,poli_large,15575,15575,33074,2,row-major,N,N,1.0,0.0,20260922,main,pass,pass,0,0,132296.0,0.013231,0.016435199976,0.029666199976,0.017096749976,8.049552192439961,4.459485883160892,7.738078885502444,0.08298507414886558,0.045974081269699915,0.07977400912889117,AlphaSparse 248af573c867cf4c7e05d40c611c7c34ebac4715,CUDA,13040,13000,2026-10-08T05:53:08.694322+00:00,derived,csr-alg3,0,0,,,,5,20,4,true
3,A100-SXM4-80GB-suitesparse_all-fp64-n2-row-major-AlphaSparse-SpMM-CSR-pre-plus-solve,AlphaSparse-SpMM-CSR-best-pre-plus-solve,AlphaSparseLib CSR PER MATRIX BEST,per-matrix-best,AlphaSparse-SpMM-CSR,best,pre-plus-solve,"csr-alg1,csr-alg2,csr-alg3,csr-alg4,csr-alg5",manual-selection,csr,ALPHASPARSE_SPMM_CSR_ALG3,workspace-setup,spmm.csr.fp64,fp64,A100-SXM4-80GB,A100-SXM4-80GB,,9700.0,a0827285-e98d-55a9-b486-73107367c8f5,suitesparse_all,Grund/poli3,poli3,16955,16955,37849,2,row-major,N,N,1.0,0.0,20260922,main,pass,pass,0,0,151396.0,0.0176,0.0165887996554,0.0341887996554,0.0174687996554,9.126398723533772,4.428233852196316,8.666651572319115,0.09408658477869868,0.04565189538346717,0.08934692342597025,AlphaSparse 248af573c867cf4c7e05d40c611c7c34ebac4715,CUDA,13040,13000,2026-10-06T08:06:40.016797+00:00,derived,csr-alg3,0,0,,,,5,20,4,true
3,A100-SXM4-80GB-suitesparse_all-fp64-n2-row-major-AlphaSparse-SpMM-CSR-pre-plus-solve,AlphaSparse-SpMM-CSR-best-pre-plus-solve,AlphaSparseLib CSR PER MATRIX BEST,per-matrix-best,AlphaSparse-SpMM-CSR,best,pre-plus-solve,"csr-alg1,csr-alg2,csr-alg3,csr-alg4,csr-alg5",manual-selection,csr,ALPHASPARSE_SPMM_CSR_ALG2,workspace-setup,spmm.csr.fp64,fp64,A100-SXM4-80GB,A100-SXM4-80GB,,9700.0,dd6a9a30-d69d-5ea7-834e-7b0f3242a57c,suitesparse_all,Grund/poli4,poli4,33833,33833,73249,2,row-major,N,N,1.0,0.0,20260922,main,pass,pass,0,0,292996.0,0.01422,0.0151552006602,0.0293752006602,0.0158662006602,19.333033363883775,9.974263780842039,18.46667682295067,0.19930962230808014,0.10282746165816534,0.19037811157681103,AlphaSparse 248af573c867cf4c7e05d40c611c7c34ebac4715,CUDA,13040,13000,2026-10-06T20:34:43.958715+00:00,derived,csr-alg2,0,0,,,,5,20,4,true
3,A100-SXM4-80GB-suitesparse_all-fp64-n2-row-major-AlphaSparse-SpMM-CSR-pre-plus-solve,AlphaSparse-SpMM-CSR-best-pre-plus-solve,AlphaSparseLib CSR PER MATRIX BEST,per-matrix-best,AlphaSparse-SpMM-CSR,best,pre-plus-solve,"csr-alg1,csr-alg2,csr-alg3,csr-alg4,csr-alg5",manual-selection,csr,ALPHASPARSE_SPMM_CSR_ALG5,workspace-setup,spmm.csr.fp64,fp64,A100-SXM4-80GB,A100-SXM4-80GB,,9700.0,152f8cc9-7213-5fba-8430-8cd9341fa530,suitesparse_all,Gset/G1,G1,800,800,38352,2,row-major,N,N,1.0,0.0,20260922,main,pass,pass,0,0,153408.0,0.01652,0.0139264002442,0.0304464002442,0.0147524002442,11.015624806840563,5.038625215774861,10.398850184417505,0.11356314233856249,0.05194458985334908,0.10720464107646913,AlphaSparse 248af573c867cf4c7e05d40c611c7c34ebac4715,CUDA,13040,13000,2026-10-08T02:19:21.904130+00:00,derived,csr-alg5,0,0,,,,5,20,4,true
3,A100-SXM4-80GB-suitesparse_all-fp64-n2-row-major-AlphaSparse-SpMM-CSR-pre-plus-solve,AlphaSparse-SpMM-CSR-best-pre-plus-solve,AlphaSparseLib CSR PER MATRIX BEST,per-matrix-best,AlphaSparse-SpMM-CSR,best,pre-plus-solve,"csr-alg1,csr-alg2,csr-alg3,csr-alg4,csr-alg5",manual-selection,csr,ALPHASPARSE_SPMM_CSR_ALG3,workspace-setup,spmm.csr.fp64,fp64,A100-SXM4-80GB,A100-SXM4-80GB,,9700.0,a0827285-e98d-55a9-b486-73107367c8f5,suitesparse_all,Gset/G10,G10,800,800,38352,2,row-major,N,N,1.0,0.0,20260922,main,pass,pass,0,0,153408.0,0.01305,0.0146944001317,0.0277444001317,0.0153469001317,10.43989537681469,5.529332019138528,9.99602517013361,0.10762778738984216,0.057003422877716786,0.10305180587766609,AlphaSparse 248af573c867cf4c7e05d40c611c7c34ebac4715,CUDA,13040,13000,2026-10-06T08:00:45.487005+00:00,derived,csr-alg3,0,0,,,,5,20,4,true
3,A100-SXM4-80GB-suitesparse_all-fp64-n2-row-major-AlphaSparse-SpMM-CSR-pre-plus-solve,AlphaSparse-SpMM-CSR-best-pre-plus-solve,AlphaSparseLib CSR PER MATRIX BEST,per-matrix-best,AlphaSparse-SpMM-CSR,best,pre-plus-solve,"csr-alg1,csr-alg2,csr-alg3,csr-alg4,csr-alg5",manual-selection,csr,ALPHASPARSE_SPMM_CSR_ALG1,workspace-setup,spmm.csr.fp64,fp64,A100-SXM4-80GB,A100-SXM4-80GB,,9700.0,dd6a9a30-d69d-5ea7-834e-7b0f3242a57c,suitesparse_all,Gset/G11,G11,800,800,3200,2,row-major,N,N,1.0,0.0,20260922,main,pass,pass,0,0,12800.0,0.01131,0.00506879985332,0.0163787998533,0.00563429985332,2.525252598327819,0.7814980410436517,2.2717995728355893,0.026033531941523906,0.008056680835501564,0.02342061415294422,AlphaSparse 248af573c867cf4c7e05d40c611c7c34ebac4715,CUDA,13040,13000,2026-10-06T19:49:03.348247+00:00,derived,csr-alg1,0,0,,,,5,20,4,true
3,A100-SXM4-80GB-suitesparse_all-fp64-n2-row-major-AlphaSparse-SpMM-CSR-pre-plus-solve,AlphaSparse-SpMM-CSR-best-pre-plus-solve,AlphaSparseLib CSR PER MATRIX BEST,per-matrix-best,AlphaSparse-SpMM-CSR,best,pre-plus-solve,"csr-alg1,csr-alg2,csr-alg3,csr-alg4,csr-alg5",manual-selection,csr,ALPHASPARSE_SPMM_CSR_ALG4,workspace-setup,spmm.csr.fp64,fp64,A100-SXM4-80GB,A100-SXM4-80GB,,9700.0,005fdebf-9ece-5bc0-9d3c-6fda0356699d,suitesparse_all,Gset/G12,G12,800,800,3200,2,row-major,N,N,1.0,0.0,20260922,main,pass,pass,0,0,12800.0,0.01336,0.00967679992318,0.0230367999232,0.0103447999232,1.3227513332520833,0.5556327286199729,1.2373366420836995,0.013636611683011168,0.005728172459999721,0.012756047856532985,AlphaSparse 248af573c867cf4c7e05d40c611c7c34ebac4715,CUDA,13040,13000,2026-10-08T15:06:55.858641+00:00,derived,csr-alg4,0,0,,,,5,20,4,true
3,A100-SXM4-80GB-suitesparse_all-fp64-n2-row-major-AlphaSparse-SpMM-CSR-pre-plus-solve,AlphaSparse-SpMM-CSR-best-pre-plus-solve,AlphaSparseLib CSR PER MATRIX BEST,per-matrix-best,AlphaSparse-SpMM-CSR,best,pre-plus-solve,"csr-alg1,csr-alg2,csr-alg3,csr-alg4,csr-alg5",manual-selection,csr,ALPHASPARSE_SPMM_CSR_ALG1,workspace-setup,spmm.csr.fp64,fp64,A100-SXM4-80GB,A100-SXM4-80GB,,9700.0,d94c6f41-d28e-5f45-abb9-189a8a3b4f78,suitesparse_all,Gset/G13,G13,800,800,3200,2,row-major,N,N,1.0,0.0,20260922,main,pass,pass,0,0,12800.0,0.01126,0.00496639981866,0.0162263998187,0.00552939981866,2.5773196817354926,0.7888379519188681,2.314898618255817,0.02657030599727312,0.008132350019782146,0.02386493420882286,AlphaSparse 248af573c867cf4c7e05d40c611c7c34ebac4715,CUDA,13040,13000,2026-10-06T01:49:51.278734+00:00,derived,csr-alg1,0,0,,,,5,20,4,true
3,A100-SXM4-80GB-suitesparse_all-fp64-n2-row-major-AlphaSparse-SpMM-CSR-pre-plus-solve,AlphaSparse-SpMM-CSR-best-pre-plus-solve,AlphaSparseLib CSR PER MATRIX BEST,per-matrix-best,AlphaSparse-SpMM-CSR,best,pre-plus-solve,"csr-alg1,csr-alg2,csr-alg3,csr-alg4,csr-alg5",manual-selection,csr,ALPHASPARSE_SPMM_CSR_ALG3,workspace-setup,spmm.csr.fp64,fp64,A100-SXM4-80GB,A100-SXM4-80GB,,9700.0,018f64fd-81d1-5f6a-986f-7d386c913e5c,suitesparse_all,Gset/G14,G14,800,800,9388,2,row-major,N,N,1.0,0.0,20260922,main,pass,pass,0,0,37552.0,0.01072,0.0143360003829,0.0250560003829,0.0148720003829,2.6194195728951066,1.4987228378886905,2.525013383080445,0.027004325493763987,0.015450750906068974,0.026031065804953044,AlphaSparse 248af573c867cf4c7e05d40c611c7c34ebac4715,CUDA,13040,13000,2026-10-06T21:51:43.798749+00:00,derived,csr-alg3,0,0,,,,5,20,4,true
3,A100-SXM4-80GB-suitesparse_all-fp64-n2-row-major-AlphaSparse-SpMM-CSR-pre-plus-solve,AlphaSparse-SpMM-CSR-best-pre-plus-solve,AlphaSparseLib CSR PER MATRIX BEST,per-matrix-best,AlphaSparse-SpMM-CSR,best,pre-plus-solve,"csr-alg1,csr-alg2,csr-alg3,csr-alg4,csr-alg5",manual-selection,csr,ALPHASPARSE_SPMM_CSR_ALG5,workspace-setup,spmm.csr.fp64,fp64,A100-SXM4-80GB,A100-SXM4-80GB,,9700.0,752b02ae-c4ef-54eb-ad5c-0957985c94ee,suitesparse_all,Gset/G16,G16,800,800,9344,2,row-major,N,N,1.0,0.0,20260922,main,pass,pass,0,0,37376.0,0.01135,0.0134911999106,0.0248411999106,0.0140586999106,2.770398500331596,1.5045972068382762,2.6585673097566573,0.02856080928176903,0.015511311410703877,0.027407910409862447,AlphaSparse 248af573c867cf4c7e05d40c611c7c34ebac4715,CUDA,13040,13000,2026-10-08T07:55:52.099711+00:00,derived,csr-alg5,0,0,,,,5,20,4,true
3,A100-SXM4-80GB-suitesparse_all-fp64-n2-row-major-AlphaSparse-SpMM-CSR-pre-plus-solve,AlphaSparse-SpMM-CSR-best-pre-plus-solve,AlphaSparseLib CSR PER MATRIX BEST,per-matrix-best,AlphaSparse-SpMM-CSR,best,pre-plus-solve,"csr-alg1,csr-alg2,csr-alg3,csr-alg4,csr-alg5",manual-selection,csr,ALPHASPARSE_SPMM_CSR_ALG5,workspace-setup,spmm.csr.fp64,fp64,A100-SXM4-80GB,A100-SXM4-80GB,,9700.0,152f8cc9-7213-5fba-8430-8cd9341fa530,suitesparse_all,Gset/G17,G17,800,800,9334,2,row-major,N,N,1.0,0.0,20260922,main,pass,pass,0,0,37336.0,0.016909,0.0134143993258,0.0303233993258,0.0142598493258,2.783277811641661,1.2312603741703023,2.6182604841727803,0.028693585687027432,0.012693405919281467,0.026992376125492584,AlphaSparse 248af573c867cf4c7e05d40c611c7c34ebac4715,CUDA,13040,13000,2026-10-08T02:19:22.549611+00:00,derived,csr-alg5,0,0,,,,5,20,4,true
3,A100-SXM4-80GB-suitesparse_all-fp64-n2-row-major-AlphaSparse-SpMM-CSR-pre-plus-solve,AlphaSparse-SpMM-CSR-best-pre-plus-solve,AlphaSparseLib CSR PER MATRIX BEST,per-matrix-best,AlphaSparse-SpMM-CSR,best,pre-plus-solve,"csr-alg1,csr-alg2,csr-alg3,csr-alg4,csr-alg5",manual-selection,csr,ALPHASPARSE_SPMM_CSR_ALG5,workspace-setup,spmm.csr.fp64,fp64,A100-SXM4-80GB,A100-SXM4-80GB,,9700.0,a0827285-e98d-55a9-b486-73107367c8f5,suitesparse_all,Gset/G18,G18,800,800,9388,2,row-major,N,N,1.0,0.0,20260922,main,pass,pass,0,0,37552.0,0.01585,0.0135168001056,0.0293668001056,0.0143093001056,2.7781723267803775,1.2787229069890782,2.624307249332473,0.028640951822478118,0.013182710381330703,0.02705471391064405,AlphaSparse 248af573c867cf4c7e05d40c611c7c34ebac4715,CUDA,13040,13000,2026-10-06T08:56:34.339480+00:00,derived,csr-alg5,0,0,,,,5,20,4,true
3,A100-SXM4-80GB-suitesparse_all-fp64-n2-row-major-AlphaSparse-SpMM-CSR-pre-plus-solve,AlphaSparse-SpMM-CSR-best-pre-plus-solve,AlphaSparseLib CSR PER MATRIX BEST,per-matrix-best,AlphaSparse-SpMM-CSR,best,pre-plus-solve,"csr-alg1,csr-alg2,csr-alg3,csr-alg4,csr-alg5",manual-selection,csr,ALPHASPARSE_SPMM_CSR_ALG3,workspace-setup,spmm.csr.fp64,fp64,A100-SXM4-80GB,A100-SXM4-80GB,,9700.0,dd6a9a30-d69d-5ea7-834e-7b0f3242a57c,suitesparse_all,Gset/G19,G19,800,800,9322,2,row-major,N,N,1.0,0.0,20260922,main,pass,pass,0,0,37288.0,0.01172,0.0139264002442,0.0256464002442,0.0145124002442,2.6775045486380824,1.4539272430029542,2.569388893122794,0.027603139676681265,0.014988940649514991,0.026488545289925714,AlphaSparse 248af573c867cf4c7e05d40c611c7c34ebac4715,CUDA,13040,13000,2026-10-06T21:05:51.524102+00:00,derived,csr-alg3,0,0,,,,5,20,4,true
3,A100-SXM4-80GB-suitesparse_all-fp64-n2-row-major-AlphaSparse-SpMM-CSR-pre-plus-solve,AlphaSparse-SpMM-CSR-best-pre-plus-solve,AlphaSparseLib CSR PER MATRIX BEST,per-matrix-best,AlphaSparse-SpMM-CSR,best,pre-plus-solve,"csr-alg1,csr-alg2,csr-alg3,csr-alg4,csr-alg5",manual-selection,csr,ALPHASPARSE_SPMM_CSR_ALG5,workspace-setup,spmm.csr.fp64,fp64,A100-SXM4-80GB,A100-SXM4-80GB,,9700.0,005fdebf-9ece-5bc0-9d3c-6fda0356699d,suitesparse_all,Gset/G2,G2,800,800,38352,2,row-major,N,N,1.0,0.0,20260922,main,pass,pass,0,0,153408.0,0.012851,0.0117247998714,0.0245757998714,0.0123673498714,13.084061278879833,6.24223833212965,12.404274286341833,0.13488722967917355,0.06435297249618196,0.12787911635403953,AlphaSparse 248af573c867cf4c7e05d40c611c7c34ebac4715,CUDA,13040,13000,2026-10-08T15:30:54.771070+00:00,derived,csr-alg5,0,0,,,,5,20,4,true
3,A100-SXM4-80GB-suitesparse_all-fp64-n2-row-major-AlphaSparse-SpMM-CSR-pre-plus-solve,AlphaSparse-SpMM-CSR-best-pre-plus-solve,AlphaSparseLib CSR PER MATRIX BEST,per-matrix-best,AlphaSparse-SpMM-CSR,best,pre-plus-solve,"csr-alg1,csr-alg2,csr-alg3,csr-alg4,csr-alg5",manual-selection,csr,ALPHASPARSE_SPMM_CSR_ALG2,workspace-setup,spmm.csr.fp64,fp64,A100-SXM4-80GB,A100-SXM4-80GB,,9700.0,d94c6f41-d28e-5f45-abb9-189a8a3b4f78,suitesparse_all,Gset/G20,G20,800,800,9344,2,row-major,N,N,1.0,0.0,20260922,main,pass,pass,0,0,37376.0,0.01229,0.0133120000362,0.0256020000362,0.0139265000362,2.807692300057207,1.4598859443462278,2.683804251092973,0.02894528144388873,0.01505037056027039,0.027668085062814155,AlphaSparse 248af573c867cf4c7e05d40c611c7c34ebac4715,CUDA,13040,13000,2026-10-06T02:18:26.083357+00:00,derived,csr-alg2,0,0,,,,5,20,4,true
3,A100-SXM4-80GB-suitesparse_all-fp64-n2-row-major-AlphaSparse-SpMM-CSR-pre-plus-solve,AlphaSparse-SpMM-CSR-best-pre-plus-solve,AlphaSparseLib CSR PER MATRIX BEST,per-matrix-best,AlphaSparse-SpMM-CSR,best,pre-plus-solve,"csr-alg1,csr-alg2,csr-alg3,csr-alg4,csr-alg5",manual-selection,csr,ALPHASPARSE_SPMM_CSR_ALG3,workspace-setup,spmm.csr.fp64,fp64,A100-SXM4-80GB,A100-SXM4-80GB,,9700.0,018f64fd-81d1-5f6a-986f-7d386c913e5c,suitesparse_all,Gset/G21,G21,800,800,9334,2,row-major,N,N,1.0,0.0,20260922,main,pass,pass,0,0,37336.0,0.01119,0.0153088003397,0.0264988003397,0.0158683003397,2.438858641534263,1.4089694447059142,2.3528669864277263,0.02514287259313673,0.014525458192844476,0.02425636068482192,AlphaSparse 248af573c867cf4c7e05d40c611c7c34ebac4715,CUDA,13040,13000,2026-10-06T21:51:44.643566+00:00,derived,csr-alg3,0,0,,,,5,20,4,true
3,A100-SXM4-80GB-suitesparse_all-fp64-n2-row-major-AlphaSparse-SpMM-CSR-pre-plus-solve,AlphaSparse-SpMM-CSR-best-pre-plus-solve,AlphaSparseLib CSR PER MATRIX BEST,per-matrix-best,AlphaSparse-SpMM-CSR,best,pre-plus-solve,"csr-alg1,csr-alg2,csr-alg3,csr-alg4,csr-alg5",manual-selection,csr,ALPHASPARSE_SPMM_CSR_ALG2,workspace-setup,spmm.csr.fp64,fp64,A100-SXM4-80GB,A100-SXM4-80GB,,9700.0,752b02ae-c4ef-54eb-ad5c-0957985c94ee,suitesparse_all,Gset/G23,G23,2000,2000,39980,2,row-major,N,N,1.0,0.0,20260922,main,pass,pass,0,0,159920.0,0.01112,0.0157695993781,0.0268895993781,0.0163255993781,10.141031244084017,5.947280870619644,9.795658725677473,0.10454671385653626,0.06131217392391385,0.10098617242966466,AlphaSparse 248af573c867cf4c7e05d40c611c7c34ebac4715,CUDA,13040,13000,2026-10-08T04:51:19.573417+00:00,derived,csr-alg2,0,0,,,,5,20,4,true
3,A100-SXM4-80GB-suitesparse_all-fp64-n2-row-major-AlphaSparse-SpMM-CSR-pre-plus-solve,AlphaSparse-SpMM-CSR-best-pre-plus-solve,AlphaSparseLib CSR PER MATRIX BEST,per-matrix-best,AlphaSparse-SpMM-CSR,best,pre-plus-solve,"csr-alg1,csr-alg2,csr-alg3,csr-alg4,csr-alg5",manual-selection,csr,ALPHASPARSE_SPMM_CSR_ALG5,workspace-setup,spmm.csr.fp64,fp64,A100-SXM4-80GB,A100-SXM4-80GB,,9700.0,152f8cc9-7213-5fba-8430-8cd9341fa530,suitesparse_all,Gset/G24,G24,2000,2000,39980,2,row-major,N,N,1.0,0.0,20260922,main,pass,pass,0,0,159920.0,0.014069,0.0143871992826,0.0284561992826,0.0150906492826,11.115436497318042,5.6198650568836035,10.597290878954617,0.11459212883833032,0.057936753163748494,0.10925042143252181,AlphaSparse 248af573c867cf4c7e05d40c611c7c34ebac4715,CUDA,13040,13000,2026-10-08T02:19:23.493444+00:00,derived,csr-alg5,0,0,,,,5,20,4,true
3,A100-SXM4-80GB-suitesparse_all-fp64-n2-row-major-AlphaSparse-SpMM-CSR-pre-plus-solve,AlphaSparse-SpMM-CSR-best-pre-plus-solve,AlphaSparseLib CSR PER MATRIX BEST,per-matrix-best,AlphaSparse-SpMM-CSR,best,pre-plus-solve,"csr-alg1,csr-alg2,csr-alg3,csr-alg4,csr-alg5",manual-selection,csr,ALPHASPARSE_SPMM_CSR_ALG5,workspace-setup,spmm.csr.fp64,fp64,A100-SXM4-80GB,A100-SXM4-80GB,,9700.0,a0827285-e98d-55a9-b486-73107367c8f5,suitesparse_all,Gset/G25,G25,2000,2000,39980,2,row-major,N,N,1.0,0.0,20260922,main,pass,pass,0,0,159920.0,0.01706,0.0147456005216,0.0318056005216,0.0155986005216,10.84526871358967,5.028045293199046,10.252201777880806,0.11180689395453268,0.0518355184865881,0.10569280183382274,AlphaSparse 248af573c867cf4c7e05d40c611c7c34ebac4715,CUDA,13040,13000,2026-10-06T08:56:34.960324+00:00,derived,csr-alg5,0,0,,,,5,20,4,true
3,A100-SXM4-80GB-suitesparse_all-fp64-n2-row-major-AlphaSparse-SpMM-CSR-pre-plus-solve,AlphaSparse-SpMM-CSR-best-pre-plus-solve,AlphaSparseLib CSR PER MATRIX BEST,per-matrix-best,AlphaSparse-SpMM-CSR,best,pre-plus-solve,"csr-alg1,csr-alg2,csr-alg3,csr-alg4,csr-alg5",manual-selection,csr,ALPHASPARSE_SPMM_CSR_ALG5,workspace-setup,spmm.csr.fp64,fp64,A100-SXM4-80GB,A100-SXM4-80GB,,9700.0,dd6a9a30-d69d-5ea7-834e-7b0f3242a57c,suitesparse_all,Gset/G26,G26,2000,2000,39980,2,row-major,N,N,1.0,0.0,20260922,main,pass,pass,0,0,159920.0,0.01278,0.014284799993,0.027064799993,0.014923799993,11.195116492941155,5.908781887963757,10.715769447125423,0.11541357209217686,0.06091527719550265,0.11047184997036519,AlphaSparse 248af573c867cf4c7e05d40c611c7c34ebac4715,CUDA,13040,13000,2026-10-06T22:20:33.155814+00:00,derived,csr-alg5,0,0,,,,5,20,4,true
3,A100-SXM4-80GB-suitesparse_all-fp64-n2-row-major-AlphaSparse-SpMM-CSR-pre-plus-solve,AlphaSparse-SpMM-CSR-best-pre-plus-solve,AlphaSparseLib CSR PER MATRIX BEST,per-matrix-best,AlphaSparse-SpMM-CSR,best,pre-plus-solve,"csr-alg1,csr-alg2,csr-alg3,csr-alg4,csr-alg5",manual-selection,csr,ALPHASPARSE_SPMM_CSR_ALG5,workspace-setup,spmm.csr.fp64,fp64,A100-SXM4-80GB,A100-SXM4-80GB,,9700.0,005fdebf-9ece-5bc0-9d3c-6fda0356699d,suitesparse_all,Gset/G27,G27,2000,2000,39980,2,row-major,N,N,1.0,0.0,20260922,main,pass,pass,0,0,159920.0,0.01406,0.0120832003653,0.0261432003653,0.0127862003653,13.234904260898558,6.117078160494176,12.507234004716603,0.13644231196802636,0.06306266144839358,0.12894055674965568,AlphaSparse 248af573c867cf4c7e05d40c611c7c34ebac4715,CUDA,13040,13000,2026-10-08T15:30:55.381205+00:00,derived,csr-alg5,0,0,,,,5,20,4,true
3,A100-SXM4-80GB-suitesparse_all-fp64-n2-row-major-AlphaSparse-SpMM-CSR-pre-plus-solve,AlphaSparse-SpMM-CSR-best-pre-plus-solve,AlphaSparseLib CSR PER MATRIX BEST,per-matrix-best,AlphaSparse-SpMM-CSR,best,pre-plus-solve,"csr-alg1,csr-alg2,csr-alg3,csr-alg4,csr-alg5",manual-selection,csr,ALPHASPARSE_SPMM_CSR_ALG5,workspace-setup,spmm.csr.fp64,fp64,A100-SXM4-80GB,A100-SXM4-80GB,,9700.0,d94c6f41-d28e-5f45-abb9-189a8a3b4f78,suitesparse_all,Gset/G28,G28,2000,2000,39980,2,row-major,N,N,1.0,0.0,20260922,main,pass,pass,0,0,159920.0,0.01285,0.0139264002442,0.0267764002442,0.0145689002442,11.483225901582335,5.972423422922208,10.97680657561407,0.1183837721812612,0.06157137549404339,0.11316295438777392,AlphaSparse 248af573c867cf4c7e05d40c611c7c34ebac4715,CUDA,13040,13000,2026-10-06T03:32:30.829244+00:00,derived,csr-alg5,0,0,,,,5,20,4,true
3,A100-SXM4-80GB-suitesparse_all-fp64-n2-row-major-AlphaSparse-SpMM-CSR-pre-plus-solve,AlphaSparse-SpMM-CSR-best-pre-plus-solve,AlphaSparseLib CSR PER MATRIX BEST,per-matrix-best,AlphaSparse-SpMM-CSR,best,pre-plus-solve,"csr-alg1,csr-alg2,csr-alg3,csr-alg4,csr-alg5",manual-selection,csr,ALPHASPARSE_SPMM_CSR_ALG5,workspace-setup,spmm.csr.fp64,fp64,A100-SXM4-80GB,A100-SXM4-80GB,,9700.0,018f64fd-81d1-5f6a-986f-7d386c913e5c,suitesparse_all,Gset/G29,G29,2000,2000,39980,2,row-major,N,N,1.0,0.0,20260922,main,pass,pass,0,0,159920.0,0.01298,0.014284799993,0.027264799993,0.014933799993,11.195116492941155,5.865438222215387,10.708593932887823,0.11541357209217686,0.060468435280571,0.11039787559678169,AlphaSparse 248af573c867cf4c7e05d40c611c7c34ebac4715,CUDA,13040,13000,2026-10-06T23:06:38.504328+00:00,derived,csr-alg5,0,0,,,,5,20,4,true
3,A100-SXM4-80GB-suitesparse_all-fp64-n2-row-major-AlphaSparse-SpMM-CSR-pre-plus-solve,AlphaSparse-SpMM-CSR-best-pre-plus-solve,AlphaSparseLib CSR PER MATRIX BEST,per-matrix-best,AlphaSparse-SpMM-CSR,best,pre-plus-solve,"csr-alg1,csr-alg2,csr-alg3,csr-alg4,csr-alg5",manual-selection,csr,ALPHASPARSE_SPMM_CSR_ALG2,workspace-setup,spmm.csr.fp64,fp64,A100-SXM4-80GB,A100-SXM4-80GB,,9700.0,752b02ae-c4ef-54eb-ad5c-0957985c94ee,suitesparse_all,Gset/G30,G30,2000,2000,39980,2,row-major,N,N,1.0,0.0,20260922,main,pass,pass,0,0,159920.0,0.01116,0.0158720001578,0.0270320001578,0.0164300001578,10.07560473853765,5.915951430395933,9.733414392213465,0.10387221379935722,0.06098919000408178,0.1003444782702419,AlphaSparse 248af573c867cf4c7e05d40c611c7c34ebac4715,CUDA,13040,13000,2026-10-08T04:51:20.157426+00:00,derived,csr-alg2,0,0,,,,5,20,4,true
3,A100-SXM4-80GB-suitesparse_all-fp64-n2-row-major-AlphaSparse-SpMM-CSR-pre-plus-solve,AlphaSparse-SpMM-CSR-best-pre-plus-solve,AlphaSparseLib CSR PER MATRIX BEST,per-matrix-best,AlphaSparse-SpMM-CSR,best,pre-plus-solve,"csr-alg1,csr-alg2,csr-alg3,csr-alg4,csr-alg5",manual-selection,csr,ALPHASPARSE_SPMM_CSR_ALG5,workspace-setup,spmm.csr.fp64,fp64,A100-SXM4-80GB,A100-SXM4-80GB,,9700.0,152f8cc9-7213-5fba-8430-8cd9341fa530,suitesparse_all,Gset/G31,G31,2000,2000,39980,2,row-major,N,N,1.0,0.0,20260922,main,pass,pass,0,0,159920.0,0.01944,0.0143360003829,0.0337760003829,0.0153080003829,11.15513363062914,4.73472282647663,10.446824928136317,0.11500137763535195,0.04881157553068691,0.107699226063261,AlphaSparse 248af573c867cf4c7e05d40c611c7c34ebac4715,CUDA,13040,13000,2026-10-08T02:19:24.194601+00:00,derived,csr-alg5,0,0,,,,5,20,4,true
3,A100-SXM4-80GB-suitesparse_all-fp64-n2-row-major-AlphaSparse-SpMM-CSR-pre-plus-solve,AlphaSparse-SpMM-CSR-best-pre-plus-solve,AlphaSparseLib CSR PER MATRIX BEST,per-matrix-best,AlphaSparse-SpMM-CSR,best,pre-plus-solve,"csr-alg1,csr-alg2,csr-alg3,csr-alg4,csr-alg5",manual-selection,csr,ALPHASPARSE_SPMM_CSR_ALG1,workspace-setup,spmm.csr.fp64,fp64,A100-SXM4-80GB,A100-SXM4-80GB,,9700.0,a0827285-e98d-55a9-b486-73107367c8f5,suitesparse_all,Gset/G32,G32,2000,2000,8000,2,row-major,N,N,1.0,0.0,20260922,main,pass,pass,0,0,32000.0,0.01678,0.00522239990532,0.0220023999053,0.00606139990532,6.127451091480366,1.4543868004277,5.279308493061823,0.06316959888124088,0.014993678354924744,0.05442586075321467,AlphaSparse 248af573c867cf4c7e05d40c611c7c34ebac4715,CUDA,13040,13000,2026-10-06T07:03:49.783189+00:00,derived,csr-alg1,0,0,,,,5,20,4,true
3,A100-SXM4-80GB-suitesparse_all-fp64-n2-row-major-AlphaSparse-SpMM-CSR-pre-plus-solve,AlphaSparse-SpMM-CSR-best-pre-plus-solve,AlphaSparseLib CSR PER MATRIX BEST,per-matrix-best,AlphaSparse-SpMM-CSR,best,pre-plus-solve,"csr-alg1,csr-alg2,csr-alg3,csr-alg4,csr-alg5",manual-selection,csr,ALPHASPARSE_SPMM_CSR_ALG4,workspace-setup,spmm.csr.fp64,fp64,A100-SXM4-80GB,A100-SXM4-80GB,,9700.0,dd6a9a30-d69d-5ea7-834e-7b0f3242a57c,suitesparse_all,Gset/G33,G33,2000,2000,8000,2,row-major,N,N,1.0,0.0,20260922,main,pass,pass,0,0,32000.0,0.01376,0.00824320018291,0.0220032001829,0.00893120018291,3.8819874915015604,1.4543339029778546,3.5829451075604077,0.040020489603108875,0.014993133020390254,0.03693757842845781,AlphaSparse 248af573c867cf4c7e05d40c611c7c34ebac4715,CUDA,13040,13000,2026-10-06T21:43:56.985219+00:00,derived,csr-alg4,0,0,,,,5,20,4,true
3,A100-SXM4-80GB-suitesparse_all-fp64-n2-row-major-AlphaSparse-SpMM-CSR-pre-plus-solve,AlphaSparse-SpMM-CSR-best-pre-plus-solve,AlphaSparseLib CSR PER MATRIX BEST,per-matrix-best,AlphaSparse-SpMM-CSR,best,pre-plus-solve,"csr-alg1,csr-alg2,csr-alg3,csr-alg4,csr-alg5",manual-selection,csr,ALPHASPARSE_SPMM_CSR_ALG1,workspace-setup,spmm.csr.fp64,fp64,A100-SXM4-80GB,A100-SXM4-80GB,,9700.0,005fdebf-9ece-5bc0-9d3c-6fda0356699d,suitesparse_all,Gset/G34,G34,2000,2000,8000,2,row-major,N,N,1.0,0.0,20260922,main,pass,pass,0,0,32000.0,0.01536,0.00426400005817,0.0196240000582,0.00503200005817,7.504690329139814,1.6306563343403895,6.359300403433923,0.07736794153752385,0.016810890044746285,0.06555979797354561,AlphaSparse 248af573c867cf4c7e05d40c611c7c34ebac4715,CUDA,13040,13000,2026-10-08T13:53:25.495042+00:00,derived,csr-alg1,0,0,,,,5,20,4,true
3,A100-SXM4-80GB-suitesparse_all-fp64-n2-row-major-AlphaSparse-SpMM-CSR-pre-plus-solve,AlphaSparse-SpMM-CSR-best-pre-plus-solve,AlphaSparseLib CSR PER MATRIX BEST,per-matrix-best,AlphaSparse-SpMM-CSR,best,pre-plus-solve,"csr-alg1,csr-alg2,csr-alg3,csr-alg4,csr-alg5",manual-selection,csr,ALPHASPARSE_SPMM_CSR_ALG5,workspace-setup,spmm.csr.fp64,fp64,A100-SXM4-80GB,A100-SXM4-80GB,,9700.0,d94c6f41-d28e-5f45-abb9-189a8a3b4f78,suitesparse_all,Gset/G35,G35,2000,2000,23556,2,row-major,N,N,1.0,0.0,20260922,main,pass,pass,0,0,94224.0,0.01312,0.0139776006341,0.0270976006341,0.0146336006341,6.741071122759759,3.477208232282647,6.438880105859537,0.06949557858515215,0.035847507549305636,0.06638020727690244,AlphaSparse 248af573c867cf4c7e05d40c611c7c34ebac4715,CUDA,13040,13000,2026-10-06T03:32:31.471796+00:00,derived,csr-alg5,0,0,,,,5,20,4,true
3,A100-SXM4-80GB-suitesparse_all-fp64-n2-row-major-AlphaSparse-SpMM-CSR-pre-plus-solve,AlphaSparse-SpMM-CSR-best-pre-plus-solve,AlphaSparseLib CSR PER MATRIX BEST,per-matrix-best,AlphaSparse-SpMM-CSR,best,pre-plus-solve,"csr-alg1,csr-alg2,csr-alg3,csr-alg4,csr-alg5",manual-selection,csr,ALPHASPARSE_SPMM_CSR_ALG3,workspace-setup,spmm.csr.fp64,fp64,A100-SXM4-80GB,A100-SXM4-80GB,,9700.0,018f64fd-81d1-5f6a-986f-7d386c913e5c,suitesparse_all,Gset/G36,G36,2000,2000,23532,2,row-major,N,N,1.0,0.0,20260922,main,pass,pass,0,0,94128.0,0.01171,0.0151040002704,0.0268140002704,0.0156895002704,6.231991413855239,3.5104049769070818,5.999426264556241,0.06424733416345607,0.03618974202996991,0.06184975530470351,AlphaSparse 248af573c867cf4c7e05d40c611c7c34ebac4715,CUDA,13040,13000,2026-10-06T21:51:46.209659+00:00,derived,csr-alg3,0,0,,,,5,20,4,true
3,A100-SXM4-80GB-suitesparse_all-fp64-n2-row-major-AlphaSparse-SpMM-CSR-pre-plus-solve,AlphaSparse-SpMM-CSR-best-pre-plus-solve,AlphaSparseLib CSR PER MATRIX BEST,per-matrix-best,AlphaSparse-SpMM-CSR,best,pre-plus-solve,"csr-alg1,csr-alg2,csr-alg3,csr-alg4,csr-alg5",manual-selection,csr,ALPHASPARSE_SPMM_CSR_ALG5,workspace-setup,spmm.csr.fp64,fp64,A100-SXM4-80GB,A100-SXM4-80GB,,9700.0,752b02ae-c4ef-54eb-ad5c-0957985c94ee,suitesparse_all,Gset/G38,G38,2000,2000,23558,2,row-major,N,N,1.0,0.0,20260922,main,pass,pass,0,0,94232.0,0.01138,0.0146111994982,0.0259911994982,0.0151801994982,6.449299389253342,3.6255348663891387,6.2075600528948,0.06648762256962208,0.037376648107104525,0.06399546446283298,AlphaSparse 248af573c867cf4c7e05d40c611c7c34ebac4715,CUDA,13040,13000,2026-10-08T07:55:54.009069+00:00,derived,csr-alg5,0,0,,,,5,20,4,true
3,A100-SXM4-80GB-suitesparse_all-fp64-n2-row-major-AlphaSparse-SpMM-CSR-pre-plus-solve,AlphaSparse-SpMM-CSR-best-pre-plus-solve,AlphaSparseLib CSR PER MATRIX BEST,per-matrix-best,AlphaSparse-SpMM-CSR,best,pre-plus-solve,"csr-alg1,csr-alg2,csr-alg3,csr-alg4,csr-alg5",manual-selection,csr,ALPHASPARSE_SPMM_CSR_ALG3,workspace-setup,spmm.csr.fp64,fp64,A100-SXM4-80GB,A100-SXM4-80GB,,9700.0,152f8cc9-7213-5fba-8430-8cd9341fa530,suitesparse_all,Gset/G39,G39,2000,2000,23556,2,row-major,N,N,1.0,0.0,20260922,main,pass,pass,0,0,94224.0,0.01722,0.0147456005216,0.0319656005216,0.0156066005216,6.389973732299106,2.9476686958009863,6.037445494269631,0.06587601785875366,0.030388337070113264,0.06224170612649105,AlphaSparse 248af573c867cf4c7e05d40c611c7c34ebac4715,CUDA,13040,13000,2026-10-08T00:21:51.959582+00:00,derived,csr-alg3,0,0,,,,5,20,4,true
3,A100-SXM4-80GB-suitesparse_all-fp64-n2-row-major-AlphaSparse-SpMM-CSR-pre-plus-solve,AlphaSparse-SpMM-CSR-best-pre-plus-solve,AlphaSparseLib CSR PER MATRIX BEST,per-matrix-best,AlphaSparse-SpMM-CSR,best,pre-plus-solve,"csr-alg1,csr-alg2,csr-alg3,csr-alg4,csr-alg5",manual-selection,csr,ALPHASPARSE_SPMM_CSR_ALG3,workspace-setup,spmm.csr.fp64,fp64,A100-SXM4-80GB,A100-SXM4-80GB,,9700.0,a0827285-e98d-55a9-b486-73107367c8f5,suitesparse_all,Gset/G4,G4,800,800,38352,2,row-major,N,N,1.0,0.0,20260922,main,pass,pass,0,0,153408.0,0.01778,0.0119808003306,0.0297608003306,0.0128698003306,12.80448682615824,5.15470008520793,11.919998450577983,0.1320050188263736,0.05314123799183433,0.12288658196472149,AlphaSparse 248af573c867cf4c7e05d40c611c7c34ebac4715,CUDA,13040,13000,2026-10-06T08:00:49.403161+00:00,derived,csr-alg3,0,0,,,,5,20,4,true
3,A100-SXM4-80GB-suitesparse_all-fp64-n2-row-major-AlphaSparse-SpMM-CSR-pre-plus-solve,AlphaSparse-SpMM-CSR-best-pre-plus-solve,AlphaSparseLib CSR PER MATRIX BEST,per-matrix-best,AlphaSparse-SpMM-CSR,best,pre-plus-solve,"csr-alg1,csr-alg2,csr-alg3,csr-alg4,csr-alg5",manual-selection,csr,ALPHASPARSE_SPMM_CSR_ALG5,workspace-setup,spmm.csr.fp64,fp64,A100-SXM4-80GB,A100-SXM4-80GB,,9700.0,dd6a9a30-d69d-5ea7-834e-7b0f3242a57c,suitesparse_all,Gset/G40,G40,2000,2000,23532,2,row-major,N,N,1.0,0.0,20260922,main,pass,pass,0,0,94128.0,0.01274,0.0141824007034,0.0269224007034,0.0148194007034,6.636958154583402,3.4962706720323307,6.351673855367466,0.06842224901632374,0.03604402754672506,0.06548117376667491,AlphaSparse 248af573c867cf4c7e05d40c611c7c34ebac4715,CUDA,13040,13000,2026-10-06T22:20:34.720451+00:00,derived,csr-alg5,0,0,,,,5,20,4,true
3,A100-SXM4-80GB-suitesparse_all-fp64-n2-row-major-AlphaSparse-SpMM-CSR-pre-plus-solve,AlphaSparse-SpMM-CSR-best-pre-plus-solve,AlphaSparseLib CSR PER MATRIX BEST,per-matrix-best,AlphaSparse-SpMM-CSR,best,pre-plus-solve,"csr-alg1,csr-alg2,csr-alg3,csr-alg4,csr-alg5",manual-selection,csr,ALPHASPARSE_SPMM_CSR_ALG2,workspace-setup,spmm.csr.fp64,fp64,A100-SXM4-80GB,A100-SXM4-80GB,,9700.0,005fdebf-9ece-5bc0-9d3c-6fda0356699d,suitesparse_all,Gset/G41,G41,2000,2000,23570,2,row-major,N,N,1.0,0.0,20260922,main,pass,pass,0,0,94280.0,0.013471,0.0131071999669,0.0265781999669,0.0137807499669,7.192993182227179,3.547268066212707,6.841427369805798,0.07415456888893998,0.03656977387848152,0.07053017907016286,AlphaSparse 248af573c867cf4c7e05d40c611c7c34ebac4715,CUDA,13040,13000,2026-10-08T14:19:36.053651+00:00,derived,csr-alg2,0,0,,,,5,20,4,true
3,A100-SXM4-80GB-suitesparse_all-fp64-n2-row-major-AlphaSparse-SpMM-CSR-pre-plus-solve,AlphaSparse-SpMM-CSR-best-pre-plus-solve,AlphaSparseLib CSR PER MATRIX BEST,per-matrix-best,AlphaSparse-SpMM-CSR,best,pre-plus-solve,"csr-alg1,csr-alg2,csr-alg3,csr-alg4,csr-alg5",manual-selection,csr,ALPHASPARSE_SPMM_CSR_ALG5,workspace-setup,spmm.csr.fp64,fp64,A100-SXM4-80GB,A100-SXM4-80GB,,9700.0,d94c6f41-d28e-5f45-abb9-189a8a3b4f78,suitesparse_all,Gset/G42,G42,2000,2000,23558,2,row-major,N,N,1.0,0.0,20260922,main,pass,pass,0,0,94232.0,0.01348,0.013670399785,0.027150399785,0.014344399785,6.89314149417906,3.4707407900513165,6.56925360505769,0.07106331437298,0.035780832887126975,0.06772426396966691,AlphaSparse 248af573c867cf4c7e05d40c611c7c34ebac4715,CUDA,13040,13000,2026-10-06T03:32:32.140437+00:00,derived,csr-alg5,0,0,,,,5,20,4,true
3,A100-SXM4-80GB-suitesparse_all-fp64-n2-row-major-AlphaSparse-SpMM-CSR-pre-plus-solve,AlphaSparse-SpMM-CSR-best-pre-plus-solve,AlphaSparseLib CSR PER MATRIX BEST,per-matrix-best,AlphaSparse-SpMM-CSR,best,pre-plus-solve,"csr-alg1,csr-alg2,csr-alg3,csr-alg4,csr-alg5",manual-selection,csr,ALPHASPARSE_SPMM_CSR_ALG5,workspace-setup,spmm.csr.fp64,fp64,A100-SXM4-80GB,A100-SXM4-80GB,,9700.0,018f64fd-81d1-5f6a-986f-7d386c913e5c,suitesparse_all,Gset/G43,G43,1000,1000,19980,2,row-major,N,N,1.0,0.0,20260922,main,pass,pass,0,0,79920.0,0.01332,0.0134655997157,0.0267855997157,0.0141315997157,5.935123699453101,2.983692762090969,5.655410682996495,0.061186842262403104,0.030759719196814115,0.05830320291748964,AlphaSparse 248af573c867cf4c7e05d40c611c7c34ebac4715,CUDA,13040,13000,2026-10-06T23:06:39.954620+00:00,derived,csr-alg5,0,0,,,,5,20,4,true
3,A100-SXM4-80GB-suitesparse_all-fp64-n2-row-major-AlphaSparse-SpMM-CSR-pre-plus-solve,AlphaSparse-SpMM-CSR-best-pre-plus-solve,AlphaSparseLib CSR PER MATRIX BEST,per-matrix-best,AlphaSparse-SpMM-CSR,best,pre-plus-solve,"csr-alg1,csr-alg2,csr-alg3,csr-alg4,csr-alg5",manual-selection,csr,ALPHASPARSE_SPMM_CSR_ALG2,workspace-setup,spmm.csr.fp64,fp64,A100-SXM4-80GB,A100-SXM4-80GB,,9700.0,752b02ae-c4ef-54eb-ad5c-0957985c94ee,suitesparse_all,Gset/G45,G45,1000,1000,19980,2,row-major,N,N,1.0,0.0,20260922,main,pass,pass,0,0,79920.0,0.01079,0.014899200201,0.025689200201,0.015438700201,5.364046319388067,3.11103496312388,5.176601589479884,0.05529944659162956,0.03207252539302969,0.0533670266956689,AlphaSparse 248af573c867cf4c7e05d40c611c7c34ebac4715,CUDA,13040,13000,2026-10-08T04:51:21.456625+00:00,derived,csr-alg2,0,0,,,,5,20,4,true
3,A100-SXM4-80GB-suitesparse_all-fp64-n2-row-major-AlphaSparse-SpMM-CSR-pre-plus-solve,AlphaSparse-SpMM-CSR-best-pre-plus-solve,AlphaSparseLib CSR PER MATRIX BEST,per-matrix-best,AlphaSparse-SpMM-CSR,best,pre-plus-solve,"csr-alg1,csr-alg2,csr-alg3,csr-alg4,csr-alg5",manual-selection,csr,ALPHASPARSE_SPMM_CSR_ALG1,workspace-setup,spmm.csr.fp64,fp64,A100-SXM4-80GB,A100-SXM4-80GB,,9700.0,152f8cc9-7213-5fba-8430-8cd9341fa530,suitesparse_all,Gset/G46,G46,1000,1000,19980,2,row-major,N,N,1.0,0.0,20260922,main,pass,pass,0,0,79920.0,0.01522,0.0141632005572,0.0293832005572,0.0149242005572,5.642792367250063,2.7199215362676537,5.355060707854369,0.05817311718814499,0.028040428208944885,0.05520681142117906,AlphaSparse 248af573c867cf4c7e05d40c611c7c34ebac4715,CUDA,13040,13000,2026-10-07T22:25:11.689366+00:00,derived,csr-alg1,0,0,,,,5,20,4,true
3,A100-SXM4-80GB-suitesparse_all-fp64-n2-row-major-AlphaSparse-SpMM-CSR-pre-plus-solve,AlphaSparse-SpMM-CSR-best-pre-plus-solve,AlphaSparseLib CSR PER MATRIX BEST,per-matrix-best,AlphaSparse-SpMM-CSR,best,pre-plus-solve,"csr-alg1,csr-alg2,csr-alg3,csr-alg4,csr-alg5",manual-selection,csr,ALPHASPARSE_SPMM_CSR_ALG3,workspace-setup,spmm.csr.fp64,fp64,A100-SXM4-80GB,A100-SXM4-80GB,,9700.0,a0827285-e98d-55a9-b486-73107367c8f5,suitesparse_all,Gset/G47,G47,1000,1000,19980,2,row-major,N,N,1.0,0.0,20260922,main,pass,pass,0,0,79920.0,0.01644,0.0144896000624,0.0309296000624,0.0153116000624,5.515680188260653,2.5839325383698015,5.219572067863496,0.05686268235320261,0.026638479777008263,0.05381002131818037,AlphaSparse 248af573c867cf4c7e05d40c611c7c34ebac4715,CUDA,13040,13000,2026-10-06T08:00:50.182742+00:00,derived,csr-alg3,0,0,,,,5,20,4,true
3,A100-SXM4-80GB-suitesparse_all-fp64-n2-row-major-AlphaSparse-SpMM-CSR-pre-plus-solve,AlphaSparse-SpMM-CSR-best-pre-plus-solve,AlphaSparseLib CSR PER MATRIX BEST,per-matrix-best,AlphaSparse-SpMM-CSR,best,pre-plus-solve,"csr-alg1,csr-alg2,csr-alg3,csr-alg4,csr-alg5",manual-selection,csr,ALPHASPARSE_SPMM_CSR_ALG1,workspace-setup,spmm.csr.fp64,fp64,A100-SXM4-80GB,A100-SXM4-80GB,,9700.0,dd6a9a30-d69d-5ea7-834e-7b0f3242a57c,suitesparse_all,Gset/G48,G48,3000,3000,12000,2,row-major,N,N,1.0,0.0,20260922,main,pass,pass,0,0,48000.0,0.01434,0.00522239990532,0.0195623999053,0.00593939990532,9.19117663722055,2.453686676091079,8.081624535334917,0.09475439832186135,0.02529573892877401,0.08331571685912285,AlphaSparse 248af573c867cf4c7e05d40c611c7c34ebac4715,CUDA,13040,13000,2026-10-06T19:49:10.664027+00:00,derived,csr-alg1,0,0,,,,5,20,4,true
3,A100-SXM4-80GB-suitesparse_all-fp64-n2-row-major-AlphaSparse-SpMM-CSR-pre-plus-solve,AlphaSparse-SpMM-CSR-best-pre-plus-solve,AlphaSparseLib CSR PER MATRIX BEST,per-matrix-best,AlphaSparse-SpMM-CSR,best,pre-plus-solve,"csr-alg1,csr-alg2,csr-alg3,csr-alg4,csr-alg5",manual-selection,csr,ALPHASPARSE_SPMM_CSR_ALG1,workspace-setup,spmm.csr.fp64,fp64,A100-SXM4-80GB,A100-SXM4-80GB,,9700.0,005fdebf-9ece-5bc0-9d3c-6fda0356699d,suitesparse_all,Gset/G49,G49,3000,3000,12000,2,row-major,N,N,1.0,0.0,20260922,main,pass,pass,0,0,48000.0,0.01394,0.00436640009284,0.0183064000928,0.00506340009284,10.993037509024917,2.622033810944547,9.479796010565183,0.11333028359819503,0.027031276401490178,0.09772985577902249,AlphaSparse 248af573c867cf4c7e05d40c611c7c34ebac4715,CUDA,13040,13000,2026-10-08T13:53:27.073506+00:00,derived,csr-alg1,0,0,,,,5,20,4,true
3,A100-SXM4-80GB-suitesparse_all-fp64-n2-row-major-AlphaSparse-SpMM-CSR-pre-plus-solve,AlphaSparse-SpMM-CSR-best-pre-plus-solve,AlphaSparseLib CSR PER MATRIX BEST,per-matrix-best,AlphaSparse-SpMM-CSR,best,pre-plus-solve,"csr-alg1,csr-alg2,csr-alg3,csr-alg4,csr-alg5",manual-selection,csr,ALPHASPARSE_SPMM_CSR_ALG5,workspace-setup,spmm.csr.fp64,fp64,A100-SXM4-80GB,A100-SXM4-80GB,,9700.0,d94c6f41-d28e-5f45-abb9-189a8a3b4f78,suitesparse_all,Gset/G5,G5,800,800,38352,2,row-major,N,N,1.0,0.0,20260922,main,pass,pass,0,0,153408.0,0.01293,0.0134143993258,0.0263443993258,0.0140608993258,11.436069277060316,5.82317319528945,10.91025520099667,0.11789762141299295,0.06003271335349948,0.1124768577422337,AlphaSparse 248af573c867cf4c7e05d40c611c7c34ebac4715,CUDA,13040,13000,2026-10-06T03:32:32.788391+00:00,derived,csr-alg5,0,0,,,,5,20,4,true
3,A100-SXM4-80GB-suitesparse_all-fp64-n2-row-major-AlphaSparse-SpMM-CSR-pre-plus-solve,AlphaSparse-SpMM-CSR-best-pre-plus-solve,AlphaSparseLib CSR PER MATRIX BEST,per-matrix-best,AlphaSparse-SpMM-CSR,best,pre-plus-solve,"csr-alg1,csr-alg2,csr-alg3,csr-alg4,csr-alg5",manual-selection,csr,ALPHASPARSE_SPMM_CSR_ALG1,workspace-setup,spmm.csr.fp64,fp64,A100-SXM4-80GB,A100-SXM4-80GB,,9700.0,018f64fd-81d1-5f6a-986f-7d386c913e5c,suitesparse_all,Gset/G50,G50,3000,3000,12000,2,row-major,N,N,1.0,0.0,20260922,main,pass,pass,0,0,48000.0,0.01471,0.00563200004399,0.020342000044,0.00636750004399,8.5227272061586,2.359649980148235,7.538280277721406,0.08786316707379999,0.024326288455136444,0.077714229667231,AlphaSparse 248af573c867cf4c7e05d40c611c7c34ebac4715,CUDA,13040,13000,2026-10-06T20:26:24.854906+00:00,derived,csr-alg1,0,0,,,,5,20,4,true
3,A100-SXM4-80GB-suitesparse_all-fp64-n2-row-major-AlphaSparse-SpMM-CSR-pre-plus-solve,AlphaSparse-SpMM-CSR-best-pre-plus-solve,AlphaSparseLib CSR PER MATRIX BEST,per-matrix-best,AlphaSparse-SpMM-CSR,best,pre-plus-solve,"csr-alg1,csr-alg2,csr-alg3,csr-alg4,csr-alg5",manual-selection,csr,ALPHASPARSE_SPMM_CSR_ALG3,workspace-setup,spmm.csr.fp64,fp64,A100-SXM4-80GB,A100-SXM4-80GB,,9700.0,752b02ae-c4ef-54eb-ad5c-0957985c94ee,suitesparse_all,Gset/G52,G52,1000,1000,11832,2,row-major,N,N,1.0,0.0,20260922,main,pass,pass,0,0,47328.0,0.0121,0.0140287995338,0.0261287995338,0.0146337995338,3.373631498972614,1.8113346515892124,3.234156644737787,0.0347797061749754,0.018673553109167136,0.033341821079771,AlphaSparse 248af573c867cf4c7e05d40c611c7c34ebac4715,CUDA,13040,13000,2026-10-08T05:53:13.188303+00:00,derived,csr-alg3,0,0,,,,5,20,4,true
3,A100-SXM4-80GB-suitesparse_all-fp64-n2-row-major-AlphaSparse-SpMM-CSR-pre-plus-solve,AlphaSparse-SpMM-CSR-best-pre-plus-solve,AlphaSparseLib CSR PER MATRIX BEST,per-matrix-best,AlphaSparse-SpMM-CSR,best,pre-plus-solve,"csr-alg1,csr-alg2,csr-alg3,csr-alg4,csr-alg5",manual-selection,csr,ALPHASPARSE_SPMM_CSR_ALG3,workspace-setup,spmm.csr.fp64,fp64,A100-SXM4-80GB,A100-SXM4-80GB,,9700.0,152f8cc9-7213-5fba-8430-8cd9341fa530,suitesparse_all,Gset/G53,G53,1000,1000,11828,2,row-major,N,N,1.0,0.0,20260922,main,pass,pass,0,0,47312.0,0.0181,0.0141824007034,0.0322824007034,0.0150874007034,3.3359655385182934,1.4655663447922282,3.135861566223138,0.0343913973043123,0.0151089313896106,0.032328469754877714,AlphaSparse 248af573c867cf4c7e05d40c611c7c34ebac4715,CUDA,13040,13000,2026-10-08T00:21:53.250719+00:00,derived,csr-alg3,0,0,,,,5,20,4,true
3,A100-SXM4-80GB-suitesparse_all-fp64-n2-row-major-AlphaSparse-SpMM-CSR-pre-plus-solve,AlphaSparse-SpMM-CSR-best-pre-plus-solve,AlphaSparseLib CSR PER MATRIX BEST,per-matrix-best,AlphaSparse-SpMM-CSR,best,pre-plus-solve,"csr-alg1,csr-alg2,csr-alg3,csr-alg4,csr-alg5",manual-selection,csr,ALPHASPARSE_SPMM_CSR_ALG2,workspace-setup,spmm.csr.fp64,fp64,A100-SXM4-80GB,A100-SXM4-80GB,,9700.0,a0827285-e98d-55a9-b486-73107367c8f5,suitesparse_all,Gset/G54,G54,1000,1000,11832,2,row-major,N,N,1.0,0.0,20260922,main,pass,pass,0,0,47328.0,0.01772,0.0117247998714,0.0294447998714,0.0126107998714,4.036572096675694,1.6073466352872077,3.7529736799118543,0.04161414532655354,0.016570583868940284,0.03869045030836963,AlphaSparse 248af573c867cf4c7e05d40c611c7c34ebac4715,CUDA,13040,13000,2026-10-06T07:32:31.503067+00:00,derived,csr-alg2,0,0,,,,5,20,4,true
3,A100-SXM4-80GB-suitesparse_all-fp64-n2-row-major-AlphaSparse-SpMM-CSR-pre-plus-solve,AlphaSparse-SpMM-CSR-best-pre-plus-solve,AlphaSparseLib CSR PER MATRIX BEST,per-matrix-best,AlphaSparse-SpMM-CSR,best,pre-plus-solve,"csr-alg1,csr-alg2,csr-alg3,csr-alg4,csr-alg5",manual-selection,csr,ALPHASPARSE_SPMM_CSR_ALG1,workspace-setup,spmm.csr.fp64,fp64,A100-SXM4-80GB,A100-SXM4-80GB,,9700.0,dd6a9a30-d69d-5ea7-834e-7b0f3242a57c,suitesparse_all,Gset/G55,G55,5000,5000,24996,2,row-major,N,N,1.0,0.0,20260922,main,pass,pass,0,0,99984.0,0.0164,0.0100864000618,0.0264864000618,0.0109064000618,9.91275374637054,3.7749184399053872,9.167461255175942,0.10219333759144889,0.038916684947478214,0.09450990984717467,AlphaSparse 248af573c867cf4c7e05d40c611c7c34ebac4715,CUDA,13040,13000,2026-10-06T19:49:11.876097+00:00,derived,csr-alg1,0,0,,,,5,20,4,true
3,A100-SXM4-80GB-suitesparse_all-fp64-n2-row-major-AlphaSparse-SpMM-CSR-pre-plus-solve,AlphaSparse-SpMM-CSR-best-pre-plus-solve,AlphaSparseLib CSR PER MATRIX BEST,per-matrix-best,AlphaSparse-SpMM-CSR,best,pre-plus-solve,"csr-alg1,csr-alg2,csr-alg3,csr-alg4,csr-alg5",manual-selection,csr,ALPHASPARSE_SPMM_CSR_ALG1,workspace-setup,spmm.csr.fp64,fp64,A100-SXM4-80GB,A100-SXM4-80GB,,9700.0,005fdebf-9ece-5bc0-9d3c-6fda0356699d,suitesparse_all,Gset/G56,G56,5000,5000,24996,2,row-major,N,N,1.0,0.0,20260922,main,pass,pass,0,0,99984.0,0.01593,0.00809279978275,0.0240227997828,0.00888929978275,12.354685978160283,4.162046093877334,11.247680069697108,0.12736789668206477,0.04290769168945705,0.11595546463605266,AlphaSparse 248af573c867cf4c7e05d40c611c7c34ebac4715,CUDA,13040,13000,2026-10-08T13:53:27.918857+00:00,derived,csr-alg1,0,0,,,,5,20,4,true
3,A100-SXM4-80GB-suitesparse_all-fp64-n2-row-major-AlphaSparse-SpMM-CSR-pre-plus-solve,AlphaSparse-SpMM-CSR-best-pre-plus-solve,AlphaSparseLib CSR PER MATRIX BEST,per-matrix-best,AlphaSparse-SpMM-CSR,best,pre-plus-solve,"csr-alg1,csr-alg2,csr-alg3,csr-alg4,csr-alg5",manual-selection,csr,ALPHASPARSE_SPMM_CSR_ALG1,workspace-setup,spmm.csr.fp64,fp64,A100-SXM4-80GB,A100-SXM4-80GB,,9700.0,d94c6f41-d28e-5f45-abb9-189a8a3b4f78,suitesparse_all,Gset/G57,G57,5000,5000,20000,2,row-major,N,N,1.0,0.0,20260922,main,pass,pass,0,0,80000.0,0.01308,0.00511999987066,0.0181999998707,0.00577399987066,15.625000394714366,4.395604426832508,13.85521333426278,0.1610824782960244,0.045315509554974306,0.14283725086868845,AlphaSparse 248af573c867cf4c7e05d40c611c7c34ebac4715,CUDA,13040,13000,2026-10-06T01:49:55.322145+00:00,derived,csr-alg1,0,0,,,,5,20,4,true
3,A100-SXM4-80GB-suitesparse_all-fp64-n2-row-major-AlphaSparse-SpMM-CSR-pre-plus-solve,AlphaSparse-SpMM-CSR-best-pre-plus-solve,AlphaSparseLib CSR PER MATRIX BEST,per-matrix-best,AlphaSparse-SpMM-CSR,best,pre-plus-solve,"csr-alg1,csr-alg2,csr-alg3,csr-alg4,csr-alg5",manual-selection,csr,ALPHASPARSE_SPMM_CSR_ALG3,workspace-setup,spmm.csr.fp64,fp64,A100-SXM4-80GB,A100-SXM4-80GB,,9700.0,018f64fd-81d1-5f6a-986f-7d386c913e5c,suitesparse_all,Gset/G58,G58,5000,5000,59140,2,row-major,N,N,1.0,0.0,20260922,main,pass,pass,0,0,236560.0,0.01255,0.0164864003658,0.0290364003658,0.0171139003658,14.348796265480052,8.147015367601417,13.822681851808353,0.14792573469567066,0.08398984915053008,0.14250187476091086,AlphaSparse 248af573c867cf4c7e05d40c611c7c34ebac4715,CUDA,13040,13000,2026-10-06T21:51:48.639901+00:00,derived,csr-alg3,0,0,,,,5,20,4,true
3,A100-SXM4-80GB-suitesparse_all-fp64-n2-row-major-AlphaSparse-SpMM-CSR-pre-plus-solve,AlphaSparse-SpMM-CSR-best-pre-plus-solve,AlphaSparseLib CSR PER MATRIX BEST,per-matrix-best,AlphaSparse-SpMM-CSR,best,pre-plus-solve,"csr-alg1,csr-alg2,csr-alg3,csr-alg4,csr-alg5",manual-selection,csr,ALPHASPARSE_SPMM_CSR_ALG2,workspace-setup,spmm.csr.fp64,fp64,A100-SXM4-80GB,A100-SXM4-80GB,,9700.0,752b02ae-c4ef-54eb-ad5c-0957985c94ee,suitesparse_all,Gset/G6,G6,800,800,38352,2,row-major,N,N,1.0,0.0,20260922,main,pass,pass,0,0,153408.0,0.01122,0.0147456005216,0.0259656005216,0.0153066005216,10.403645465322436,5.9081244769357255,10.02234296135954,0.10725407696208697,0.060908499762223976,0.10332312331298496,AlphaSparse 248af573c867cf4c7e05d40c611c7c34ebac4715,CUDA,13040,13000,2026-10-08T04:51:22.672664+00:00,derived,csr-alg2,0,0,,,,5,20,4,true
3,A100-SXM4-80GB-suitesparse_all-fp64-n2-row-major-AlphaSparse-SpMM-CSR-pre-plus-solve,AlphaSparse-SpMM-CSR-best-pre-plus-solve,AlphaSparseLib CSR PER MATRIX BEST,per-matrix-best,AlphaSparse-SpMM-CSR,best,pre-plus-solve,"csr-alg1,csr-alg2,csr-alg3,csr-alg4,csr-alg5",manual-selection,csr,ALPHASPARSE_SPMM_CSR_ALG1,workspace-setup,spmm.csr.fp64,fp64,A100-SXM4-80GB,A100-SXM4-80GB,,9700.0,152f8cc9-7213-5fba-8430-8cd9341fa530,suitesparse_all,Gset/G60,G60,7000,7000,34296,2,row-major,N,N,1.0,0.0,20260922,main,pass,pass,0,0,137184.0,0.02056,0.00990400016308,0.0304640001631,0.0109320001631,13.851372954474767,4.503151236394959,12.548847233194568,0.14279765932448213,0.04642423955046349,0.12936955910509865,AlphaSparse 248af573c867cf4c7e05d40c611c7c34ebac4715,CUDA,13040,13000,2026-10-07T22:25:13.141452+00:00,derived,csr-alg1,0,0,,,,5,20,4,true
3,A100-SXM4-80GB-suitesparse_all-fp64-n2-row-major-AlphaSparse-SpMM-CSR-pre-plus-solve,AlphaSparse-SpMM-CSR-best-pre-plus-solve,AlphaSparseLib CSR PER MATRIX BEST,per-matrix-best,AlphaSparse-SpMM-CSR,best,pre-plus-solve,"csr-alg1,csr-alg2,csr-alg3,csr-alg4,csr-alg5",manual-selection,csr,ALPHASPARSE_SPMM_CSR_ALG5,workspace-setup,spmm.csr.fp64,fp64,A100-SXM4-80GB,A100-SXM4-80GB,,9700.0,a0827285-e98d-55a9-b486-73107367c8f5,suitesparse_all,Gset/G61,G61,7000,7000,34296,2,row-major,N,N,1.0,0.0,20260922,main,pass,pass,0,0,137184.0,0.01647,0.0130048006773,0.0294748006773,0.0138283006773,10.548719923055486,4.654280838128014,9.920524813666795,0.10874968992840707,0.047982276681732106,0.10227345168728655,AlphaSparse 248af573c867cf4c7e05d40c611c7c34ebac4715,CUDA,13040,13000,2026-10-06T08:56:38.093904+00:00,derived,csr-alg5,0,0,,,,5,20,4,true
3,A100-SXM4-80GB-suitesparse_all-fp64-n2-row-major-AlphaSparse-SpMM-CSR-pre-plus-solve,AlphaSparse-SpMM-CSR-best-pre-plus-solve,AlphaSparseLib CSR PER MATRIX BEST,per-matrix-best,AlphaSparse-SpMM-CSR,best,pre-plus-solve,"csr-alg1,csr-alg2,csr-alg3,csr-alg4,csr-alg5",manual-selection,csr,ALPHASPARSE_SPMM_CSR_ALG4,workspace-setup,spmm.csr.fp64,fp64,A100-SXM4-80GB,A100-SXM4-80GB,,9700.0,dd6a9a30-d69d-5ea7-834e-7b0f3242a57c,suitesparse_all,Gset/G62,G62,7000,7000,28000,2,row-major,N,N,1.0,0.0,20260922,main,pass,pass,0,0,112000.0,0.01385,0.00988159999251,0.0237315999925,0.0105740999925,11.334196899782741,4.719445803713017,10.591917995804785,0.1168473907194097,0.04865408045064966,0.1091950308845854,AlphaSparse 248af573c867cf4c7e05d40c611c7c34ebac4715,CUDA,13040,13000,2026-10-06T21:43:59.709423+00:00,derived,csr-alg4,0,0,,,,5,20,4,true
3,A100-SXM4-80GB-suitesparse_all-fp64-n2-row-major-AlphaSparse-SpMM-CSR-pre-plus-solve,AlphaSparse-SpMM-CSR-best-pre-plus-solve,AlphaSparseLib CSR PER MATRIX BEST,per-matrix-best,AlphaSparse-SpMM-CSR,best,pre-plus-solve,"csr-alg1,csr-alg2,csr-alg3,csr-alg4,csr-alg5",manual-selection,csr,ALPHASPARSE_SPMM_CSR_ALG5,workspace-setup,spmm.csr.fp64,fp64,A100-SXM4-80GB,A100-SXM4-80GB,,9700.0,005fdebf-9ece-5bc0-9d3c-6fda0356699d,suitesparse_all,Gset/G63,G63,7000,7000,82918,2,row-major,N,N,1.0,0.0,20260922,main,pass,pass,0,0,331672.0,0.01336,0.0157695993781,0.0291295993781,0.0164375993781,21.0323669008744,11.386081754675802,20.17764226824328,0.21682852475128248,0.11738228613067836,0.20801693060044615,AlphaSparse 248af573c867cf4c7e05d40c611c7c34ebac4715,CUDA,13040,13000,2026-10-08T15:30:58.731024+00:00,derived,csr-alg5,0,0,,,,5,20,4,true
3,A100-SXM4-80GB-suitesparse_all-fp64-n2-row-major-AlphaSparse-SpMM-CSR-pre-plus-solve,AlphaSparse-SpMM-CSR-best-pre-plus-solve,AlphaSparseLib CSR PER MATRIX BEST,per-matrix-best,AlphaSparse-SpMM-CSR,best,pre-plus-solve,"csr-alg1,csr-alg2,csr-alg3,csr-alg4,csr-alg5",manual-selection,csr,ALPHASPARSE_SPMM_CSR_ALG5,workspace-setup,spmm.csr.fp64,fp64,A100-SXM4-80GB,A100-SXM4-80GB,,9700.0,d94c6f41-d28e-5f45-abb9-189a8a3b4f78,suitesparse_all,Gset/G64,G64,7000,7000,82918,2,row-major,N,N,1.0,0.0,20260922,main,pass,pass,0,0,331672.0,0.01347,0.01520639956,0.02867639956,0.01587989956,21.811343223707848,11.566026596401631,20.886278200112244,0.22485920849183347,0.11923738759176938,0.21532245567126027,AlphaSparse 248af573c867cf4c7e05d40c611c7c34ebac4715,CUDA,13040,13000,2026-10-06T03:32:34.735729+00:00,derived,csr-alg5,0,0,,,,5,20,4,true
3,A100-SXM4-80GB-suitesparse_all-fp64-n2-row-major-AlphaSparse-SpMM-CSR-pre-plus-solve,AlphaSparse-SpMM-CSR-best-pre-plus-solve,AlphaSparseLib CSR PER MATRIX BEST,per-matrix-best,AlphaSparse-SpMM-CSR,best,pre-plus-solve,"csr-alg1,csr-alg2,csr-alg3,csr-alg4,csr-alg5",manual-selection,csr,ALPHASPARSE_SPMM_CSR_ALG4,workspace-setup,spmm.csr.fp64,fp64,A100-SXM4-80GB,A100-SXM4-80GB,,9700.0,018f64fd-81d1-5f6a-986f-7d386c913e5c,suitesparse_all,Gset/G65,G65,8000,8000,32000,2,row-major,N,N,1.0,0.0,20260922,main,pass,pass,0,0,128000.0,0.01221,0.0107008002698,0.0229108002698,0.0113113002698,11.961722186446561,5.586884722168518,11.316117240892874,0.12331672357161402,0.0575967497130775,0.11666100248343168,AlphaSparse 248af573c867cf4c7e05d40c611c7c34ebac4715,CUDA,13040,13000,2026-10-06T22:29:10.972195+00:00,derived,csr-alg4,0,0,,,,5,20,4,true
3,A100-SXM4-80GB-suitesparse_all-fp64-n2-row-major-AlphaSparse-SpMM-CSR-pre-plus-solve,AlphaSparse-SpMM-CSR-best-pre-plus-solve,AlphaSparseLib CSR PER MATRIX BEST,per-matrix-best,AlphaSparse-SpMM-CSR,best,pre-plus-solve,"csr-alg1,csr-alg2,csr-alg3,csr-alg4,csr-alg5",manual-selection,csr,ALPHASPARSE_SPMM_CSR_ALG4,workspace-setup,spmm.csr.fp64,fp64,A100-SXM4-80GB,A100-SXM4-80GB,,9700.0,752b02ae-c4ef-54eb-ad5c-0957985c94ee,suitesparse_all,Gset/G67,G67,10000,10000,40000,2,row-major,N,N,1.0,0.0,20260922,main,pass,pass,0,0,160000.0,0.01134,0.011264000088,0.022604000088,0.011831000088,14.204545343572445,7.078393177185517,13.523793323464306,0.14643861178940665,0.07297312553799502,0.13942054972643614,AlphaSparse 248af573c867cf4c7e05d40c611c7c34ebac4715,CUDA,13040,13000,2026-10-08T06:54:53.508545+00:00,derived,csr-alg4,0,0,,,,5,20,4,true
3,A100-SXM4-80GB-suitesparse_all-fp64-n2-row-major-AlphaSparse-SpMM-CSR-pre-plus-solve,AlphaSparse-SpMM-CSR-best-pre-plus-solve,AlphaSparseLib CSR PER MATRIX BEST,per-matrix-best,AlphaSparse-SpMM-CSR,best,pre-plus-solve,"csr-alg1,csr-alg2,csr-alg3,csr-alg4,csr-alg5",manual-selection,csr,ALPHASPARSE_SPMM_CSR_ALG5,workspace-setup,spmm.csr.fp64,fp64,A100-SXM4-80GB,A100-SXM4-80GB,,9700.0,152f8cc9-7213-5fba-8430-8cd9341fa530,suitesparse_all,Gset/G7,G7,800,800,38352,2,row-major,N,N,1.0,0.0,20260922,main,pass,pass,0,0,153408.0,0.01722,0.0141312003136,0.0313512003136,0.0149922003136,10.855978019953387,4.893209780342998,10.232520696834454,0.11191729917477719,0.0504454616530206,0.10548990409107685,AlphaSparse 248af573c867cf4c7e05d40c611c7c34ebac4715,CUDA,13040,13000,2026-10-08T02:19:27.663400+00:00,derived,csr-alg5,0,0,,,,5,20,4,true
3,A100-SXM4-80GB-suitesparse_all-fp64-n2-row-major-AlphaSparse-SpMM-CSR-pre-plus-solve,AlphaSparse-SpMM-CSR-best-pre-plus-solve,AlphaSparseLib CSR PER MATRIX BEST,per-matrix-best,AlphaSparse-SpMM-CSR,best,pre-plus-solve,"csr-alg1,csr-alg2,csr-alg3,csr-alg4,csr-alg5",manual-selection,csr,ALPHASPARSE_SPMM_CSR_ALG5,workspace-setup,spmm.csr.fp64,fp64,A100-SXM4-80GB,A100-SXM4-80GB,,9700.0,a0827285-e98d-55a9-b486-73107367c8f5,suitesparse_all,Gset/G8,G8,800,800,38352,2,row-major,N,N,1.0,0.0,20260922,main,pass,pass,0,0,153408.0,0.015889,0.0123903997242,0.0282793997242,0.0131848497242,12.381198622702623,5.424726178636727,11.635172429643154,0.12764122291446003,0.0559250121508941,0.11995023123343457,AlphaSparse 248af573c867cf4c7e05d40c611c7c34ebac4715,CUDA,13040,13000,2026-10-06T08:56:38.718489+00:00,derived,csr-alg5,0,0,,,,5,20,4,true
3,A100-SXM4-80GB-suitesparse_all-fp64-n2-row-major-AlphaSparse-SpMM-CSR-pre-plus-solve,AlphaSparse-SpMM-CSR-best-pre-plus-solve,AlphaSparseLib CSR PER MATRIX BEST,per-matrix-best,AlphaSparse-SpMM-CSR,best,pre-plus-solve,"csr-alg1,csr-alg2,csr-alg3,csr-alg4,csr-alg5",manual-selection,csr,ALPHASPARSE_SPMM_CSR_ALG5,workspace-setup,spmm.csr.fp64,fp64,A100-SXM4-80GB,A100-SXM4-80GB,,9700.0,dd6a9a30-d69d-5ea7-834e-7b0f3242a57c,suitesparse_all,Gset/G9,G9,800,800,38352,2,row-major,N,N,1.0,0.0,20260922,main,pass,pass,0,0,153408.0,0.01342,0.0113151997328,0.0247351997328,0.0119861997328,13.557692627847096,6.202011775007986,12.798718811618166,0.13977002709120717,0.06393826572173182,0.13194555475895017,AlphaSparse 248af573c867cf4c7e05d40c611c7c34ebac4715,CUDA,13040,13000,2026-10-06T22:20:38.079352+00:00,derived,csr-alg5,0,0,,,,5,20,4,true
3,A100-SXM4-80GB-suitesparse_all-fp64-n2-row-major-AlphaSparse-SpMM-CSR-pre-plus-solve,AlphaSparse-SpMM-CSR-best-pre-plus-solve,AlphaSparseLib CSR PER MATRIX BEST,per-matrix-best,AlphaSparse-SpMM-CSR,best,pre-plus-solve,"csr-alg1,csr-alg2,csr-alg3,csr-alg4,csr-alg5",manual-selection,csr,ALPHASPARSE_SPMM_CSR_ALG1,workspace-setup,spmm.csr.fp64,fp64,A100-SXM4-80GB,A100-SXM4-80GB,,9700.0,752b02ae-c4ef-54eb-ad5c-0957985c94ee,suitesparse_all,Guettel/TEM152078,TEM152078,152078,152078,6459326,2,row-major,N,N,1.0,0.0,20260922,main,pass,pass,0,0,25837304.0,0.03595,0.151142394543,0.187092394543,0.152939894543,170.9467689599776,138.09916786361796,168.93763446878592,1.762337824329666,1.4237027614805977,1.7416250976163494,AlphaSparse 248af573c867cf4c7e05d40c611c7c34ebac4715,CUDA,13040,13000,2026-10-08T04:33:21.484894+00:00,derived,csr-alg1,0,0,,,,5,20,4,true
3,A100-SXM4-80GB-suitesparse_all-fp64-n2-row-major-AlphaSparse-SpMM-CSR-pre-plus-solve,AlphaSparse-SpMM-CSR-best-pre-plus-solve,AlphaSparseLib CSR PER MATRIX BEST,per-matrix-best,AlphaSparse-SpMM-CSR,best,pre-plus-solve,"csr-alg1,csr-alg2,csr-alg3,csr-alg4,csr-alg5",manual-selection,csr,ALPHASPARSE_SPMM_CSR_ALG1,workspace-setup,spmm.csr.fp64,fp64,A100-SXM4-80GB,A100-SXM4-80GB,,9700.0,152f8cc9-7213-5fba-8430-8cd9341fa530,suitesparse_all,Guettel/TEM181302,TEM181302,181302,181302,7839010,2,row-major,N,N,1.0,0.0,20260922,main,pass,pass,0,0,31356040.0,0.045509,0.175564801693,0.221073801693,0.177840251693,178.60094789860264,141.83516888872882,176.31576485917788,1.8412468855526047,1.4622182359662763,1.8176882975172974,AlphaSparse 248af573c867cf4c7e05d40c611c7c34ebac4715,CUDA,13040,13000,2026-10-07T22:41:18.773024+00:00,derived,csr-alg1,0,0,,,,5,20,4,true
3,A100-SXM4-80GB-suitesparse_all-fp64-n2-row-major-AlphaSparse-SpMM-CSR-pre-plus-solve,AlphaSparse-SpMM-CSR-best-pre-plus-solve,AlphaSparseLib CSR PER MATRIX BEST,per-matrix-best,AlphaSparse-SpMM-CSR,best,pre-plus-solve,"csr-alg1,csr-alg2,csr-alg3,csr-alg4,csr-alg5",manual-selection,csr,ALPHASPARSE_SPMM_CSR_ALG5,workspace-setup,spmm.csr.fp64,fp64,A100-SXM4-80GB,A100-SXM4-80GB,,9700.0,005fdebf-9ece-5bc0-9d3c-6fda0356699d,suitesparse_all,Gupta/gupta1,gupta1,31802,31802,2164210,2,row-major,N,N,1.0,0.0,20260922,main,pass,pass,0,0,8656840.0,0.01457,0.0702463984489,0.0848163984489,0.0709748984489,123.23535713076204,102.06564011575608,121.97044573769541,1.2704675992862065,1.0522230939768669,1.2574272756463445,AlphaSparse 248af573c867cf4c7e05d40c611c7c34ebac4715,CUDA,13040,13000,2026-10-08T15:30:59.801524+00:00,derived,csr-alg5,0,0,,,,5,20,4,true
3,A100-SXM4-80GB-suitesparse_all-fp64-n2-row-major-AlphaSparse-SpMM-CSR-pre-plus-solve,AlphaSparse-SpMM-CSR-best-pre-plus-solve,AlphaSparseLib CSR PER MATRIX BEST,per-matrix-best,AlphaSparse-SpMM-CSR,best,pre-plus-solve,"csr-alg1,csr-alg2,csr-alg3,csr-alg4,csr-alg5",manual-selection,csr,ALPHASPARSE_SPMM_CSR_ALG5,workspace-setup,spmm.csr.fp64,fp64,A100-SXM4-80GB,A100-SXM4-80GB,,9700.0,d94c6f41-d28e-5f45-abb9-189a8a3b4f78,suitesparse_all,Gupta/gupta2,gupta2,62064,62064,4248286,2,row-major,N,N,1.0,0.0,20260922,main,pass,pass,0,0,16993144.0,0.01769,0.137215995789,0.154905995789,0.138100495789,123.84229624460637,109.69971764777033,123.04911653585489,1.276724703552643,1.1309249242038177,1.2685475931531431,AlphaSparse 248af573c867cf4c7e05d40c611c7c34ebac4715,CUDA,13040,13000,2026-10-06T03:32:36.448025+00:00,derived,csr-alg5,0,0,,,,5,20,4,true
3,A100-SXM4-80GB-suitesparse_all-fp64-n2-row-major-AlphaSparse-SpMM-CSR-pre-plus-solve,AlphaSparse-SpMM-CSR-best-pre-plus-solve,AlphaSparseLib CSR PER MATRIX BEST,per-matrix-best,AlphaSparse-SpMM-CSR,best,pre-plus-solve,"csr-alg1,csr-alg2,csr-alg3,csr-alg4,csr-alg5",manual-selection,csr,ALPHASPARSE_SPMM_CSR_ALG5,workspace-setup,spmm.csr.fp64,fp64,A100-SXM4-80GB,A100-SXM4-80GB,,9700.0,018f64fd-81d1-5f6a-986f-7d386c913e5c,suitesparse_all,Gupta/gupta3,gupta3,16783,16783,9323427,2,row-major,N,N,1.0,0.0,20260922,main,pass,pass,0,0,37293708.0,0.03426,0.307097601891,0.341357601891,0.308810601891,121.43926807099223,109.25114247758388,120.7656336007643,1.251951217226724,1.126300437913236,1.2450065319666423,AlphaSparse 248af573c867cf4c7e05d40c611c7c34ebac4715,CUDA,13040,13000,2026-10-06T23:06:44.865119+00:00,derived,csr-alg5,0,0,,,,5,20,4,true
3,A100-SXM4-80GB-suitesparse_all-fp64-n2-row-major-AlphaSparse-SpMM-CSR-pre-plus-solve,AlphaSparse-SpMM-CSR-best-pre-plus-solve,AlphaSparseLib CSR PER MATRIX BEST,per-matrix-best,AlphaSparse-SpMM-CSR,best,pre-plus-solve,"csr-alg1,csr-alg2,csr-alg3,csr-alg4,csr-alg5",manual-selection,csr,ALPHASPARSE_SPMM_CSR_ALG5,workspace-setup,spmm.csr.fp64,fp64,A100-SXM4-80GB,A100-SXM4-80GB,,9700.0,752b02ae-c4ef-54eb-ad5c-0957985c94ee,suitesparse_all,Hamm/add32,add32,4960,4960,23884,2,row-major,N,N,1.0,0.0,20260922,main,pass,pass,0,0,95536.0,0.01192,0.014284799993,0.026204799993,0.014880799993,6.687948031951139,3.6457442920961123,6.420084944689841,0.06894791785516638,0.03758499270202177,0.06618644272876124,AlphaSparse 248af573c867cf4c7e05d40c611c7c34ebac4715,CUDA,13040,13000,2026-10-08T07:55:58.250267+00:00,derived,csr-alg5,0,0,,,,5,20,4,true
3,A100-SXM4-80GB-suitesparse_all-fp64-n2-row-major-AlphaSparse-SpMM-CSR-pre-plus-solve,AlphaSparse-SpMM-CSR-best-pre-plus-solve,AlphaSparseLib CSR PER MATRIX BEST,per-matrix-best,AlphaSparse-SpMM-CSR,best,pre-plus-solve,"csr-alg1,csr-alg2,csr-alg3,csr-alg4,csr-alg5",manual-selection,csr,ALPHASPARSE_SPMM_CSR_ALG5,workspace-setup,spmm.csr.fp64,fp64,A100-SXM4-80GB,A100-SXM4-80GB,,9700.0,152f8cc9-7213-5fba-8430-8cd9341fa530,suitesparse_all,Hamm/bcircuit,bcircuit,68902,68902,375558,2,row-major,N,N,1.0,0.0,20260922,main,pass,pass,0,0,1502232.0,0.02313,0.0219648003578,0.0450948003578,0.0231213003578,68.39269993485449,33.31275419961274,64.97177826303442,0.7050793807716959,0.34343045566611075,0.669812147041592,AlphaSparse 248af573c867cf4c7e05d40c611c7c34ebac4715,CUDA,13040,13000,2026-10-08T02:19:28.562101+00:00,derived,csr-alg5,0,0,,,,5,20,4,true
3,A100-SXM4-80GB-suitesparse_all-fp64-n2-row-major-AlphaSparse-SpMM-CSR-pre-plus-solve,AlphaSparse-SpMM-CSR-best-pre-plus-solve,AlphaSparseLib CSR PER MATRIX BEST,per-matrix-best,AlphaSparse-SpMM-CSR,best,pre-plus-solve,"csr-alg1,csr-alg2,csr-alg3,csr-alg4,csr-alg5",manual-selection,csr,ALPHASPARSE_SPMM_CSR_ALG2,workspace-setup,spmm.csr.fp64,fp64,A100-SXM4-80GB,A100-SXM4-80GB,,9700.0,a0827285-e98d-55a9-b486-73107367c8f5,suitesparse_all,Hamm/hcircuit,hcircuit,105676,105676,513072,2,row-major,N,N,1.0,0.0,20260922,main,pass,pass,0,0,2052288.0,0.02454,0.0271872013807,0.0517272013807,0.0284142013807,75.4872843019769,39.6752181680127,72.2275446880584,0.7782194257935763,0.4090228677114711,0.7446138627634886,AlphaSparse 248af573c867cf4c7e05d40c611c7c34ebac4715,CUDA,13040,13000,2026-10-06T07:32:34.469720+00:00,derived,csr-alg2,0,0,,,,5,20,4,true
3,A100-SXM4-80GB-suitesparse_all-fp64-n2-row-major-AlphaSparse-SpMM-CSR-pre-plus-solve,AlphaSparse-SpMM-CSR-best-pre-plus-solve,AlphaSparseLib CSR PER MATRIX BEST,per-matrix-best,AlphaSparse-SpMM-CSR,best,pre-plus-solve,"csr-alg1,csr-alg2,csr-alg3,csr-alg4,csr-alg5",manual-selection,csr,ALPHASPARSE_SPMM_CSR_ALG5,workspace-setup,spmm.csr.fp64,fp64,A100-SXM4-80GB,A100-SXM4-80GB,,9700.0,dd6a9a30-d69d-5ea7-834e-7b0f3242a57c,suitesparse_all,Hamm/memplus,memplus,17758,17758,126150,2,row-major,N,N,1.0,0.0,20260922,main,pass,pass,0,0,504600.0,0.01671,0.0131584003568,0.0298684003568,0.0139939003568,38.34812639206807,16.894108622228913,36.058567456842134,0.39534150919657807,0.17416606827040118,0.37173780883342405,AlphaSparse 248af573c867cf4c7e05d40c611c7c34ebac4715,CUDA,13040,13000,2026-10-06T22:20:38.779598+00:00,derived,csr-alg5,0,0,,,,5,20,4,true
3,A100-SXM4-80GB-suitesparse_all-fp64-n2-row-major-AlphaSparse-SpMM-CSR-pre-plus-solve,AlphaSparse-SpMM-CSR-best-pre-plus-solve,AlphaSparseLib CSR PER MATRIX BEST,per-matrix-best,AlphaSparse-SpMM-CSR,best,pre-plus-solve,"csr-alg1,csr-alg2,csr-alg3,csr-alg4,csr-alg5",manual-selection,csr,ALPHASPARSE_SPMM_CSR_ALG5,workspace-setup,spmm.csr.fp64,fp64,A100-SXM4-80GB,A100-SXM4-80GB,,9700.0,005fdebf-9ece-5bc0-9d3c-6fda0356699d,suitesparse_all,Hamm/scircuit,scircuit,170998,170998,958936,2,row-major,N,N,1.0,0.0,20260922,main,pass,pass,0,0,3835744.0,0.01482,0.0389631986618,0.0537831986618,0.0397041986618,98.44530561502926,71.31862915257162,96.60801953649366,1.0149000578868996,0.7352435995110476,0.9959589642937491,AlphaSparse 248af573c867cf4c7e05d40c611c7c34ebac4715,CUDA,13040,13000,2026-10-08T15:31:01.111519+00:00,derived,csr-alg5,0,0,,,,5,20,4,true
3,A100-SXM4-80GB-suitesparse_all-fp64-n2-row-major-AlphaSparse-SpMM-CSR-pre-plus-solve,AlphaSparse-SpMM-CSR-best-pre-plus-solve,AlphaSparseLib CSR PER MATRIX BEST,per-matrix-best,AlphaSparse-SpMM-CSR,best,pre-plus-solve,"csr-alg1,csr-alg2,csr-alg3,csr-alg4,csr-alg5",manual-selection,csr,ALPHASPARSE_SPMM_CSR_ALG1,workspace-setup,spmm.csr.fp64,fp64,A100-SXM4-80GB,A100-SXM4-80GB,,9700.0,dd6a9a30-d69d-5ea7-834e-7b0f3242a57c,suitesparse_all,Hamrle/Hamrle1,Hamrle1,32,32,98,2,row-major,N,N,1.0,0.0,20260922,main,pass,pass,0,0,392.0,0.01278,0.00404479987919,0.0168247998792,0.00468379987919,0.0969145598566673,0.023298939827784696,0.08369273028543464,0.0009991191737800753,0.00024019525595654327,0.0008628116524271612,AlphaSparse 248af573c867cf4c7e05d40c611c7c34ebac4715,CUDA,13040,13000,2026-10-06T19:51:17.685449+00:00,derived,csr-alg1,0,0,,,,5,20,4,true
3,A100-SXM4-80GB-suitesparse_all-fp64-n2-row-major-AlphaSparse-SpMM-CSR-pre-plus-solve,AlphaSparse-SpMM-CSR-best-pre-plus-solve,AlphaSparseLib CSR PER MATRIX BEST,per-matrix-best,AlphaSparse-SpMM-CSR,best,pre-plus-solve,"csr-alg1,csr-alg2,csr-alg3,csr-alg4,csr-alg5",manual-selection,csr,ALPHASPARSE_SPMM_CSR_ALG1,workspace-setup,spmm.csr.fp64,fp64,A100-SXM4-80GB,A100-SXM4-80GB,,9700.0,005fdebf-9ece-5bc0-9d3c-6fda0356699d,suitesparse_all,Hamrle/Hamrle2,Hamrle2,5952,5952,22162,2,row-major,N,N,1.0,0.0,20260922,main,pass,pass,0,0,88648.0,0.01194,0.00471040010452,0.0166504001045,0.00530740010452,18.819632734581347,5.324076265052733,16.702716632293036,0.19401683231527161,0.05488738417580137,0.17219295497209317,AlphaSparse 248af573c867cf4c7e05d40c611c7c34ebac4715,CUDA,13040,13000,2026-10-08T13:55:03.256204+00:00,derived,csr-alg1,0,0,,,,5,20,4,true
3,A100-SXM4-80GB-suitesparse_all-fp64-n2-row-major-AlphaSparse-SpMM-CSR-pre-plus-solve,AlphaSparse-SpMM-CSR-best-pre-plus-solve,AlphaSparseLib CSR PER MATRIX BEST,per-matrix-best,AlphaSparse-SpMM-CSR,best,pre-plus-solve,"csr-alg1,csr-alg2,csr-alg3,csr-alg4,csr-alg5",manual-selection,csr,ALPHASPARSE_SPMM_CSR_ALG3,workspace-setup,spmm.csr.fp64,fp64,A100-SXM4-80GB,A100-SXM4-80GB,,9700.0,d94c6f41-d28e-5f45-abb9-189a8a3b4f78,suitesparse_all,Hamrle/Hamrle3,Hamrle3,1447360,1447360,5514242,2,row-major,N,N,1.0,0.0,20260922,main,pass,pass,0,0,22056968.0,0.21228,0.288870406151,0.501150406151,0.299484406151,76.35592823056528,44.01267110487801,73.64980462080847,0.7871745178408792,0.4537388773698764,0.7592763362969944,AlphaSparse 248af573c867cf4c7e05d40c611c7c34ebac4715,CUDA,13040,13000,2026-10-06T02:46:16.990688+00:00,derived,csr-alg3,0,0,,,,5,20,4,true
3,A100-SXM4-80GB-suitesparse_all-fp64-n2-row-major-AlphaSparse-SpMM-CSR-pre-plus-solve,AlphaSparse-SpMM-CSR-best-pre-plus-solve,AlphaSparseLib CSR PER MATRIX BEST,per-matrix-best,AlphaSparse-SpMM-CSR,best,pre-plus-solve,"csr-alg1,csr-alg2,csr-alg3,csr-alg4,csr-alg5",manual-selection,csr,ALPHASPARSE_SPMM_CSR_ALG4,workspace-setup,spmm.csr.fp64,fp64,A100-SXM4-80GB,A100-SXM4-80GB,,9700.0,dd6a9a30-d69d-5ea7-834e-7b0f3242a57c,suitesparse_all,Hardesty/Hardesty1,Hardesty1,938905,938905,12143314,2,row-major,N,N,1.0,0.0,20260922,main,pass,pass,0,0,48573256.0,0.43656,0.242585611343,0.679145611343,0.264413611343,200.23139761294675,71.52112181649402,183.70179868308776,2.0642412125046055,0.7373311527473609,1.893832976114307,AlphaSparse 248af573c867cf4c7e05d40c611c7c34ebac4715,CUDA,13040,13000,2026-10-06T22:04:06.243073+00:00,derived,csr-alg4,0,0,,,,5,20,4,true
3,A100-SXM4-80GB-suitesparse_all-fp64-n2-row-major-AlphaSparse-SpMM-CSR-pre-plus-solve,AlphaSparse-SpMM-CSR-best-pre-plus-solve,AlphaSparseLib CSR PER MATRIX BEST,per-matrix-best,AlphaSparse-SpMM-CSR,best,pre-plus-solve,"csr-alg1,csr-alg2,csr-alg3,csr-alg4,csr-alg5",manual-selection,csr,ALPHASPARSE_SPMM_CSR_ALG1,workspace-setup,spmm.csr.fp64,fp64,A100-SXM4-80GB,A100-SXM4-80GB,,9700.0,005fdebf-9ece-5bc0-9d3c-6fda0356699d,suitesparse_all,Hardesty/Hardesty2,Hardesty2,929901,303645,4020731,2,row-major,N,N,1.0,0.0,20260922,main,pass,pass,0,0,16082924.0,0.34433,0.0911872029305,0.43551720293,0.10840370293,176.37259925888827,36.92833231798878,148.3613895586694,1.8182742191637968,0.3807044568864823,1.5294988614295815,AlphaSparse 248af573c867cf4c7e05d40c611c7c34ebac4715,CUDA,13040,13000,2026-10-08T14:18:10.098803+00:00,derived,csr-alg1,0,0,,,,5,20,4,true
3,A100-SXM4-80GB-suitesparse_all-fp64-n2-row-major-AlphaSparse-SpMM-CSR-pre-plus-solve,AlphaSparse-SpMM-CSR-best-pre-plus-solve,AlphaSparseLib CSR PER MATRIX BEST,per-matrix-best,AlphaSparse-SpMM-CSR,best,pre-plus-solve,"csr-alg1,csr-alg2,csr-alg3,csr-alg4,csr-alg5",manual-selection,csr,ALPHASPARSE_SPMM_CSR_ALG1,workspace-setup,spmm.csr.fp64,fp64,A100-SXM4-80GB,A100-SXM4-80GB,,9700.0,d94c6f41-d28e-5f45-abb9-189a8a3b4f78,suitesparse_all,Hardesty/Hardesty3,Hardesty3,8217820,7591564,40451632,2,row-major,N,N,1.0,0.0,20260922,main,pass,pass,0,0,161806528.0,0.46658,0.874393558502,1.3409735585,0.897722558502,185.0499999990907,120.66347391740908,180.24112958685276,1.9077319587535124,1.2439533393547328,1.8581559751221932,AlphaSparse 248af573c867cf4c7e05d40c611c7c34ebac4715,CUDA,13040,13000,2026-10-06T02:16:19.434597+00:00,derived,csr-alg1,0,0,,,,5,20,4,true
3,A100-SXM4-80GB-suitesparse_all-fp64-n2-row-major-AlphaSparse-SpMM-CSR-pre-plus-solve,AlphaSparse-SpMM-CSR-best-pre-plus-solve,AlphaSparseLib CSR PER MATRIX BEST,per-matrix-best,AlphaSparse-SpMM-CSR,best,pre-plus-solve,"csr-alg1,csr-alg2,csr-alg3,csr-alg4,csr-alg5",manual-selection,csr,ALPHASPARSE_SPMM_CSR_ALG1,workspace-setup,spmm.csr.fp64,fp64,A100-SXM4-80GB,A100-SXM4-80GB,,9700.0,152f8cc9-7213-5fba-8430-8cd9341fa530,suitesparse_all,Harvard_Seismology/JP,JP,87616,67320,13734559,2,row-major,N,N,1.0,0.0,20260922,main,pass,pass,0,0,54938236.0,0.039811,0.401151990891,0.440962990891,0.403142540891,136.95117373835413,124.58695431331554,136.27496586834772,1.4118677704984963,1.2844015908589232,1.404896555343791,AlphaSparse 248af573c867cf4c7e05d40c611c7c34ebac4715,CUDA,13040,13000,2026-10-07T22:38:25.084256+00:00,derived,csr-alg1,0,0,,,,5,20,4,true
3,A100-SXM4-80GB-suitesparse_all-fp64-n2-row-major-AlphaSparse-SpMM-CSR-pre-plus-solve,AlphaSparse-SpMM-CSR-best-pre-plus-solve,AlphaSparseLib CSR PER MATRIX BEST,per-matrix-best,AlphaSparse-SpMM-CSR,best,pre-plus-solve,"csr-alg1,csr-alg2,csr-alg3,csr-alg4,csr-alg5",manual-selection,csr,ALPHASPARSE_SPMM_CSR_ALG1,workspace-setup,spmm.csr.fp64,fp64,A100-SXM4-80GB,A100-SXM4-80GB,,9700.0,d94c6f41-d28e-5f45-abb9-189a8a3b4f78,suitesparse_all,HB/1138_bus,1138_bus,1138,1138,4054,2,row-major,N,N,1.0,0.0,20260922,main,pass,pass,0,0,16216.0,0.00548,0.00916479974985,0.0146447997499,0.00943879974985,1.7693785399146782,1.1072872471411381,1.718015047438389,0.018241015875409054,0.011415332444754001,0.01771149533441638,AlphaSparse 248af573c867cf4c7e05d40c611c7c34ebac4715,CUDA,13040,13000,2026-10-05T23:42:42.976302+00:00,derived,csr-alg1,0,0,,,,5,20,4,true
3,A100-SXM4-80GB-suitesparse_all-fp64-n2-row-major-AlphaSparse-SpMM-CSR-pre-plus-solve,AlphaSparse-SpMM-CSR-best-pre-plus-solve,AlphaSparseLib CSR PER MATRIX BEST,per-matrix-best,AlphaSparse-SpMM-CSR,best,pre-plus-solve,"csr-alg1,csr-alg2,csr-alg3,csr-alg4,csr-alg5",manual-selection,csr,ALPHASPARSE_SPMM_CSR_ALG1,workspace-setup,spmm.csr.fp64,fp64,A100-SXM4-80GB,A100-SXM4-80GB,,9700.0,018f64fd-81d1-5f6a-986f-7d386c913e5c,suitesparse_all,HB/494_bus,494_bus,494,494,1666,2,row-major,N,N,1.0,0.0,20260922,main,pass,pass,0,0,6664.0,0.0095,0.00716800019145,0.0166680001915,0.00764300019145,0.9296874751689918,0.3998080107653447,0.8719089144410622,0.00958440696050507,0.004121732069745822,0.008988751695268683,AlphaSparse 248af573c867cf4c7e05d40c611c7c34ebac4715,CUDA,13040,13000,2026-10-06T17:04:43.360003+00:00,derived,csr-alg1,0,0,,,,5,20,4,true
3,A100-SXM4-80GB-suitesparse_all-fp64-n2-row-major-AlphaSparse-SpMM-CSR-pre-plus-solve,AlphaSparse-SpMM-CSR-best-pre-plus-solve,AlphaSparseLib CSR PER MATRIX BEST,per-matrix-best,AlphaSparse-SpMM-CSR,best,pre-plus-solve,"csr-alg1,csr-alg2,csr-alg3,csr-alg4,csr-alg5",manual-selection,csr,ALPHASPARSE_SPMM_CSR_ALG1,workspace-setup,spmm.csr.fp64,fp64,A100-SXM4-80GB,A100-SXM4-80GB,,9700.0,752b02ae-c4ef-54eb-ad5c-0957985c94ee,suitesparse_all,HB/685_bus,685_bus,685,685,3249,2,row-major,N,N,1.0,0.0,20260922,main,pass,pass,0,0,12996.0,0.006,0.00783360004425,0.0138336000443,0.00813360004425,1.6590073435698687,0.9394517665959901,1.5978164563411799,0.017103168490411016,0.009685069758721547,0.016472334601455463,AlphaSparse 248af573c867cf4c7e05d40c611c7c34ebac4715,CUDA,13040,13000,2026-10-07T22:10:33.412113+00:00,derived,csr-alg1,0,0,,,,5,20,4,true
3,A100-SXM4-80GB-suitesparse_all-fp64-n2-row-major-AlphaSparse-SpMM-CSR-pre-plus-solve,AlphaSparse-SpMM-CSR-best-pre-plus-solve,AlphaSparseLib CSR PER MATRIX BEST,per-matrix-best,AlphaSparse-SpMM-CSR,best,pre-plus-solve,"csr-alg1,csr-alg2,csr-alg3,csr-alg4,csr-alg5",manual-selection,csr,ALPHASPARSE_SPMM_CSR_ALG1,workspace-setup,spmm.csr.fp64,fp64,A100-SXM4-80GB,A100-SXM4-80GB,,9700.0,152f8cc9-7213-5fba-8430-8cd9341fa530,suitesparse_all,HB/abb313,abb313,313,176,1557,2,row-major,N,N,1.0,0.0,20260922,main,pass,pass,0,0,6228.0,0.0053,0.00599040016532,0.0112904001653,0.00625540016532,1.0396634328463612,0.5516190665359393,0.9956197581935834,0.01071817972006558,0.005686794500370508,0.010264121218490551,AlphaSparse 248af573c867cf4c7e05d40c611c7c34ebac4715,CUDA,13040,13000,2026-10-07T17:33:53.777451+00:00,derived,csr-alg1,0,0,,,,5,20,4,true
3,A100-SXM4-80GB-suitesparse_all-fp64-n2-row-major-AlphaSparse-SpMM-CSR-pre-plus-solve,AlphaSparse-SpMM-CSR-best-pre-plus-solve,AlphaSparseLib CSR PER MATRIX BEST,per-matrix-best,AlphaSparse-SpMM-CSR,best,pre-plus-solve,"csr-alg1,csr-alg2,csr-alg3,csr-alg4,csr-alg5",manual-selection,csr,ALPHASPARSE_SPMM_CSR_ALG2,workspace-setup,spmm.csr.fp64,fp64,A100-SXM4-80GB,A100-SXM4-80GB,,9700.0,a0827285-e98d-55a9-b486-73107367c8f5,suitesparse_all,HB/arc130,arc130,130,130,1282,2,row-major,N,N,1.0,0.0,20260922,main,pass,pass,0,0,5128.0,0.00544,0.0131071999669,0.0185471999669,0.0133791999669,0.39123535255049824,0.27648378241198746,0.38328151254833004,0.004033354150005136,0.00285034827228853,0.00395135579946732,AlphaSparse 248af573c867cf4c7e05d40c611c7c34ebac4715,CUDA,13040,13000,2026-10-06T04:33:29.072419+00:00,derived,csr-alg2,0,0,,,,5,20,4,true
3,A100-SXM4-80GB-suitesparse_all-fp64-n2-row-major-AlphaSparse-SpMM-CSR-pre-plus-solve,AlphaSparse-SpMM-CSR-best-pre-plus-solve,AlphaSparseLib CSR PER MATRIX BEST,per-matrix-best,AlphaSparse-SpMM-CSR,best,pre-plus-solve,"csr-alg1,csr-alg2,csr-alg3,csr-alg4,csr-alg5",manual-selection,csr,ALPHASPARSE_SPMM_CSR_ALG1,workspace-setup,spmm.csr.fp64,fp64,A100-SXM4-80GB,A100-SXM4-80GB,,9700.0,dd6a9a30-d69d-5ea7-834e-7b0f3242a57c,suitesparse_all,HB/ash219,ash219,219,85,438,2,row-major,N,N,1.0,0.0,20260922,main,pass,pass,0,0,1752.0,0.005249,0.00455680005252,0.00980580005252,0.00481925005252,0.3844803326472728,0.17866976591570946,0.3635420409621356,0.0039637147695595135,0.0018419563496464893,0.0037478560923931504,AlphaSparse 248af573c867cf4c7e05d40c611c7c34ebac4715,CUDA,13040,13000,2026-10-06T16:36:45.598484+00:00,derived,csr-alg1,0,0,,,,5,20,4,true
3,A100-SXM4-80GB-suitesparse_all-fp64-n2-row-major-AlphaSparse-SpMM-CSR-pre-plus-solve,AlphaSparse-SpMM-CSR-best-pre-plus-solve,AlphaSparseLib CSR PER MATRIX BEST,per-matrix-best,AlphaSparse-SpMM-CSR,best,pre-plus-solve,"csr-alg1,csr-alg2,csr-alg3,csr-alg4,csr-alg5",manual-selection,csr,ALPHASPARSE_SPMM_CSR_ALG1,workspace-setup,spmm.csr.fp64,fp64,A100-SXM4-80GB,A100-SXM4-80GB,,9700.0,005fdebf-9ece-5bc0-9d3c-6fda0356699d,suitesparse_all,HB/ash292,ash292,292,292,2208,2,row-major,N,N,1.0,0.0,20260922,main,pass,pass,0,0,8832.0,0.00558,0.00604160018265,0.0116216001827,0.00632060018265,1.4618643625844931,0.7599641926373771,1.3973356555986207,0.015070766624582402,0.007834682398323476,0.014405522222666193,AlphaSparse 248af573c867cf4c7e05d40c611c7c34ebac4715,CUDA,13040,13000,2026-10-08T11:50:10.115131+00:00,derived,csr-alg1,0,0,,,,5,20,4,true
3,A100-SXM4-80GB-suitesparse_all-fp64-n2-row-major-AlphaSparse-SpMM-CSR-pre-plus-solve,AlphaSparse-SpMM-CSR-best-pre-plus-solve,AlphaSparseLib CSR PER MATRIX BEST,per-matrix-best,AlphaSparse-SpMM-CSR,best,pre-plus-solve,"csr-alg1,csr-alg2,csr-alg3,csr-alg4,csr-alg5",manual-selection,csr,ALPHASPARSE_SPMM_CSR_ALG1,workspace-setup,spmm.csr.fp64,fp64,A100-SXM4-80GB,A100-SXM4-80GB,,9700.0,d94c6f41-d28e-5f45-abb9-189a8a3b4f78,suitesparse_all,HB/ash331,ash331,331,104,662,2,row-major,N,N,1.0,0.0,20260922,main,pass,pass,0,0,2648.0,0.00584,0.00450560003519,0.0103456000352,0.00479760003519,0.5877130635916143,0.2559542212138891,0.5519426339372058,0.006058897562800148,0.0026387033114833925,0.005690130246775317,AlphaSparse 248af573c867cf4c7e05d40c611c7c34ebac4715,CUDA,13040,13000,2026-10-05T23:42:44.252882+00:00,derived,csr-alg1,0,0,,,,5,20,4,true
3,A100-SXM4-80GB-suitesparse_all-fp64-n2-row-major-AlphaSparse-SpMM-CSR-pre-plus-solve,AlphaSparse-SpMM-CSR-best-pre-plus-solve,AlphaSparseLib CSR PER MATRIX BEST,per-matrix-best,AlphaSparse-SpMM-CSR,best,pre-plus-solve,"csr-alg1,csr-alg2,csr-alg3,csr-alg4,csr-alg5",manual-selection,csr,ALPHASPARSE_SPMM_CSR_ALG1,workspace-setup,spmm.csr.fp64,fp64,A100-SXM4-80GB,A100-SXM4-80GB,,9700.0,018f64fd-81d1-5f6a-986f-7d386c913e5c,suitesparse_all,HB/ash608,ash608,608,188,1216,2,row-major,N,N,1.0,0.0,20260922,main,pass,pass,0,0,4864.0,0.00536,0.00460800006986,0.00996800006986,0.00487600006986,1.0555555395527105,0.48796147330567935,0.9975389520738165,0.010882015871677428,0.00503053065263587,0.01028390672241048,AlphaSparse 248af573c867cf4c7e05d40c611c7c34ebac4715,CUDA,13040,13000,2026-10-06T17:04:44.406732+00:00,derived,csr-alg1,0,0,,,,5,20,4,true
3,A100-SXM4-80GB-suitesparse_all-fp64-n2-row-major-AlphaSparse-SpMM-CSR-pre-plus-solve,AlphaSparse-SpMM-CSR-best-pre-plus-solve,AlphaSparseLib CSR PER MATRIX BEST,per-matrix-best,AlphaSparse-SpMM-CSR,best,pre-plus-solve,"csr-alg1,csr-alg2,csr-alg3,csr-alg4,csr-alg5",manual-selection,csr,ALPHASPARSE_SPMM_CSR_ALG1,workspace-setup,spmm.csr.fp64,fp64,A100-SXM4-80GB,A100-SXM4-80GB,,9700.0,752b02ae-c4ef-54eb-ad5c-0957985c94ee,suitesparse_all,HB/ash958,ash958,958,292,1916,2,row-major,N,N,1.0,0.0,20260922,main,pass,pass,0,0,7664.0,0.00595,0.00455680005252,0.0105068000525,0.00485430005252,1.6818820030871569,0.7294323639647468,1.578806401969612,0.01733898972254801,0.00751992127798708,0.016276354659480536,AlphaSparse 248af573c867cf4c7e05d40c611c7c34ebac4715,CUDA,13040,13000,2026-10-07T22:10:34.620738+00:00,derived,csr-alg1,0,0,,,,5,20,4,true
3,A100-SXM4-80GB-suitesparse_all-fp64-n2-row-major-AlphaSparse-SpMM-CSR-pre-plus-solve,AlphaSparse-SpMM-CSR-best-pre-plus-solve,AlphaSparseLib CSR PER MATRIX BEST,per-matrix-best,AlphaSparse-SpMM-CSR,best,pre-plus-solve,"csr-alg1,csr-alg2,csr-alg3,csr-alg4,csr-alg5",manual-selection,csr,ALPHASPARSE_SPMM_CSR_ALG1,workspace-setup,spmm.csr.fp64,fp64,A100-SXM4-80GB,A100-SXM4-80GB,,9700.0,152f8cc9-7213-5fba-8430-8cd9341fa530,suitesparse_all,HB/bcspwr01,bcspwr01,39,39,131,2,row-major,N,N,1.0,0.0,20260922,main,pass,pass,0,0,524.0,0.00498,0.00506879985332,0.0100487998533,0.00531779985332,0.1033775282440451,0.052145530575765195,0.098536991698335,0.0010657477138561351,0.0005375827894408783,0.0010158452752405671,AlphaSparse 248af573c867cf4c7e05d40c611c7c34ebac4715,CUDA,13040,13000,2026-10-07T17:33:55.075698+00:00,derived,csr-alg1,0,0,,,,5,20,4,true
3,A100-SXM4-80GB-suitesparse_all-fp64-n2-row-major-AlphaSparse-SpMM-CSR-pre-plus-solve,AlphaSparse-SpMM-CSR-best-pre-plus-solve,AlphaSparseLib CSR PER MATRIX BEST,per-matrix-best,AlphaSparse-SpMM-CSR,best,pre-plus-solve,"csr-alg1,csr-alg2,csr-alg3,csr-alg4,csr-alg5",manual-selection,csr,ALPHASPARSE_SPMM_CSR_ALG1,workspace-setup,spmm.csr.fp64,fp64,A100-SXM4-80GB,A100-SXM4-80GB,,9700.0,a0827285-e98d-55a9-b486-73107367c8f5,suitesparse_all,HB/bcspwr02,bcspwr02,49,49,167,2,row-major,N,N,1.0,0.0,20260922,main,pass,pass,0,0,668.0,0.00846,0.00561119988561,0.0140711998856,0.00603419988561,0.1190476214745255,0.04747285273685928,0.1107023321506148,0.0012272950667476855,0.0004894108529573121,0.001141261156191905,AlphaSparse 248af573c867cf4c7e05d40c611c7c34ebac4715,CUDA,13040,13000,2026-10-06T04:33:06.842249+00:00,derived,csr-alg1,0,0,,,,5,20,4,true
3,A100-SXM4-80GB-suitesparse_all-fp64-n2-row-major-AlphaSparse-SpMM-CSR-pre-plus-solve,AlphaSparse-SpMM-CSR-best-pre-plus-solve,AlphaSparseLib CSR PER MATRIX BEST,per-matrix-best,AlphaSparse-SpMM-CSR,best,pre-plus-solve,"csr-alg1,csr-alg2,csr-alg3,csr-alg4,csr-alg5",manual-selection,csr,ALPHASPARSE_SPMM_CSR_ALG1,workspace-setup,spmm.csr.fp64,fp64,A100-SXM4-80GB,A100-SXM4-80GB,,9700.0,dd6a9a30-d69d-5ea7-834e-7b0f3242a57c,suitesparse_all,HB/bcspwr03,bcspwr03,118,118,476,2,row-major,N,N,1.0,0.0,20260922,main,pass,pass,0,0,1904.0,0.0079,0.00650240033865,0.0144024003386,0.00689740033865,0.2928149453798934,0.1322001857493902,0.2760460327829343,0.003018710777112303,0.0013628885128803112,0.002845835389514787,AlphaSparse 248af573c867cf4c7e05d40c611c7c34ebac4715,CUDA,13040,13000,2026-10-06T16:36:46.879163+00:00,derived,csr-alg1,0,0,,,,5,20,4,true
3,A100-SXM4-80GB-suitesparse_all-fp64-n2-row-major-AlphaSparse-SpMM-CSR-pre-plus-solve,AlphaSparse-SpMM-CSR-best-pre-plus-solve,AlphaSparseLib CSR PER MATRIX BEST,per-matrix-best,AlphaSparse-SpMM-CSR,best,pre-plus-solve,"csr-alg1,csr-alg2,csr-alg3,csr-alg4,csr-alg5",manual-selection,csr,ALPHASPARSE_SPMM_CSR_ALG1,workspace-setup,spmm.csr.fp64,fp64,A100-SXM4-80GB,A100-SXM4-80GB,,9700.0,005fdebf-9ece-5bc0-9d3c-6fda0356699d,suitesparse_all,HB/bcspwr04,bcspwr04,274,274,1612,2,row-major,N,N,1.0,0.0,20260922,main,pass,pass,0,0,6448.0,0.00588,0.00675840005279,0.0126384000528,0.00705240005279,0.9540719622446941,0.5101911613069618,0.9142986716201823,0.009835793425203031,0.005259702693886205,0.009425759501238994,AlphaSparse 248af573c867cf4c7e05d40c611c7c34ebac4715,CUDA,13040,13000,2026-10-08T11:50:11.106385+00:00,derived,csr-alg1,0,0,,,,5,20,4,true
3,A100-SXM4-80GB-suitesparse_all-fp64-n2-row-major-AlphaSparse-SpMM-CSR-pre-plus-solve,AlphaSparse-SpMM-CSR-best-pre-plus-solve,AlphaSparseLib CSR PER MATRIX BEST,per-matrix-best,AlphaSparse-SpMM-CSR,best,pre-plus-solve,"csr-alg1,csr-alg2,csr-alg3,csr-alg4,csr-alg5",manual-selection,csr,ALPHASPARSE_SPMM_CSR_ALG1,workspace-setup,spmm.csr.fp64,fp64,A100-SXM4-80GB,A100-SXM4-80GB,,9700.0,d94c6f41-d28e-5f45-abb9-189a8a3b4f78,suitesparse_all,HB/bcspwr05,bcspwr05,443,443,1623,2,row-major,N,N,1.0,0.0,20260922,main,pass,pass,0,0,6492.0,0.0089,0.00768000036478,0.0165800003648,0.00812500036478,0.8453124598498596,0.39155608306154044,0.7990153487427916,0.00871456144175113,0.0040366606501189735,0.008237271636523625,AlphaSparse 248af573c867cf4c7e05d40c611c7c34ebac4715,CUDA,13040,13000,2026-10-05T23:42:45.309635+00:00,derived,csr-alg1,0,0,,,,5,20,4,true
3,A100-SXM4-80GB-suitesparse_all-fp64-n2-row-major-AlphaSparse-SpMM-CSR-pre-plus-solve,AlphaSparse-SpMM-CSR-best-pre-plus-solve,AlphaSparseLib CSR PER MATRIX BEST,per-matrix-best,AlphaSparse-SpMM-CSR,best,pre-plus-solve,"csr-alg1,csr-alg2,csr-alg3,csr-alg4,csr-alg5",manual-selection,csr,ALPHASPARSE_SPMM_CSR_ALG1,workspace-setup,spmm.csr.fp64,fp64,A100-SXM4-80GB,A100-SXM4-80GB,,9700.0,018f64fd-81d1-5f6a-986f-7d386c913e5c,suitesparse_all,HB/bcspwr06,bcspwr06,1454,1454,5300,2,row-major,N,N,1.0,0.0,20260922,main,pass,pass,0,0,21200.0,0.00554,0.00839679986238,0.0139367998624,0.00867379986238,2.5247713828433493,1.5211526468996186,2.444142167949785,0.026028570957147935,0.01568198605051153,0.025197341937626648,AlphaSparse 248af573c867cf4c7e05d40c611c7c34ebac4715,CUDA,13040,13000,2026-10-06T17:04:45.476047+00:00,derived,csr-alg1,0,0,,,,5,20,4,true
3,A100-SXM4-80GB-suitesparse_all-fp64-n2-row-major-AlphaSparse-SpMM-CSR-pre-plus-solve,AlphaSparse-SpMM-CSR-best-pre-plus-solve,AlphaSparseLib CSR PER MATRIX BEST,per-matrix-best,AlphaSparse-SpMM-CSR,best,pre-plus-solve,"csr-alg1,csr-alg2,csr-alg3,csr-alg4,csr-alg5",manual-selection,csr,ALPHASPARSE_SPMM_CSR_ALG1,workspace-setup,spmm.csr.fp64,fp64,A100-SXM4-80GB,A100-SXM4-80GB,,9700.0,752b02ae-c4ef-54eb-ad5c-0957985c94ee,suitesparse_all,HB/bcspwr08,bcspwr08,1624,1624,6050,2,row-major,N,N,1.0,0.0,20260922,main,pass,pass,0,0,24200.0,0.00577,0.00798719972372,0.0137571997237,0.00827569972372,3.0298478612137383,1.7590789176600985,2.924224030342402,0.031235544960966373,0.018134834202681426,0.030146639488066004,AlphaSparse 248af573c867cf4c7e05d40c611c7c34ebac4715,CUDA,13040,13000,2026-10-07T22:10:35.793378+00:00,derived,csr-alg1,0,0,,,,5,20,4,true
3,A100-SXM4-80GB-suitesparse_all-fp64-n2-row-major-AlphaSparse-SpMM-CSR-pre-plus-solve,AlphaSparse-SpMM-CSR-best-pre-plus-solve,AlphaSparseLib CSR PER MATRIX BEST,per-matrix-best,AlphaSparse-SpMM-CSR,best,pre-plus-solve,"csr-alg1,csr-alg2,csr-alg3,csr-alg4,csr-alg5",manual-selection,csr,ALPHASPARSE_SPMM_CSR_ALG1,workspace-setup,spmm.csr.fp64,fp64,A100-SXM4-80GB,A100-SXM4-80GB,,9700.0,152f8cc9-7213-5fba-8430-8cd9341fa530,suitesparse_all,HB/bcspwr09,bcspwr09,1723,1723,6511,2,row-major,N,N,1.0,0.0,20260922,main,pass,pass,0,0,26044.0,0.0054,0.00855040028691,0.0139504002869,0.00882040028691,3.04593926905052,1.8668998354446065,2.9527004617523818,0.03140143576340742,0.019246390056129964,0.030440210945900843,AlphaSparse 248af573c867cf4c7e05d40c611c7c34ebac4715,CUDA,13040,13000,2026-10-07T17:33:56.329833+00:00,derived,csr-alg1,0,0,,,,5,20,4,true
3,A100-SXM4-80GB-suitesparse_all-fp64-n2-row-major-AlphaSparse-SpMM-CSR-pre-plus-solve,AlphaSparse-SpMM-CSR-best-pre-plus-solve,AlphaSparseLib CSR PER MATRIX BEST,per-matrix-best,AlphaSparse-SpMM-CSR,best,pre-plus-solve,"csr-alg1,csr-alg2,csr-alg3,csr-alg4,csr-alg5",manual-selection,csr,ALPHASPARSE_SPMM_CSR_ALG1,workspace-setup,spmm.csr.fp64,fp64,A100-SXM4-80GB,A100-SXM4-80GB,,9700.0,a0827285-e98d-55a9-b486-73107367c8f5,suitesparse_all,HB/bcspwr10,bcspwr10,5300,5300,21842,2,row-major,N,N,1.0,0.0,20260922,main,pass,pass,0,0,87368.0,0.00583,0.00935840010643,0.0151884001064,0.00964990010643,9.33578378851006,5.752284597979835,9.053772478098944,0.09624519369598,0.05930190307195706,0.09333786059895818,AlphaSparse 248af573c867cf4c7e05d40c611c7c34ebac4715,CUDA,13040,13000,2026-10-06T04:33:07.982536+00:00,derived,csr-alg1,0,0,,,,5,20,4,true
3,A100-SXM4-80GB-suitesparse_all-fp64-n2-row-major-AlphaSparse-SpMM-CSR-pre-plus-solve,AlphaSparse-SpMM-CSR-best-pre-plus-solve,AlphaSparseLib CSR PER MATRIX BEST,per-matrix-best,AlphaSparse-SpMM-CSR,best,pre-plus-solve,"csr-alg1,csr-alg2,csr-alg3,csr-alg4,csr-alg5",manual-selection,csr,ALPHASPARSE_SPMM_CSR_ALG1,workspace-setup,spmm.csr.fp64,fp64,A100-SXM4-80GB,A100-SXM4-80GB,,9700.0,dd6a9a30-d69d-5ea7-834e-7b0f3242a57c,suitesparse_all,HB/bcsstk01,bcsstk01,48,48,400,2,row-major,N,N,1.0,0.0,20260922,main,pass,pass,0,0,1600.0,0.0053,0.0064943999052,0.0117943999052,0.0067593999052,0.2463661036208898,0.135657601307429,0.23670740338489538,0.0025398567383596886,0.001398531972241536,0.0024402825091226327,AlphaSparse 248af573c867cf4c7e05d40c611c7c34ebac4715,CUDA,13040,13000,2026-10-06T16:36:47.963107+00:00,derived,csr-alg1,0,0,,,,5,20,4,true
3,A100-SXM4-80GB-suitesparse_all-fp64-n2-row-major-AlphaSparse-SpMM-CSR-pre-plus-solve,AlphaSparse-SpMM-CSR-best-pre-plus-solve,AlphaSparseLib CSR PER MATRIX BEST,per-matrix-best,AlphaSparse-SpMM-CSR,best,pre-plus-solve,"csr-alg1,csr-alg2,csr-alg3,csr-alg4,csr-alg5",manual-selection,csr,ALPHASPARSE_SPMM_CSR_ALG2,workspace-setup,spmm.csr.fp64,fp64,A100-SXM4-80GB,A100-SXM4-80GB,,9700.0,005fdebf-9ece-5bc0-9d3c-6fda0356699d,suitesparse_all,HB/bcsstk02,bcsstk02,66,66,4356,2,row-major,N,N,1.0,0.0,20260922,main,pass,pass,0,0,17424.0,0.00447,0.0105984002352,0.0150684002352,0.0108219002352,1.6440217026462576,1.1563271301552827,1.6100684372718195,0.016948677346868633,0.011920898249023534,0.016598643683214634,AlphaSparse 248af573c867cf4c7e05d40c611c7c34ebac4715,CUDA,13040,13000,2026-10-08T11:50:33.537365+00:00,derived,csr-alg2,0,0,,,,5,20,4,true
3,A100-SXM4-80GB-suitesparse_all-fp64-n2-row-major-AlphaSparse-SpMM-CSR-pre-plus-solve,AlphaSparse-SpMM-CSR-best-pre-plus-solve,AlphaSparseLib CSR PER MATRIX BEST,per-matrix-best,AlphaSparse-SpMM-CSR,best,pre-plus-solve,"csr-alg1,csr-alg2,csr-alg3,csr-alg4,csr-alg5",manual-selection,csr,ALPHASPARSE_SPMM_CSR_ALG1,workspace-setup,spmm.csr.fp64,fp64,A100-SXM4-80GB,A100-SXM4-80GB,,9700.0,d94c6f41-d28e-5f45-abb9-189a8a3b4f78,suitesparse_all,HB/bcsstk03,bcsstk03,112,112,640,2,row-major,N,N,1.0,0.0,20260922,main,pass,pass,0,0,2560.0,0.0139,0.00527359992266,0.0191735999227,0.00596859992266,0.48543690032306014,0.13351691963537665,0.4289113080407466,0.005004504127041857,0.0013764630890245016,0.004421766062275739,AlphaSparse 248af573c867cf4c7e05d40c611c7c34ebac4715,CUDA,13040,13000,2026-10-06T01:49:07.420566+00:00,derived,csr-alg1,0,0,,,,5,20,4,true
3,A100-SXM4-80GB-suitesparse_all-fp64-n2-row-major-AlphaSparse-SpMM-CSR-pre-plus-solve,AlphaSparse-SpMM-CSR-best-pre-plus-solve,AlphaSparseLib CSR PER MATRIX BEST,per-matrix-best,AlphaSparse-SpMM-CSR,best,pre-plus-solve,"csr-alg1,csr-alg2,csr-alg3,csr-alg4,csr-alg5",manual-selection,csr,ALPHASPARSE_SPMM_CSR_ALG2,workspace-setup,spmm.csr.fp64,fp64,A100-SXM4-80GB,A100-SXM4-80GB,,9700.0,018f64fd-81d1-5f6a-986f-7d386c913e5c,suitesparse_all,HB/bcsstk04,bcsstk04,132,132,3648,2,row-major,N,N,1.0,0.0,20260922,main,pass,pass,0,0,14592.0,0.01274,0.0129439994693,0.0256839994693,0.0135809994693,1.1273177223630653,0.5681358161310418,1.074442277461639,0.011621832189309952,0.005857070269392184,0.011076724509913802,AlphaSparse 248af573c867cf4c7e05d40c611c7c34ebac4715,CUDA,13040,13000,2026-10-06T21:13:08.471274+00:00,derived,csr-alg2,0,0,,,,5,20,4,true
3,A100-SXM4-80GB-suitesparse_all-fp64-n2-row-major-AlphaSparse-SpMM-CSR-pre-plus-solve,AlphaSparse-SpMM-CSR-best-pre-plus-solve,AlphaSparseLib CSR PER MATRIX BEST,per-matrix-best,AlphaSparse-SpMM-CSR,best,pre-plus-solve,"csr-alg1,csr-alg2,csr-alg3,csr-alg4,csr-alg5",manual-selection,csr,ALPHASPARSE_SPMM_CSR_ALG3,workspace-setup,spmm.csr.fp64,fp64,A100-SXM4-80GB,A100-SXM4-80GB,,9700.0,752b02ae-c4ef-54eb-ad5c-0957985c94ee,suitesparse_all,HB/bcsstk06,bcsstk06,420,420,7860,2,row-major,N,N,1.0,0.0,20260922,main,pass,pass,0,0,31440.0,0.01128,0.0138096004725,0.0250896004725,0.0143736004725,2.2766770162980907,1.2531088342542755,2.1873433911114994,0.023470897075238046,0.012918647775817272,0.02254993186712886,AlphaSparse 248af573c867cf4c7e05d40c611c7c34ebac4715,CUDA,13040,13000,2026-10-08T05:52:18.434155+00:00,derived,csr-alg3,0,0,,,,5,20,4,true
3,A100-SXM4-80GB-suitesparse_all-fp64-n2-row-major-AlphaSparse-SpMM-CSR-pre-plus-solve,AlphaSparse-SpMM-CSR-best-pre-plus-solve,AlphaSparseLib CSR PER MATRIX BEST,per-matrix-best,AlphaSparse-SpMM-CSR,best,pre-plus-solve,"csr-alg1,csr-alg2,csr-alg3,csr-alg4,csr-alg5",manual-selection,csr,ALPHASPARSE_SPMM_CSR_ALG1,workspace-setup,spmm.csr.fp64,fp64,A100-SXM4-80GB,A100-SXM4-80GB,,9700.0,152f8cc9-7213-5fba-8430-8cd9341fa530,suitesparse_all,HB/bcsstk07,bcsstk07,420,420,7860,2,row-major,N,N,1.0,0.0,20260922,main,pass,pass,0,0,31440.0,0.01821,0.0110592000186,0.0292692000186,0.0119697000186,2.8428819396631217,1.0741667001496624,2.62663224234063,0.029308061233640433,0.011073883506697552,0.027078682910728145,AlphaSparse 248af573c867cf4c7e05d40c611c7c34ebac4715,CUDA,13040,13000,2026-10-07T22:24:16.453414+00:00,derived,csr-alg1,0,0,,,,5,20,4,true
3,A100-SXM4-80GB-suitesparse_all-fp64-n2-row-major-AlphaSparse-SpMM-CSR-pre-plus-solve,AlphaSparse-SpMM-CSR-best-pre-plus-solve,AlphaSparseLib CSR PER MATRIX BEST,per-matrix-best,AlphaSparse-SpMM-CSR,best,pre-plus-solve,"csr-alg1,csr-alg2,csr-alg3,csr-alg4,csr-alg5",manual-selection,csr,ALPHASPARSE_SPMM_CSR_ALG5,workspace-setup,spmm.csr.fp64,fp64,A100-SXM4-80GB,A100-SXM4-80GB,,9700.0,a0827285-e98d-55a9-b486-73107367c8f5,suitesparse_all,HB/bcsstk08,bcsstk08,1074,1074,12960,2,row-major,N,N,1.0,0.0,20260922,main,pass,pass,0,0,51840.0,0.01718,0.0117455996573,0.0289255996573,0.0126045996573,4.413567762611503,1.792184107302234,4.112784333453755,0.045500698583623746,0.018476124817548803,0.04239983848921397,AlphaSparse 248af573c867cf4c7e05d40c611c7c34ebac4715,CUDA,13040,13000,2026-10-06T08:55:43.927535+00:00,derived,csr-alg5,0,0,,,,5,20,4,true
3,A100-SXM4-80GB-suitesparse_all-fp64-n2-row-major-AlphaSparse-SpMM-CSR-pre-plus-solve,AlphaSparse-SpMM-CSR-best-pre-plus-solve,AlphaSparseLib CSR PER MATRIX BEST,per-matrix-best,AlphaSparse-SpMM-CSR,best,pre-plus-solve,"csr-alg1,csr-alg2,csr-alg3,csr-alg4,csr-alg5",manual-selection,csr,ALPHASPARSE_SPMM_CSR_ALG1,workspace-setup,spmm.csr.fp64,fp64,A100-SXM4-80GB,A100-SXM4-80GB,,9700.0,dd6a9a30-d69d-5ea7-834e-7b0f3242a57c,suitesparse_all,HB/bcsstk09,bcsstk09,1083,1083,18437,2,row-major,N,N,1.0,0.0,20260922,main,pass,pass,0,0,73748.0,0.015109,0.0101375997066,0.0252465997066,0.0108930497066,7.274700336805267,2.921106242307977,6.770188513444197,0.07499691068871409,0.030114497343381206,0.06979575787055872,AlphaSparse 248af573c867cf4c7e05d40c611c7c34ebac4715,CUDA,13040,13000,2026-10-06T19:47:33.833304+00:00,derived,csr-alg1,0,0,,,,5,20,4,true
3,A100-SXM4-80GB-suitesparse_all-fp64-n2-row-major-AlphaSparse-SpMM-CSR-pre-plus-solve,AlphaSparse-SpMM-CSR-best-pre-plus-solve,AlphaSparseLib CSR PER MATRIX BEST,per-matrix-best,AlphaSparse-SpMM-CSR,best,pre-plus-solve,"csr-alg1,csr-alg2,csr-alg3,csr-alg4,csr-alg5",manual-selection,csr,ALPHASPARSE_SPMM_CSR_ALG2,workspace-setup,spmm.csr.fp64,fp64,A100-SXM4-80GB,A100-SXM4-80GB,,9700.0,005fdebf-9ece-5bc0-9d3c-6fda0356699d,suitesparse_all,HB/bcsstk10,bcsstk10,1086,1086,22070,2,row-major,N,N,1.0,0.0,20260922,main,pass,pass,0,0,88280.0,0.01394,0.0112127996981,0.0251527996981,0.0119097996981,7.873145189150126,3.5097484597974407,7.412383267376321,0.08116644524897038,0.03618297381234475,0.07641632234408578,AlphaSparse 248af573c867cf4c7e05d40c611c7c34ebac4715,CUDA,13040,13000,2026-10-08T14:18:44.173144+00:00,derived,csr-alg2,0,0,,,,5,20,4,true
3,A100-SXM4-80GB-suitesparse_all-fp64-n2-row-major-AlphaSparse-SpMM-CSR-pre-plus-solve,AlphaSparse-SpMM-CSR-best-pre-plus-solve,AlphaSparseLib CSR PER MATRIX BEST,per-matrix-best,AlphaSparse-SpMM-CSR,best,pre-plus-solve,"csr-alg1,csr-alg2,csr-alg3,csr-alg4,csr-alg5",manual-selection,csr,ALPHASPARSE_SPMM_CSR_ALG5,workspace-setup,spmm.csr.fp64,fp64,A100-SXM4-80GB,A100-SXM4-80GB,,9700.0,d94c6f41-d28e-5f45-abb9-189a8a3b4f78,suitesparse_all,HB/bcsstk11,bcsstk11,1473,1473,34241,2,row-major,N,N,1.0,0.0,20260922,main,pass,pass,0,0,136964.0,0.01249,0.0134143993258,0.0259043993258,0.0140388993258,10.210222364304919,5.287287239414503,9.756035485509486,0.10526002437427752,0.054508115870252616,0.10057768541762357,AlphaSparse 248af573c867cf4c7e05d40c611c7c34ebac4715,CUDA,13040,13000,2026-10-06T03:31:24.534875+00:00,derived,csr-alg5,0,0,,,,5,20,4,true
3,A100-SXM4-80GB-suitesparse_all-fp64-n2-row-major-AlphaSparse-SpMM-CSR-pre-plus-solve,AlphaSparse-SpMM-CSR-best-pre-plus-solve,AlphaSparseLib CSR PER MATRIX BEST,per-matrix-best,AlphaSparse-SpMM-CSR,best,pre-plus-solve,"csr-alg1,csr-alg2,csr-alg3,csr-alg4,csr-alg5",manual-selection,csr,ALPHASPARSE_SPMM_CSR_ALG2,workspace-setup,spmm.csr.fp64,fp64,A100-SXM4-80GB,A100-SXM4-80GB,,9700.0,018f64fd-81d1-5f6a-986f-7d386c913e5c,suitesparse_all,HB/bcsstk12,bcsstk12,1473,1473,34241,2,row-major,N,N,1.0,0.0,20260922,main,pass,pass,0,0,136964.0,0.01301,0.0144879996777,0.0274979996777,0.0151384996777,9.453616996611041,4.98087139447723,9.047395905537252,0.09745996903722723,0.05134918963378588,0.09327212273749745,AlphaSparse 248af573c867cf4c7e05d40c611c7c34ebac4715,CUDA,13040,13000,2026-10-06T21:13:09.268764+00:00,derived,csr-alg2,0,0,,,,5,20,4,true
3,A100-SXM4-80GB-suitesparse_all-fp64-n2-row-major-AlphaSparse-SpMM-CSR-pre-plus-solve,AlphaSparse-SpMM-CSR-best-pre-plus-solve,AlphaSparseLib CSR PER MATRIX BEST,per-matrix-best,AlphaSparse-SpMM-CSR,best,pre-plus-solve,"csr-alg1,csr-alg2,csr-alg3,csr-alg4,csr-alg5",manual-selection,csr,ALPHASPARSE_SPMM_CSR_ALG3,workspace-setup,spmm.csr.fp64,fp64,A100-SXM4-80GB,A100-SXM4-80GB,,9700.0,752b02ae-c4ef-54eb-ad5c-0957985c94ee,suitesparse_all,HB/bcsstk14,bcsstk14,1806,1806,63454,2,row-major,N,N,1.0,0.0,20260922,main,pass,pass,0,0,253816.0,0.01099,0.0155647993088,0.0265547993088,0.0161142993088,16.3070525333724,9.558196883675482,15.75097961978349,0.16811394364301444,0.09853811220284002,0.16238123319364423,AlphaSparse 248af573c867cf4c7e05d40c611c7c34ebac4715,CUDA,13040,13000,2026-10-08T05:52:19.179996+00:00,derived,csr-alg3,0,0,,,,5,20,4,true
3,A100-SXM4-80GB-suitesparse_all-fp64-n2-row-major-AlphaSparse-SpMM-CSR-pre-plus-solve,AlphaSparse-SpMM-CSR-best-pre-plus-solve,AlphaSparseLib CSR PER MATRIX BEST,per-matrix-best,AlphaSparse-SpMM-CSR,best,pre-plus-solve,"csr-alg1,csr-alg2,csr-alg3,csr-alg4,csr-alg5",manual-selection,csr,ALPHASPARSE_SPMM_CSR_ALG3,workspace-setup,spmm.csr.fp64,fp64,A100-SXM4-80GB,A100-SXM4-80GB,,9700.0,152f8cc9-7213-5fba-8430-8cd9341fa530,suitesparse_all,HB/bcsstk15,bcsstk15,3948,3948,117816,2,row-major,N,N,1.0,0.0,20260922,main,pass,pass,0,0,471264.0,0.02047,0.0164864003658,0.0369564003658,0.0175099003658,28.585014893706422,12.751891291775124,26.914145149589988,0.2946908751928497,0.13146279682242396,0.2774654139132989,AlphaSparse 248af573c867cf4c7e05d40c611c7c34ebac4715,CUDA,13040,13000,2026-10-08T00:21:09.878162+00:00,derived,csr-alg3,0,0,,,,5,20,4,true
3,A100-SXM4-80GB-suitesparse_all-fp64-n2-row-major-AlphaSparse-SpMM-CSR-pre-plus-solve,AlphaSparse-SpMM-CSR-best-pre-plus-solve,AlphaSparseLib CSR PER MATRIX BEST,per-matrix-best,AlphaSparse-SpMM-CSR,best,pre-plus-solve,"csr-alg1,csr-alg2,csr-alg3,csr-alg4,csr-alg5",manual-selection,csr,ALPHASPARSE_SPMM_CSR_ALG5,workspace-setup,spmm.csr.fp64,fp64,A100-SXM4-80GB,A100-SXM4-80GB,,9700.0,a0827285-e98d-55a9-b486-73107367c8f5,suitesparse_all,HB/bcsstk16,bcsstk16,4884,4884,290378,2,row-major,N,N,1.0,0.0,20260922,main,pass,pass,0,0,1161512.0,0.0184,0.0160336002707,0.0344336002707,0.0169536002707,72.4423697977903,33.731935983131734,68.51122955915028,0.7468285546163949,0.34775191735187355,0.706301335661343,AlphaSparse 248af573c867cf4c7e05d40c611c7c34ebac4715,CUDA,13040,13000,2026-10-06T08:55:44.743869+00:00,derived,csr-alg5,0,0,,,,5,20,4,true
3,A100-SXM4-80GB-suitesparse_all-fp64-n2-row-major-AlphaSparse-SpMM-CSR-pre-plus-solve,AlphaSparse-SpMM-CSR-best-pre-plus-solve,AlphaSparseLib CSR PER MATRIX BEST,per-matrix-best,AlphaSparse-SpMM-CSR,best,pre-plus-solve,"csr-alg1,csr-alg2,csr-alg3,csr-alg4,csr-alg5",manual-selection,csr,ALPHASPARSE_SPMM_CSR_ALG5,workspace-setup,spmm.csr.fp64,fp64,A100-SXM4-80GB,A100-SXM4-80GB,,9700.0,dd6a9a30-d69d-5ea7-834e-7b0f3242a57c,suitesparse_all,HB/bcsstk17,bcsstk17,10974,10974,428650,2,row-major,N,N,1.0,0.0,20260922,main,pass,pass,0,0,1714600.0,0.01362,0.0206640005112,0.0342840005112,0.0213450005112,82.97522055667186,50.01166650431794,80.3279437309138,0.8554146449141429,0.5155841907661644,0.828123131246534,AlphaSparse 248af573c867cf4c7e05d40c611c7c34ebac4715,CUDA,13040,13000,2026-10-06T22:19:44.543155+00:00,derived,csr-alg5,0,0,,,,5,20,4,true
3,A100-SXM4-80GB-suitesparse_all-fp64-n2-row-major-AlphaSparse-SpMM-CSR-pre-plus-solve,AlphaSparse-SpMM-CSR-best-pre-plus-solve,AlphaSparseLib CSR PER MATRIX BEST,per-matrix-best,AlphaSparse-SpMM-CSR,best,pre-plus-solve,"csr-alg1,csr-alg2,csr-alg3,csr-alg4,csr-alg5",manual-selection,csr,ALPHASPARSE_SPMM_CSR_ALG2,workspace-setup,spmm.csr.fp64,fp64,A100-SXM4-80GB,A100-SXM4-80GB,,9700.0,005fdebf-9ece-5bc0-9d3c-6fda0356699d,suitesparse_all,HB/bcsstk18,bcsstk18,11948,11948,149090,2,row-major,N,N,1.0,0.0,20260922,main,pass,pass,0,0,596360.0,0.01471,0.0151040002704,0.0298140002704,0.0158395002704,39.48357980161811,20.002683121730545,37.65017770885394,0.4070472144496713,0.2062132280590778,0.3881461619469478,AlphaSparse 248af573c867cf4c7e05d40c611c7c34ebac4715,CUDA,13040,13000,2026-10-08T14:18:45.444322+00:00,derived,csr-alg2,0,0,,,,5,20,4,true
3,A100-SXM4-80GB-suitesparse_all-fp64-n2-row-major-AlphaSparse-SpMM-CSR-pre-plus-solve,AlphaSparse-SpMM-CSR-best-pre-plus-solve,AlphaSparseLib CSR PER MATRIX BEST,per-matrix-best,AlphaSparse-SpMM-CSR,best,pre-plus-solve,"csr-alg1,csr-alg2,csr-alg3,csr-alg4,csr-alg5",manual-selection,csr,ALPHASPARSE_SPMM_CSR_ALG1,workspace-setup,spmm.csr.fp64,fp64,A100-SXM4-80GB,A100-SXM4-80GB,,9700.0,d94c6f41-d28e-5f45-abb9-189a8a3b4f78,suitesparse_all,HB/bcsstk19,bcsstk19,817,817,6853,2,row-major,N,N,1.0,0.0,20260922,main,pass,pass,0,0,27412.0,0.01296,0.00942080020905,0.022380800209,0.010068800209,2.9097315930409957,1.2247998169867402,2.722469353945247,0.02999723291794841,0.012626802236976703,0.028066694370569557,AlphaSparse 248af573c867cf4c7e05d40c611c7c34ebac4715,CUDA,13040,13000,2026-10-06T01:49:08.909697+00:00,derived,csr-alg1,0,0,,,,5,20,4,true
3,A100-SXM4-80GB-suitesparse_all-fp64-n2-row-major-AlphaSparse-SpMM-CSR-pre-plus-solve,AlphaSparse-SpMM-CSR-best-pre-plus-solve,AlphaSparseLib CSR PER MATRIX BEST,per-matrix-best,AlphaSparse-SpMM-CSR,best,pre-plus-solve,"csr-alg1,csr-alg2,csr-alg3,csr-alg4,csr-alg5",manual-selection,csr,ALPHASPARSE_SPMM_CSR_ALG1,workspace-setup,spmm.csr.fp64,fp64,A100-SXM4-80GB,A100-SXM4-80GB,,9700.0,018f64fd-81d1-5f6a-986f-7d386c913e5c,suitesparse_all,HB/bcsstk20,bcsstk20,485,485,3135,2,row-major,N,N,1.0,0.0,20260922,main,pass,pass,0,0,12540.0,0.01812,0.00727040022612,0.0253904002261,0.00817640022612,1.7248018829758744,0.4938874491277037,1.533682262756686,0.01778146271109149,0.005091623186883543,0.015811157348007074,AlphaSparse 248af573c867cf4c7e05d40c611c7c34ebac4715,CUDA,13040,13000,2026-10-06T20:25:46.421924+00:00,derived,csr-alg1,0,0,,,,5,20,4,true
3,A100-SXM4-80GB-suitesparse_all-fp64-n2-row-major-AlphaSparse-SpMM-CSR-pre-plus-solve,AlphaSparse-SpMM-CSR-best-pre-plus-solve,AlphaSparseLib CSR PER MATRIX BEST,per-matrix-best,AlphaSparse-SpMM-CSR,best,pre-plus-solve,"csr-alg1,csr-alg2,csr-alg3,csr-alg4,csr-alg5",manual-selection,csr,ALPHASPARSE_SPMM_CSR_ALG4,workspace-setup,spmm.csr.fp64,fp64,A100-SXM4-80GB,A100-SXM4-80GB,,9700.0,752b02ae-c4ef-54eb-ad5c-0957985c94ee,suitesparse_all,HB/bcsstk22,bcsstk22,138,138,696,2,row-major,N,N,1.0,0.0,20260922,main,pass,pass,0,0,2784.0,0.0111,0.013055999577,0.024155999577,0.013610999577,0.2132353010262356,0.11525087136740844,0.2045404515847925,0.002198302072435419,0.0011881533130660665,0.002108664449327758,AlphaSparse 248af573c867cf4c7e05d40c611c7c34ebac4715,CUDA,13040,13000,2026-10-08T06:54:11.486599+00:00,derived,csr-alg4,0,0,,,,5,20,4,true
3,A100-SXM4-80GB-suitesparse_all-fp64-n2-row-major-AlphaSparse-SpMM-CSR-pre-plus-solve,AlphaSparse-SpMM-CSR-best-pre-plus-solve,AlphaSparseLib CSR PER MATRIX BEST,per-matrix-best,AlphaSparse-SpMM-CSR,best,pre-plus-solve,"csr-alg1,csr-alg2,csr-alg3,csr-alg4,csr-alg5",manual-selection,csr,ALPHASPARSE_SPMM_CSR_ALG1,workspace-setup,spmm.csr.fp64,fp64,A100-SXM4-80GB,A100-SXM4-80GB,,9700.0,152f8cc9-7213-5fba-8430-8cd9341fa530,suitesparse_all,HB/bcsstk23,bcsstk23,3134,3134,45178,2,row-major,N,N,1.0,0.0,20260922,main,pass,pass,0,0,180712.0,0.01774,0.0122879996896,0.0300279996896,0.0131749996896,14.706380579822635,6.018116486879691,13.716281158067073,0.15161217092600654,0.06204243800906898,0.14140496039244405,AlphaSparse 248af573c867cf4c7e05d40c611c7c34ebac4715,CUDA,13040,13000,2026-10-07T22:24:17.841425+00:00,derived,csr-alg1,0,0,,,,5,20,4,true
3,A100-SXM4-80GB-suitesparse_all-fp64-n2-row-major-AlphaSparse-SpMM-CSR-pre-plus-solve,AlphaSparse-SpMM-CSR-best-pre-plus-solve,AlphaSparseLib CSR PER MATRIX BEST,per-matrix-best,AlphaSparse-SpMM-CSR,best,pre-plus-solve,"csr-alg1,csr-alg2,csr-alg3,csr-alg4,csr-alg5",manual-selection,csr,ALPHASPARSE_SPMM_CSR_ALG5,workspace-setup,spmm.csr.fp64,fp64,A100-SXM4-80GB,A100-SXM4-80GB,,9700.0,a0827285-e98d-55a9-b486-73107367c8f5,suitesparse_all,HB/bcsstk24,bcsstk24,3562,3562,159910,2,row-major,N,N,1.0,0.0,20260922,main,pass,pass,0,0,639640.0,0.02045,0.0125839993358,0.0330339993358,0.0136064993358,50.829627603388325,19.36308085187862,47.00988727622586,0.5240167794163745,0.1996193902255528,0.48463801315696764,AlphaSparse 248af573c867cf4c7e05d40c611c7c34ebac4715,CUDA,13040,13000,2026-10-06T08:55:45.525051+00:00,derived,csr-alg5,0,0,,,,5,20,4,true
3,A100-SXM4-80GB-suitesparse_all-fp64-n2-row-major-AlphaSparse-SpMM-CSR-pre-plus-solve,AlphaSparse-SpMM-CSR-best-pre-plus-solve,AlphaSparseLib CSR PER MATRIX BEST,per-matrix-best,AlphaSparse-SpMM-CSR,best,pre-plus-solve,"csr-alg1,csr-alg2,csr-alg3,csr-alg4,csr-alg5",manual-selection,csr,ALPHASPARSE_SPMM_CSR_ALG5,workspace-setup,spmm.csr.fp64,fp64,A100-SXM4-80GB,A100-SXM4-80GB,,9700.0,dd6a9a30-d69d-5ea7-834e-7b0f3242a57c,suitesparse_all,HB/bcsstk25,bcsstk25,15439,15439,252241,2,row-major,N,N,1.0,0.0,20260922,main,pass,pass,0,0,1008964.0,0.01443,0.0187728002667,0.0332028002667,0.0194943002667,53.746057363095886,30.387918847071397,51.75687181362974,0.5540830655989266,0.313277513887334,0.5335759980786572,AlphaSparse 248af573c867cf4c7e05d40c611c7c34ebac4715,CUDA,13040,13000,2026-10-06T22:19:45.420532+00:00,derived,csr-alg5,0,0,,,,5,20,4,true
3,A100-SXM4-80GB-suitesparse_all-fp64-n2-row-major-AlphaSparse-SpMM-CSR-pre-plus-solve,AlphaSparse-SpMM-CSR-best-pre-plus-solve,AlphaSparseLib CSR PER MATRIX BEST,per-matrix-best,AlphaSparse-SpMM-CSR,best,pre-plus-solve,"csr-alg1,csr-alg2,csr-alg3,csr-alg4,csr-alg5",manual-selection,csr,ALPHASPARSE_SPMM_CSR_ALG1,workspace-setup,spmm.csr.fp64,fp64,A100-SXM4-80GB,A100-SXM4-80GB,,9700.0,005fdebf-9ece-5bc0-9d3c-6fda0356699d,suitesparse_all,HB/bcsstk26,bcsstk26,1922,1922,30336,2,row-major,N,N,1.0,0.0,20260922,main,pass,pass,0,0,121344.0,0.01305,0.0126975998282,0.0257475998282,0.0133500998282,9.556451742203127,4.712827634795623,9.089370234047221,0.09852012105364047,0.048585851905109514,0.0937048477736827,AlphaSparse 248af573c867cf4c7e05d40c611c7c34ebac4715,CUDA,13040,13000,2026-10-08T13:52:40.514002+00:00,derived,csr-alg1,0,0,,,,5,20,4,true
3,A100-SXM4-80GB-suitesparse_all-fp64-n2-row-major-AlphaSparse-SpMM-CSR-pre-plus-solve,AlphaSparse-SpMM-CSR-best-pre-plus-solve,AlphaSparseLib CSR PER MATRIX BEST,per-matrix-best,AlphaSparse-SpMM-CSR,best,pre-plus-solve,"csr-alg1,csr-alg2,csr-alg3,csr-alg4,csr-alg5",manual-selection,csr,ALPHASPARSE_SPMM_CSR_ALG3,workspace-setup,spmm.csr.fp64,fp64,A100-SXM4-80GB,A100-SXM4-80GB,,9700.0,d94c6f41-d28e-5f45-abb9-189a8a3b4f78,suitesparse_all,HB/bcsstk27,bcsstk27,1224,1224,56126,2,row-major,N,N,1.0,0.0,20260922,main,pass,pass,0,0,224504.0,0.01512,0.0136191993952,0.0287391993952,0.0143751993952,16.484375732036423,7.811769455119077,15.61745293598945,0.1699420178560456,0.08053370572287707,0.1610046694431902,AlphaSparse 248af573c867cf4c7e05d40c611c7c34ebac4715,CUDA,13040,13000,2026-10-06T02:43:03.449499+00:00,derived,csr-alg3,0,0,,,,5,20,4,true
3,A100-SXM4-80GB-suitesparse_all-fp64-n2-row-major-AlphaSparse-SpMM-CSR-pre-plus-solve,AlphaSparse-SpMM-CSR-best-pre-plus-solve,AlphaSparseLib CSR PER MATRIX BEST,per-matrix-best,AlphaSparse-SpMM-CSR,best,pre-plus-solve,"csr-alg1,csr-alg2,csr-alg3,csr-alg4,csr-alg5",manual-selection,csr,ALPHASPARSE_SPMM_CSR_ALG5,workspace-setup,spmm.csr.fp64,fp64,A100-SXM4-80GB,A100-SXM4-80GB,,9700.0,018f64fd-81d1-5f6a-986f-7d386c913e5c,suitesparse_all,HB/bcsstk28,bcsstk28,4410,4410,219024,2,row-major,N,N,1.0,0.0,20260922,main,pass,pass,0,0,876096.0,0.01524,0.0159232005477,0.0311632005477,0.0166852005477,55.020094570531946,28.11315861665115,52.50737007897498,0.5672174697992984,0.28982637749124895,0.5413130935976802,AlphaSparse 248af573c867cf4c7e05d40c611c7c34ebac4715,CUDA,13040,13000,2026-10-06T23:05:52.219872+00:00,derived,csr-alg5,0,0,,,,5,20,4,true
3,A100-SXM4-80GB-suitesparse_all-fp64-n2-row-major-AlphaSparse-SpMM-CSR-pre-plus-solve,AlphaSparse-SpMM-CSR-best-pre-plus-solve,AlphaSparseLib CSR PER MATRIX BEST,per-matrix-best,AlphaSparse-SpMM-CSR,best,pre-plus-solve,"csr-alg1,csr-alg2,csr-alg3,csr-alg4,csr-alg5",manual-selection,csr,ALPHASPARSE_SPMM_CSR_ALG5,workspace-setup,spmm.csr.fp64,fp64,A100-SXM4-80GB,A100-SXM4-80GB,,9700.0,752b02ae-c4ef-54eb-ad5c-0957985c94ee,suitesparse_all,HB/bcsstk30,bcsstk30,28924,28924,2043492,2,row-major,N,N,1.0,0.0,20260922,main,pass,pass,0,0,8173968.0,0.0149,0.0579071998596,0.0728071998596,0.0586521998596,141.15633323348993,112.26867694077676,139.3633660726557,1.4552199302421642,1.1574090406265645,1.436735732707791,AlphaSparse 248af573c867cf4c7e05d40c611c7c34ebac4715,CUDA,13040,13000,2026-10-08T07:55:10.094885+00:00,derived,csr-alg5,0,0,,,,5,20,4,true
3,A100-SXM4-80GB-suitesparse_all-fp64-n2-row-major-AlphaSparse-SpMM-CSR-pre-plus-solve,AlphaSparse-SpMM-CSR-best-pre-plus-solve,AlphaSparseLib CSR PER MATRIX BEST,per-matrix-best,AlphaSparse-SpMM-CSR,best,pre-plus-solve,"csr-alg1,csr-alg2,csr-alg3,csr-alg4,csr-alg5",manual-selection,csr,ALPHASPARSE_SPMM_CSR_ALG5,workspace-setup,spmm.csr.fp64,fp64,A100-SXM4-80GB,A100-SXM4-80GB,,9700.0,152f8cc9-7213-5fba-8430-8cd9341fa530,suitesparse_all,HB/bcsstk31,bcsstk31,35588,35588,1181416,2,row-major,N,N,1.0,0.0,20260922,main,pass,pass,0,0,4725664.0,0.0253,0.0369664013386,0.0622664013386,0.0382314013386,127.83673359801735,75.89428485359537,123.60687378803388,1.3179044700826532,0.7824153077690243,1.274297667917875,AlphaSparse 248af573c867cf4c7e05d40c611c7c34ebac4715,CUDA,13040,13000,2026-10-08T02:18:37.299212+00:00,derived,csr-alg5,0,0,,,,5,20,4,true
3,A100-SXM4-80GB-suitesparse_all-fp64-n2-row-major-AlphaSparse-SpMM-CSR-pre-plus-solve,AlphaSparse-SpMM-CSR-best-pre-plus-solve,AlphaSparseLib CSR PER MATRIX BEST,per-matrix-best,AlphaSparse-SpMM-CSR,best,pre-plus-solve,"csr-alg1,csr-alg2,csr-alg3,csr-alg4,csr-alg5",manual-selection,csr,ALPHASPARSE_SPMM_CSR_ALG5,workspace-setup,spmm.csr.fp64,fp64,A100-SXM4-80GB,A100-SXM4-80GB,,9700.0,a0827285-e98d-55a9-b486-73107367c8f5,suitesparse_all,HB/bcsstk32,bcsstk32,44609,44609,2014701,2,row-major,N,N,1.0,0.0,20260922,main,pass,pass,0,0,8058804.0,0.01955,0.0465728014708,0.0661228014708,0.0475503014708,173.0367026568645,121.87632436533693,169.4795564008948,1.7838835325449949,1.2564569522199684,1.7472119216587094,AlphaSparse 248af573c867cf4c7e05d40c611c7c34ebac4715,CUDA,13040,13000,2026-10-06T08:55:46.610592+00:00,derived,csr-alg5,0,0,,,,5,20,4,true
3,A100-SXM4-80GB-suitesparse_all-fp64-n2-row-major-AlphaSparse-SpMM-CSR-pre-plus-solve,AlphaSparse-SpMM-CSR-best-pre-plus-solve,AlphaSparseLib CSR PER MATRIX BEST,per-matrix-best,AlphaSparse-SpMM-CSR,best,pre-plus-solve,"csr-alg1,csr-alg2,csr-alg3,csr-alg4,csr-alg5",manual-selection,csr,ALPHASPARSE_SPMM_CSR_ALG5,workspace-setup,spmm.csr.fp64,fp64,A100-SXM4-80GB,A100-SXM4-80GB,,9700.0,dd6a9a30-d69d-5ea7-834e-7b0f3242a57c,suitesparse_all,HB/bcsstk33,bcsstk33,8738,8738,591904,2,row-major,N,N,1.0,0.0,20260922,main,pass,pass,0,0,2367616.0,0.01486,0.0245664000511,0.0394264000511,0.0253094000511,96.37618841487465,60.05153899243569,93.54690333313921,0.9935689527306665,0.6190880308498524,0.964401065290095,AlphaSparse 248af573c867cf4c7e05d40c611c7c34ebac4715,CUDA,13040,13000,2026-10-06T22:19:46.217262+00:00,derived,csr-alg5,0,0,,,,5,20,4,true
3,A100-SXM4-80GB-suitesparse_all-fp64-n2-row-major-AlphaSparse-SpMM-CSR-pre-plus-solve,AlphaSparse-SpMM-CSR-best-pre-plus-solve,AlphaSparseLib CSR PER MATRIX BEST,per-matrix-best,AlphaSparse-SpMM-CSR,best,pre-plus-solve,"csr-alg1,csr-alg2,csr-alg3,csr-alg4,csr-alg5",manual-selection,csr,ALPHASPARSE_SPMM_CSR_ALG1,workspace-setup,spmm.csr.fp64,fp64,A100-SXM4-80GB,A100-SXM4-80GB,,9700.0,005fdebf-9ece-5bc0-9d3c-6fda0356699d,suitesparse_all,HB/bcsstm01,bcsstm01,48,48,48,2,row-major,N,N,1.0,0.0,20260922,main,pass,pass,0,0,192.0,0.0128,0.00378880016506,0.0165888001651,0.00442880016506,0.05067567346797755,0.011574073958883125,0.04335259954033145,0.0005224296233812118,0.0001193203500915786,0.0004469340158797057,AlphaSparse 248af573c867cf4c7e05d40c611c7c34ebac4715,CUDA,13040,13000,2026-10-08T13:52:41.104538+00:00,derived,csr-alg1,0,0,,,,5,20,4,true
3,A100-SXM4-80GB-suitesparse_all-fp64-n2-row-major-AlphaSparse-SpMM-CSR-pre-plus-solve,AlphaSparse-SpMM-CSR-best-pre-plus-solve,AlphaSparseLib CSR PER MATRIX BEST,per-matrix-best,AlphaSparse-SpMM-CSR,best,pre-plus-solve,"csr-alg1,csr-alg2,csr-alg3,csr-alg4,csr-alg5",manual-selection,csr,ALPHASPARSE_SPMM_CSR_ALG4,workspace-setup,spmm.csr.fp64,fp64,A100-SXM4-80GB,A100-SXM4-80GB,,9700.0,d94c6f41-d28e-5f45-abb9-189a8a3b4f78,suitesparse_all,HB/bcsstm02,bcsstm02,66,66,66,2,row-major,N,N,1.0,0.0,20260922,main,pass,pass,0,0,264.0,0.01339,0.00824320018291,0.0216332001829,0.00891270018291,0.03202639680488788,0.012203464941293303,0.029620653066083937,0.00033016903922564823,0.0001258089169205495,0.0003053675573823086,AlphaSparse 248af573c867cf4c7e05d40c611c7c34ebac4715,CUDA,13040,13000,2026-10-06T03:07:24.901700+00:00,derived,csr-alg4,0,0,,,,5,20,4,true
3,A100-SXM4-80GB-suitesparse_all-fp64-n2-row-major-AlphaSparse-SpMM-CSR-pre-plus-solve,AlphaSparse-SpMM-CSR-best-pre-plus-solve,AlphaSparseLib CSR PER MATRIX BEST,per-matrix-best,AlphaSparse-SpMM-CSR,best,pre-plus-solve,"csr-alg1,csr-alg2,csr-alg3,csr-alg4,csr-alg5",manual-selection,csr,ALPHASPARSE_SPMM_CSR_ALG1,workspace-setup,spmm.csr.fp64,fp64,A100-SXM4-80GB,A100-SXM4-80GB,,9700.0,018f64fd-81d1-5f6a-986f-7d386c913e5c,suitesparse_all,HB/bcsstm03,bcsstm03,112,112,112,2,row-major,N,N,1.0,0.0,20260922,main,pass,pass,0,0,448.0,0.01593,0.00414719991386,0.0200771999139,0.00494369991386,0.10802469360176678,0.022313868563406454,0.09062038712018126,0.0011136566350697606,0.00023003988209697375,0.000934230795053415,AlphaSparse 248af573c867cf4c7e05d40c611c7c34ebac4715,CUDA,13040,13000,2026-10-06T20:25:47.745225+00:00,derived,csr-alg1,0,0,,,,5,20,4,true
3,A100-SXM4-80GB-suitesparse_all-fp64-n2-row-major-AlphaSparse-SpMM-CSR-pre-plus-solve,AlphaSparse-SpMM-CSR-best-pre-plus-solve,AlphaSparseLib CSR PER MATRIX BEST,per-matrix-best,AlphaSparse-SpMM-CSR,best,pre-plus-solve,"csr-alg1,csr-alg2,csr-alg3,csr-alg4,csr-alg5",manual-selection,csr,ALPHASPARSE_SPMM_CSR_ALG4,workspace-setup,spmm.csr.fp64,fp64,A100-SXM4-80GB,A100-SXM4-80GB,,9700.0,752b02ae-c4ef-54eb-ad5c-0957985c94ee,suitesparse_all,HB/bcsstm05,bcsstm05,153,153,153,2,row-major,N,N,1.0,0.0,20260922,main,pass,pass,0,0,612.0,0.01109,0.00895999968052,0.0200499996805,0.00951449968052,0.06830357386402074,0.030523691259467304,0.06432287777075757,0.0007041605552991828,0.00031467722947904435,0.0006631224512449234,AlphaSparse 248af573c867cf4c7e05d40c611c7c34ebac4715,CUDA,13040,13000,2026-10-08T06:54:13.112496+00:00,derived,csr-alg4,0,0,,,,5,20,4,true
3,A100-SXM4-80GB-suitesparse_all-fp64-n2-row-major-AlphaSparse-SpMM-CSR-pre-plus-solve,AlphaSparse-SpMM-CSR-best-pre-plus-solve,AlphaSparseLib CSR PER MATRIX BEST,per-matrix-best,AlphaSparse-SpMM-CSR,best,pre-plus-solve,"csr-alg1,csr-alg2,csr-alg3,csr-alg4,csr-alg5",manual-selection,csr,ALPHASPARSE_SPMM_CSR_ALG1,workspace-setup,spmm.csr.fp64,fp64,A100-SXM4-80GB,A100-SXM4-80GB,,9700.0,152f8cc9-7213-5fba-8430-8cd9341fa530,suitesparse_all,HB/bcsstm06,bcsstm06,420,420,420,2,row-major,N,N,1.0,0.0,20260922,main,pass,pass,0,0,1680.0,0.01852,0.00419839993119,0.0227183999312,0.00512439993119,0.4001524455827195,0.07394886986265241,0.32784326410094744,0.004125282944151747,0.0007623594831201279,0.003379827464958221,AlphaSparse 248af573c867cf4c7e05d40c611c7c34ebac4715,CUDA,13040,13000,2026-10-07T22:24:19.811862+00:00,derived,csr-alg1,0,0,,,,5,20,4,true
3,A100-SXM4-80GB-suitesparse_all-fp64-n2-row-major-AlphaSparse-SpMM-CSR-pre-plus-solve,AlphaSparse-SpMM-CSR-best-pre-plus-solve,AlphaSparseLib CSR PER MATRIX BEST,per-matrix-best,AlphaSparse-SpMM-CSR,best,pre-plus-solve,"csr-alg1,csr-alg2,csr-alg3,csr-alg4,csr-alg5",manual-selection,csr,ALPHASPARSE_SPMM_CSR_ALG1,workspace-setup,spmm.csr.fp64,fp64,A100-SXM4-80GB,A100-SXM4-80GB,,9700.0,a0827285-e98d-55a9-b486-73107367c8f5,suitesparse_all,HB/bcsstm07,bcsstm07,420,420,7252,2,row-major,N,N,1.0,0.0,20260922,main,pass,pass,0,0,29008.0,0.0172,0.0104575999081,0.0276575999081,0.0113175999081,2.77386783343391,1.0488256427306446,2.5630876012182573,0.02859657560241144,0.0108126354920685,0.026423583517713994,AlphaSparse 248af573c867cf4c7e05d40c611c7c34ebac4715,CUDA,13040,13000,2026-10-06T07:02:50.707807+00:00,derived,csr-alg1,0,0,,,,5,20,4,true
3,A100-SXM4-80GB-suitesparse_all-fp64-n2-row-major-AlphaSparse-SpMM-CSR-pre-plus-solve,AlphaSparse-SpMM-CSR-best-pre-plus-solve,AlphaSparseLib CSR PER MATRIX BEST,per-matrix-best,AlphaSparse-SpMM-CSR,best,pre-plus-solve,"csr-alg1,csr-alg2,csr-alg3,csr-alg4,csr-alg5",manual-selection,csr,ALPHASPARSE_SPMM_CSR_ALG4,workspace-setup,spmm.csr.fp64,fp64,A100-SXM4-80GB,A100-SXM4-80GB,,9700.0,dd6a9a30-d69d-5ea7-834e-7b0f3242a57c,suitesparse_all,HB/bcsstm08,bcsstm08,1074,1074,1074,2,row-major,N,N,1.0,0.0,20260922,main,pass,pass,0,0,4296.0,0.01229,0.00911360010505,0.021403600105,0.00972810010505,0.47138342153278306,0.20071389761185224,0.44160729778776464,0.004859622902399825,0.0020692154392974458,0.004552652554513038,AlphaSparse 248af573c867cf4c7e05d40c611c7c34ebac4715,CUDA,13040,13000,2026-10-06T21:43:16.403204+00:00,derived,csr-alg4,0,0,,,,5,20,4,true
3,A100-SXM4-80GB-suitesparse_all-fp64-n2-row-major-AlphaSparse-SpMM-CSR-pre-plus-solve,AlphaSparse-SpMM-CSR-best-pre-plus-solve,AlphaSparseLib CSR PER MATRIX BEST,per-matrix-best,AlphaSparse-SpMM-CSR,best,pre-plus-solve,"csr-alg1,csr-alg2,csr-alg3,csr-alg4,csr-alg5",manual-selection,csr,ALPHASPARSE_SPMM_CSR_ALG1,workspace-setup,spmm.csr.fp64,fp64,A100-SXM4-80GB,A100-SXM4-80GB,,9700.0,005fdebf-9ece-5bc0-9d3c-6fda0356699d,suitesparse_all,HB/bcsstm09,bcsstm09,1083,1083,1083,2,row-major,N,N,1.0,0.0,20260922,main,pass,pass,0,0,4332.0,0.01305,0.00373760014772,0.0167876001477,0.00439010014772,1.1590324884384955,0.2580476042964074,0.9867656441163022,0.011948788540603047,0.002660284580375334,0.01017284169192064,AlphaSparse 248af573c867cf4c7e05d40c611c7c34ebac4715,CUDA,13040,13000,2026-10-08T13:52:41.688721+00:00,derived,csr-alg1,0,0,,,,5,20,4,true
3,A100-SXM4-80GB-suitesparse_all-fp64-n2-row-major-AlphaSparse-SpMM-CSR-pre-plus-solve,AlphaSparse-SpMM-CSR-best-pre-plus-solve,AlphaSparseLib CSR PER MATRIX BEST,per-matrix-best,AlphaSparse-SpMM-CSR,best,pre-plus-solve,"csr-alg1,csr-alg2,csr-alg3,csr-alg4,csr-alg5",manual-selection,csr,ALPHASPARSE_SPMM_CSR_ALG1,workspace-setup,spmm.csr.fp64,fp64,A100-SXM4-80GB,A100-SXM4-80GB,,9700.0,d94c6f41-d28e-5f45-abb9-189a8a3b4f78,suitesparse_all,HB/bcsstm10,bcsstm10,1086,1086,22092,2,row-major,N,N,1.0,0.0,20260922,main,pass,pass,0,0,88368.0,0.0129,0.0117760002613,0.0246760002613,0.0124210002613,7.504075920447091,3.5811314258490174,7.114402877466108,0.07736160742728959,0.03691888067885585,0.07334435956150627,AlphaSparse 248af573c867cf4c7e05d40c611c7c34ebac4715,CUDA,13040,13000,2026-10-06T01:49:10.789448+00:00,derived,csr-alg1,0,0,,,,5,20,4,true
3,A100-SXM4-80GB-suitesparse_all-fp64-n2-row-major-AlphaSparse-SpMM-CSR-pre-plus-solve,AlphaSparse-SpMM-CSR-best-pre-plus-solve,AlphaSparseLib CSR PER MATRIX BEST,per-matrix-best,AlphaSparse-SpMM-CSR,best,pre-plus-solve,"csr-alg1,csr-alg2,csr-alg3,csr-alg4,csr-alg5",manual-selection,csr,ALPHASPARSE_SPMM_CSR_ALG3,workspace-setup,spmm.csr.fp64,fp64,A100-SXM4-80GB,A100-SXM4-80GB,,9700.0,018f64fd-81d1-5f6a-986f-7d386c913e5c,suitesparse_all,HB/bcsstm11,bcsstm11,1473,1473,1473,2,row-major,N,N,1.0,0.0,20260922,main,pass,pass,0,0,5892.0,0.01071,0.0129536002874,0.0236636002874,0.0134891002874,0.45485423892006016,0.24899000694908094,0.43679710836634844,0.004689218957938765,0.002566907288134855,0.004503062972848953,AlphaSparse 248af573c867cf4c7e05d40c611c7c34ebac4715,CUDA,13040,13000,2026-10-06T21:50:57.036999+00:00,derived,csr-alg3,0,0,,,,5,20,4,true
3,A100-SXM4-80GB-suitesparse_all-fp64-n2-row-major-AlphaSparse-SpMM-CSR-pre-plus-solve,AlphaSparse-SpMM-CSR-best-pre-plus-solve,AlphaSparseLib CSR PER MATRIX BEST,per-matrix-best,AlphaSparse-SpMM-CSR,best,pre-plus-solve,"csr-alg1,csr-alg2,csr-alg3,csr-alg4,csr-alg5",manual-selection,csr,ALPHASPARSE_SPMM_CSR_ALG5,workspace-setup,spmm.csr.fp64,fp64,A100-SXM4-80GB,A100-SXM4-80GB,,9700.0,752b02ae-c4ef-54eb-ad5c-0957985c94ee,suitesparse_all,HB/bcsstm13,bcsstm13,2003,2003,21943,2,row-major,N,N,1.0,0.0,20260922,main,pass,pass,0,0,87772.0,0.01298,0.0147967994213,0.0277767994213,0.0154457994213,5.931823328878282,3.1599032944268615,5.682580590743722,0.06115281782348744,0.032576322622957336,0.05858330505921363,AlphaSparse 248af573c867cf4c7e05d40c611c7c34ebac4715,CUDA,13040,13000,2026-10-08T07:55:11.471511+00:00,derived,csr-alg5,0,0,,,,5,20,4,true
3,A100-SXM4-80GB-suitesparse_all-fp64-n2-row-major-AlphaSparse-SpMM-CSR-pre-plus-solve,AlphaSparse-SpMM-CSR-best-pre-plus-solve,AlphaSparseLib CSR PER MATRIX BEST,per-matrix-best,AlphaSparse-SpMM-CSR,best,pre-plus-solve,"csr-alg1,csr-alg2,csr-alg3,csr-alg4,csr-alg5",manual-selection,csr,ALPHASPARSE_SPMM_CSR_ALG1,workspace-setup,spmm.csr.fp64,fp64,A100-SXM4-80GB,A100-SXM4-80GB,,9700.0,152f8cc9-7213-5fba-8430-8cd9341fa530,suitesparse_all,HB/bcsstm19,bcsstm19,817,817,817,2,row-major,N,N,1.0,0.0,20260922,main,pass,pass,0,0,3268.0,0.02676,0.00440320000052,0.0311632000005,0.00574120000052,0.7421874999123507,0.10486727935345427,0.5692189785591873,0.007651417524869595,0.0010811059727160236,0.005868236892362756,AlphaSparse 248af573c867cf4c7e05d40c611c7c34ebac4715,CUDA,13040,13000,2026-10-07T22:24:21.238577+00:00,derived,csr-alg1,0,0,,,,5,20,4,true
3,A100-SXM4-80GB-suitesparse_all-fp64-n2-row-major-AlphaSparse-SpMM-CSR-pre-plus-solve,AlphaSparse-SpMM-CSR-best-pre-plus-solve,AlphaSparseLib CSR PER MATRIX BEST,per-matrix-best,AlphaSparse-SpMM-CSR,best,pre-plus-solve,"csr-alg1,csr-alg2,csr-alg3,csr-alg4,csr-alg5",manual-selection,csr,ALPHASPARSE_SPMM_CSR_ALG1,workspace-setup,spmm.csr.fp64,fp64,A100-SXM4-80GB,A100-SXM4-80GB,,9700.0,a0827285-e98d-55a9-b486-73107367c8f5,suitesparse_all,HB/bcsstm20,bcsstm20,485,485,485,2,row-major,N,N,1.0,0.0,20260922,main,pass,pass,0,0,1940.0,0.01714,0.00431840009987,0.0214584000999,0.00517540009987,0.4492404490400047,0.09040748569177068,0.37485024588702437,0.004631344835463966,0.000932035934966708,0.003864435524608499,AlphaSparse 248af573c867cf4c7e05d40c611c7c34ebac4715,CUDA,13040,13000,2026-10-06T07:02:51.552301+00:00,derived,csr-alg1,0,0,,,,5,20,4,true
3,A100-SXM4-80GB-suitesparse_all-fp64-n2-row-major-AlphaSparse-SpMM-CSR-pre-plus-solve,AlphaSparse-SpMM-CSR-best-pre-plus-solve,AlphaSparseLib CSR PER MATRIX BEST,per-matrix-best,AlphaSparse-SpMM-CSR,best,pre-plus-solve,"csr-alg1,csr-alg2,csr-alg3,csr-alg4,csr-alg5",manual-selection,csr,ALPHASPARSE_SPMM_CSR_ALG1,workspace-setup,spmm.csr.fp64,fp64,A100-SXM4-80GB,A100-SXM4-80GB,,9700.0,dd6a9a30-d69d-5ea7-834e-7b0f3242a57c,suitesparse_all,HB/bcsstm21,bcsstm21,3600,3600,3600,2,row-major,N,N,1.0,0.0,20260922,main,pass,pass,0,0,14400.0,0.01346,0.00362720005214,0.0170872000521,0.00430020005214,3.970004354048294,0.8427360805804023,3.348681416073613,0.040927879938642206,0.008688000830725797,0.034522488825501164,AlphaSparse 248af573c867cf4c7e05d40c611c7c34ebac4715,CUDA,13040,13000,2026-10-06T19:47:42.197154+00:00,derived,csr-alg1,0,0,,,,5,20,4,true
3,A100-SXM4-80GB-suitesparse_all-fp64-n2-row-major-AlphaSparse-SpMM-CSR-pre-plus-solve,AlphaSparse-SpMM-CSR-best-pre-plus-solve,AlphaSparseLib CSR PER MATRIX BEST,per-matrix-best,AlphaSparse-SpMM-CSR,best,pre-plus-solve,"csr-alg1,csr-alg2,csr-alg3,csr-alg4,csr-alg5",manual-selection,csr,ALPHASPARSE_SPMM_CSR_ALG1,workspace-setup,spmm.csr.fp64,fp64,A100-SXM4-80GB,A100-SXM4-80GB,,9700.0,005fdebf-9ece-5bc0-9d3c-6fda0356699d,suitesparse_all,HB/bcsstm22,bcsstm22,138,138,138,2,row-major,N,N,1.0,0.0,20260922,main,pass,pass,0,0,552.0,0.01335,0.00368640013039,0.0170364001304,0.00435390013039,0.14973957803696192,0.03240121127555599,0.12678288051374173,0.0015437069900717723,0.0003340331059335669,0.0013070400052963066,AlphaSparse 248af573c867cf4c7e05d40c611c7c34ebac4715,CUDA,13040,13000,2026-10-08T13:52:42.349398+00:00,derived,csr-alg1,0,0,,,,5,20,4,true
3,A100-SXM4-80GB-suitesparse_all-fp64-n2-row-major-AlphaSparse-SpMM-CSR-pre-plus-solve,AlphaSparse-SpMM-CSR-best-pre-plus-solve,AlphaSparseLib CSR PER MATRIX BEST,per-matrix-best,AlphaSparse-SpMM-CSR,best,pre-plus-solve,"csr-alg1,csr-alg2,csr-alg3,csr-alg4,csr-alg5",manual-selection,csr,ALPHASPARSE_SPMM_CSR_ALG1,workspace-setup,spmm.csr.fp64,fp64,A100-SXM4-80GB,A100-SXM4-80GB,,9700.0,d94c6f41-d28e-5f45-abb9-189a8a3b4f78,suitesparse_all,HB/bcsstm23,bcsstm23,3134,3134,3134,2,row-major,N,N,1.0,0.0,20260922,main,pass,pass,0,0,12536.0,0.01294,0.00578560009599,0.018725600096,0.00643260009599,2.1667588136084106,0.6694578510558831,1.9488231528359397,0.02233771972792176,0.006901627330473021,0.020090960338514843,AlphaSparse 248af573c867cf4c7e05d40c611c7c34ebac4715,CUDA,13040,13000,2026-10-06T01:49:11.430188+00:00,derived,csr-alg1,0,0,,,,5,20,4,true
3,A100-SXM4-80GB-suitesparse_all-fp64-n2-row-major-AlphaSparse-SpMM-CSR-pre-plus-solve,AlphaSparse-SpMM-CSR-best-pre-plus-solve,AlphaSparseLib CSR PER MATRIX BEST,per-matrix-best,AlphaSparse-SpMM-CSR,best,pre-plus-solve,"csr-alg1,csr-alg2,csr-alg3,csr-alg4,csr-alg5",manual-selection,csr,ALPHASPARSE_SPMM_CSR_ALG1,workspace-setup,spmm.csr.fp64,fp64,A100-SXM4-80GB,A100-SXM4-80GB,,9700.0,018f64fd-81d1-5f6a-986f-7d386c913e5c,suitesparse_all,HB/bcsstm24,bcsstm24,3562,3562,3562,2,row-major,N,N,1.0,0.0,20260922,main,pass,pass,0,0,14248.0,0.013749,0.00445440001786,0.0182034000179,0.00514185001786,3.1986350446462772,0.7827109213657599,2.7709870864591872,0.03297561901697193,0.008069184756348042,0.028566877179991623,AlphaSparse 248af573c867cf4c7e05d40c611c7c34ebac4715,CUDA,13040,13000,2026-10-06T20:25:48.964535+00:00,derived,csr-alg1,0,0,,,,5,20,4,true
3,A100-SXM4-80GB-suitesparse_all-fp64-n2-row-major-AlphaSparse-SpMM-CSR-pre-plus-solve,AlphaSparse-SpMM-CSR-best-pre-plus-solve,AlphaSparseLib CSR PER MATRIX BEST,per-matrix-best,AlphaSparse-SpMM-CSR,best,pre-plus-solve,"csr-alg1,csr-alg2,csr-alg3,csr-alg4,csr-alg5",manual-selection,csr,ALPHASPARSE_SPMM_CSR_ALG1,workspace-setup,spmm.csr.fp64,fp64,A100-SXM4-80GB,A100-SXM4-80GB,,9700.0,752b02ae-c4ef-54eb-ad5c-0957985c94ee,suitesparse_all,HB/bcsstm26,bcsstm26,1922,1922,1922,2,row-major,N,N,1.0,0.0,20260922,main,pass,pass,0,0,7688.0,0.01518,0.00445440001786,0.0196344000179,0.00521340001786,1.7259339011258128,0.3915576739289776,1.4746614442902035,0.017793133001297038,0.0040366770508142025,0.015202695301960861,AlphaSparse 248af573c867cf4c7e05d40c611c7c34ebac4715,CUDA,13040,13000,2026-10-08T03:30:59.776595+00:00,derived,csr-alg1,0,0,,,,5,20,4,true
3,A100-SXM4-80GB-suitesparse_all-fp64-n2-row-major-AlphaSparse-SpMM-CSR-pre-plus-solve,AlphaSparse-SpMM-CSR-best-pre-plus-solve,AlphaSparseLib CSR PER MATRIX BEST,per-matrix-best,AlphaSparse-SpMM-CSR,best,pre-plus-solve,"csr-alg1,csr-alg2,csr-alg3,csr-alg4,csr-alg5",manual-selection,csr,ALPHASPARSE_SPMM_CSR_ALG2,workspace-setup,spmm.csr.fp64,fp64,A100-SXM4-80GB,A100-SXM4-80GB,,9700.0,152f8cc9-7213-5fba-8430-8cd9341fa530,suitesparse_all,HB/bcsstm27,bcsstm27,1224,1224,56126,2,row-major,N,N,1.0,0.0,20260922,main,pass,pass,0,0,224504.0,0.0181,0.0144896000624,0.0325896000624,0.0153946000624,15.494147459775645,6.888823415142789,14.583295382147142,0.15973347896675924,0.07101879809425556,0.15034325136234167,AlphaSparse 248af573c867cf4c7e05d40c611c7c34ebac4715,CUDA,13040,13000,2026-10-07T23:22:37.559449+00:00,derived,csr-alg2,0,0,,,,5,20,4,true
3,A100-SXM4-80GB-suitesparse_all-fp64-n2-row-major-AlphaSparse-SpMM-CSR-pre-plus-solve,AlphaSparse-SpMM-CSR-best-pre-plus-solve,AlphaSparseLib CSR PER MATRIX BEST,per-matrix-best,AlphaSparse-SpMM-CSR,best,pre-plus-solve,"csr-alg1,csr-alg2,csr-alg3,csr-alg4,csr-alg5",manual-selection,csr,ALPHASPARSE_SPMM_CSR_ALG5,workspace-setup,spmm.csr.fp64,fp64,A100-SXM4-80GB,A100-SXM4-80GB,,9700.0,a0827285-e98d-55a9-b486-73107367c8f5,suitesparse_all,HB/beacxc,beacxc,497,506,50409,2,row-major,N,N,1.0,0.0,20260922,main,pass,pass,0,0,201636.0,0.01818,0.0126080006361,0.0307880006361,0.0135170006361,15.992702238819964,6.549174867937829,14.91721465644446,0.16487321895690685,0.06751726667977143,0.15378571810767483,AlphaSparse 248af573c867cf4c7e05d40c611c7c34ebac4715,CUDA,13040,13000,2026-10-06T08:55:48.732315+00:00,derived,csr-alg5,0,0,,,,5,20,4,true
3,A100-SXM4-80GB-suitesparse_all-fp64-n2-row-major-AlphaSparse-SpMM-CSR-pre-plus-solve,AlphaSparse-SpMM-CSR-best-pre-plus-solve,AlphaSparseLib CSR PER MATRIX BEST,per-matrix-best,AlphaSparse-SpMM-CSR,best,pre-plus-solve,"csr-alg1,csr-alg2,csr-alg3,csr-alg4,csr-alg5",manual-selection,csr,ALPHASPARSE_SPMM_CSR_ALG5,workspace-setup,spmm.csr.fp64,fp64,A100-SXM4-80GB,A100-SXM4-80GB,,9700.0,dd6a9a30-d69d-5ea7-834e-7b0f3242a57c,suitesparse_all,HB/beaflw,beaflw,497,507,53403,2,row-major,N,N,1.0,0.0,20260922,main,pass,pass,0,0,213612.0,0.013689,0.0120832003653,0.0257722003653,0.0127676503653,17.67842902062946,8.288465748838806,16.73072130644774,0.18225184557349958,0.08544810050349284,0.1724816629530695,AlphaSparse 248af573c867cf4c7e05d40c611c7c34ebac4715,CUDA,13040,13000,2026-10-06T22:19:48.945720+00:00,derived,csr-alg5,0,0,,,,5,20,4,true
3,A100-SXM4-80GB-suitesparse_all-fp64-n2-row-major-AlphaSparse-SpMM-CSR-pre-plus-solve,AlphaSparse-SpMM-CSR-best-pre-plus-solve,AlphaSparseLib CSR PER MATRIX BEST,per-matrix-best,AlphaSparse-SpMM-CSR,best,pre-plus-solve,"csr-alg1,csr-alg2,csr-alg3,csr-alg4,csr-alg5",manual-selection,csr,ALPHASPARSE_SPMM_CSR_ALG5,workspace-setup,spmm.csr.fp64,fp64,A100-SXM4-80GB,A100-SXM4-80GB,,9700.0,005fdebf-9ece-5bc0-9d3c-6fda0356699d,suitesparse_all,HB/beause,beause,497,507,44551,2,row-major,N,N,1.0,0.0,20260922,main,pass,pass,0,0,178204.0,0.01365,0.0151040002704,0.0287540002704,0.0157865002704,11.79846377182835,6.197537675599423,11.288379118083316,0.12163364713225103,0.06389214098556106,0.11637504245446718,AlphaSparse 248af573c867cf4c7e05d40c611c7c34ebac4715,CUDA,13040,13000,2026-10-08T15:30:13.932466+00:00,derived,csr-alg5,0,0,,,,5,20,4,true
3,A100-SXM4-80GB-suitesparse_all-fp64-n2-row-major-AlphaSparse-SpMM-CSR-pre-plus-solve,AlphaSparse-SpMM-CSR-best-pre-plus-solve,AlphaSparseLib CSR PER MATRIX BEST,per-matrix-best,AlphaSparse-SpMM-CSR,best,pre-plus-solve,"csr-alg1,csr-alg2,csr-alg3,csr-alg4,csr-alg5",manual-selection,csr,ALPHASPARSE_SPMM_CSR_ALG4,workspace-setup,spmm.csr.fp64,fp64,A100-SXM4-80GB,A100-SXM4-80GB,,9700.0,d94c6f41-d28e-5f45-abb9-189a8a3b4f78,suitesparse_all,HB/blckhole,blckhole,2132,2132,14872,2,row-major,N,N,1.0,0.0,20260922,main,pass,pass,0,0,59488.0,0.01271,0.0114175997674,0.0241275997674,0.0120530997674,5.210201899864504,2.465558139785508,4.935493868630964,0.05371342164808767,0.025418125152427917,0.050881380088979,AlphaSparse 248af573c867cf4c7e05d40c611c7c34ebac4715,CUDA,13040,13000,2026-10-06T03:07:26.962227+00:00,derived,csr-alg4,0,0,,,,5,20,4,true
3,A100-SXM4-80GB-suitesparse_all-fp64-n2-row-major-AlphaSparse-SpMM-CSR-pre-plus-solve,AlphaSparse-SpMM-CSR-best-pre-plus-solve,AlphaSparseLib CSR PER MATRIX BEST,per-matrix-best,AlphaSparse-SpMM-CSR,best,pre-plus-solve,"csr-alg1,csr-alg2,csr-alg3,csr-alg4,csr-alg5",manual-selection,csr,ALPHASPARSE_SPMM_CSR_ALG3,workspace-setup,spmm.csr.fp64,fp64,A100-SXM4-80GB,A100-SXM4-80GB,,9700.0,018f64fd-81d1-5f6a-986f-7d386c913e5c,suitesparse_all,HB/bp_0,bp_0,822,822,3276,2,row-major,N,N,1.0,0.0,20260922,main,pass,pass,0,0,13104.0,0.01167,0.0143871992826,0.0260571992826,0.0149706992826,0.9108096539573263,0.5028936478507247,0.8753098136992433,0.009389790246982745,0.0051844705963992235,0.009023812512363333,AlphaSparse 248af573c867cf4c7e05d40c611c7c34ebac4715,CUDA,13040,13000,2026-10-06T21:50:58.504098+00:00,derived,csr-alg3,0,0,,,,5,20,4,true
3,A100-SXM4-80GB-suitesparse_all-fp64-n2-row-major-AlphaSparse-SpMM-CSR-pre-plus-solve,AlphaSparse-SpMM-CSR-best-pre-plus-solve,AlphaSparseLib CSR PER MATRIX BEST,per-matrix-best,AlphaSparse-SpMM-CSR,best,pre-plus-solve,"csr-alg1,csr-alg2,csr-alg3,csr-alg4,csr-alg5",manual-selection,csr,ALPHASPARSE_SPMM_CSR_ALG3,workspace-setup,spmm.csr.fp64,fp64,A100-SXM4-80GB,A100-SXM4-80GB,,9700.0,752b02ae-c4ef-54eb-ad5c-0957985c94ee,suitesparse_all,HB/bp_1200,bp_1200,822,822,4726,2,row-major,N,N,1.0,0.0,20260922,main,pass,pass,0,0,18904.0,0.0124,0.0141824007034,0.0265824007034,0.0148024007034,1.3329196089818611,0.7111472064139828,1.2770901409024749,0.013741439267854238,0.007331414499113224,0.013165877741262627,AlphaSparse 248af573c867cf4c7e05d40c611c7c34ebac4715,CUDA,13040,13000,2026-10-08T05:52:25.669762+00:00,derived,csr-alg3,0,0,,,,5,20,4,true
3,A100-SXM4-80GB-suitesparse_all-fp64-n2-row-major-AlphaSparse-SpMM-CSR-pre-plus-solve,AlphaSparse-SpMM-CSR-best-pre-plus-solve,AlphaSparseLib CSR PER MATRIX BEST,per-matrix-best,AlphaSparse-SpMM-CSR,best,pre-plus-solve,"csr-alg1,csr-alg2,csr-alg3,csr-alg4,csr-alg5",manual-selection,csr,ALPHASPARSE_SPMM_CSR_ALG3,workspace-setup,spmm.csr.fp64,fp64,A100-SXM4-80GB,A100-SXM4-80GB,,9700.0,152f8cc9-7213-5fba-8430-8cd9341fa530,suitesparse_all,HB/bp_1400,bp_1400,822,822,4790,2,row-major,N,N,1.0,0.0,20260922,main,pass,pass,0,0,19160.0,0.02017,0.0142335996032,0.0344035996032,0.0152420996032,1.3461106490372572,0.556918468444734,1.2570446656822434,0.013877429371518115,0.005741427509739526,0.012959223357548903,AlphaSparse 248af573c867cf4c7e05d40c611c7c34ebac4715,CUDA,13040,13000,2026-10-08T00:21:13.939472+00:00,derived,csr-alg3,0,0,,,,5,20,4,true
3,A100-SXM4-80GB-suitesparse_all-fp64-n2-row-major-AlphaSparse-SpMM-CSR-pre-plus-solve,AlphaSparse-SpMM-CSR-best-pre-plus-solve,AlphaSparseLib CSR PER MATRIX BEST,per-matrix-best,AlphaSparse-SpMM-CSR,best,pre-plus-solve,"csr-alg1,csr-alg2,csr-alg3,csr-alg4,csr-alg5",manual-selection,csr,ALPHASPARSE_SPMM_CSR_ALG3,workspace-setup,spmm.csr.fp64,fp64,A100-SXM4-80GB,A100-SXM4-80GB,,9700.0,a0827285-e98d-55a9-b486-73107367c8f5,suitesparse_all,HB/bp_1600,bp_1600,822,822,4841,2,row-major,N,N,1.0,0.0,20260922,main,pass,pass,0,0,19364.0,0.01515,0.0114256002009,0.0265756002009,0.0121831002009,1.694790615767799,0.7286382942856066,1.5894148189448138,0.01747206820379174,0.007511734992635119,0.016385719782936223,AlphaSparse 248af573c867cf4c7e05d40c611c7c34ebac4715,CUDA,13040,13000,2026-10-06T07:59:55.156748+00:00,derived,csr-alg3,0,0,,,,5,20,4,true
3,A100-SXM4-80GB-suitesparse_all-fp64-n2-row-major-AlphaSparse-SpMM-CSR-pre-plus-solve,AlphaSparse-SpMM-CSR-best-pre-plus-solve,AlphaSparseLib CSR PER MATRIX BEST,per-matrix-best,AlphaSparse-SpMM-CSR,best,pre-plus-solve,"csr-alg1,csr-alg2,csr-alg3,csr-alg4,csr-alg5",manual-selection,csr,ALPHASPARSE_SPMM_CSR_ALG5,workspace-setup,spmm.csr.fp64,fp64,A100-SXM4-80GB,A100-SXM4-80GB,,9700.0,dd6a9a30-d69d-5ea7-834e-7b0f3242a57c,suitesparse_all,HB/bp_200,bp_200,822,822,3802,2,row-major,N,N,1.0,0.0,20260922,main,pass,pass,0,0,15208.0,0.013869,0.011571200192,0.025440200192,0.012264650192,1.314297544563647,0.5977940379880482,1.2399864457544736,0.013549459222305637,0.006162825133897405,0.012783365420149212,AlphaSparse 248af573c867cf4c7e05d40c611c7c34ebac4715,CUDA,13040,13000,2026-10-06T22:19:49.843908+00:00,derived,csr-alg5,0,0,,,,5,20,4,true
3,A100-SXM4-80GB-suitesparse_all-fp64-n2-row-major-AlphaSparse-SpMM-CSR-pre-plus-solve,AlphaSparse-SpMM-CSR-best-pre-plus-solve,AlphaSparseLib CSR PER MATRIX BEST,per-matrix-best,AlphaSparse-SpMM-CSR,best,pre-plus-solve,"csr-alg1,csr-alg2,csr-alg3,csr-alg4,csr-alg5",manual-selection,csr,ALPHASPARSE_SPMM_CSR_ALG2,workspace-setup,spmm.csr.fp64,fp64,A100-SXM4-80GB,A100-SXM4-80GB,,9700.0,005fdebf-9ece-5bc0-9d3c-6fda0356699d,suitesparse_all,HB/bp_400,bp_400,822,822,4028,2,row-major,N,N,1.0,0.0,20260922,main,pass,pass,0,0,16112.0,0.01359,0.0122368000448,0.0258268000448,0.0129163000448,1.3166840955979138,0.6238480946943332,1.2474160513549362,0.013574062841215605,0.006431423656642611,0.01285995929231893,AlphaSparse 248af573c867cf4c7e05d40c611c7c34ebac4715,CUDA,13040,13000,2026-10-08T14:18:50.629376+00:00,derived,csr-alg2,0,0,,,,5,20,4,true
3,A100-SXM4-80GB-suitesparse_all-fp64-n2-row-major-AlphaSparse-SpMM-CSR-pre-plus-solve,AlphaSparse-SpMM-CSR-best-pre-plus-solve,AlphaSparseLib CSR PER MATRIX BEST,per-matrix-best,AlphaSparse-SpMM-CSR,best,pre-plus-solve,"csr-alg1,csr-alg2,csr-alg3,csr-alg4,csr-alg5",manual-selection,csr,ALPHASPARSE_SPMM_CSR_ALG5,workspace-setup,spmm.csr.fp64,fp64,A100-SXM4-80GB,A100-SXM4-80GB,,9700.0,d94c6f41-d28e-5f45-abb9-189a8a3b4f78,suitesparse_all,HB/bp_600,bp_600,822,822,4172,2,row-major,N,N,1.0,0.0,20260922,main,pass,pass,0,0,16688.0,0.01208,0.0141312003136,0.0262112003136,0.0147352003136,1.1809329448071946,0.6366743911129178,1.132526171673258,0.012174566441311284,0.006563653516628018,0.011675527543023279,AlphaSparse 248af573c867cf4c7e05d40c611c7c34ebac4715,CUDA,13040,13000,2026-10-06T03:31:33.638220+00:00,derived,csr-alg5,0,0,,,,5,20,4,true
3,A100-SXM4-80GB-suitesparse_all-fp64-n2-row-major-AlphaSparse-SpMM-CSR-pre-plus-solve,AlphaSparse-SpMM-CSR-best-pre-plus-solve,AlphaSparseLib CSR PER MATRIX BEST,per-matrix-best,AlphaSparse-SpMM-CSR,best,pre-plus-solve,"csr-alg1,csr-alg2,csr-alg3,csr-alg4,csr-alg5",manual-selection,csr,ALPHASPARSE_SPMM_CSR_ALG3,workspace-setup,spmm.csr.fp64,fp64,A100-SXM4-80GB,A100-SXM4-80GB,,9700.0,018f64fd-81d1-5f6a-986f-7d386c913e5c,suitesparse_all,HB/bp_800,bp_800,822,822,4534,2,row-major,N,N,1.0,0.0,20260922,main,pass,pass,0,0,18136.0,0.01237,0.0143360003829,0.0267060003829,0.0149545003829,1.2650669304970614,0.6790983202266626,1.212745296441862,0.013041927118526407,0.007001013610584151,0.012502528829297544,AlphaSparse 248af573c867cf4c7e05d40c611c7c34ebac4715,CUDA,13040,13000,2026-10-06T21:50:59.472910+00:00,derived,csr-alg3,0,0,,,,5,20,4,true
3,A100-SXM4-80GB-suitesparse_all-fp64-n2-row-major-AlphaSparse-SpMM-CSR-pre-plus-solve,AlphaSparse-SpMM-CSR-best-pre-plus-solve,AlphaSparseLib CSR PER MATRIX BEST,per-matrix-best,AlphaSparse-SpMM-CSR,best,pre-plus-solve,"csr-alg1,csr-alg2,csr-alg3,csr-alg4,csr-alg5",manual-selection,csr,ALPHASPARSE_SPMM_CSR_ALG3,workspace-setup,spmm.csr.fp64,fp64,A100-SXM4-80GB,A100-SXM4-80GB,,9700.0,752b02ae-c4ef-54eb-ad5c-0957985c94ee,suitesparse_all,HB/can_1072,can_1072,1072,1072,12444,2,row-major,N,N,1.0,0.0,20260922,main,pass,pass,0,0,49776.0,0.01159,0.0144383996725,0.0260283996725,0.0150178996725,3.447473482452873,1.9123726631795288,3.314444834862443,0.03554096373662756,0.019715182094634316,0.034169534380025186,AlphaSparse 248af573c867cf4c7e05d40c611c7c34ebac4715,CUDA,13040,13000,2026-10-08T05:52:26.565149+00:00,derived,csr-alg3,0,0,,,,5,20,4,true
3,A100-SXM4-80GB-suitesparse_all-fp64-n2-row-major-AlphaSparse-SpMM-CSR-pre-plus-solve,AlphaSparse-SpMM-CSR-best-pre-plus-solve,AlphaSparseLib CSR PER MATRIX BEST,per-matrix-best,AlphaSparse-SpMM-CSR,best,pre-plus-solve,"csr-alg1,csr-alg2,csr-alg3,csr-alg4,csr-alg5",manual-selection,csr,ALPHASPARSE_SPMM_CSR_ALG1,workspace-setup,spmm.csr.fp64,fp64,A100-SXM4-80GB,A100-SXM4-80GB,,9700.0,152f8cc9-7213-5fba-8430-8cd9341fa530,suitesparse_all,HB/can_144,can_144,144,144,1296,2,row-major,N,N,1.0,0.0,20260922,main,pass,pass,0,0,5184.0,0.02076,0.00768000036478,0.0284400003648,0.00871800036478,0.6749999679392594,0.18227847867457142,0.5946317714028702,0.006958762556074839,0.0018791595739646538,0.00613022444745227,AlphaSparse 248af573c867cf4c7e05d40c611c7c34ebac4715,CUDA,13040,13000,2026-10-07T22:24:24.303997+00:00,derived,csr-alg1,0,0,,,,5,20,4,true
3,A100-SXM4-80GB-suitesparse_all-fp64-n2-row-major-AlphaSparse-SpMM-CSR-pre-plus-solve,AlphaSparse-SpMM-CSR-best-pre-plus-solve,AlphaSparseLib CSR PER MATRIX BEST,per-matrix-best,AlphaSparse-SpMM-CSR,best,pre-plus-solve,"csr-alg1,csr-alg2,csr-alg3,csr-alg4,csr-alg5",manual-selection,csr,ALPHASPARSE_SPMM_CSR_ALG1,workspace-setup,spmm.csr.fp64,fp64,A100-SXM4-80GB,A100-SXM4-80GB,,9700.0,a0827285-e98d-55a9-b486-73107367c8f5,suitesparse_all,HB/can_161,can_161,161,161,1377,2,row-major,N,N,1.0,0.0,20260922,main,pass,pass,0,0,5508.0,0.01837,0.00705759972334,0.0254275997233,0.00797609972334,0.7804353060410383,0.2166150191106269,0.6905630810861426,0.008045724804546786,0.002233144526913679,0.007119207021506624,AlphaSparse 248af573c867cf4c7e05d40c611c7c34ebac4715,CUDA,13040,13000,2026-10-06T07:02:54.649081+00:00,derived,csr-alg1,0,0,,,,5,20,4,true
3,A100-SXM4-80GB-suitesparse_all-fp64-n2-row-major-AlphaSparse-SpMM-CSR-pre-plus-solve,AlphaSparse-SpMM-CSR-best-pre-plus-solve,AlphaSparseLib CSR PER MATRIX BEST,per-matrix-best,AlphaSparse-SpMM-CSR,best,pre-plus-solve,"csr-alg1,csr-alg2,csr-alg3,csr-alg4,csr-alg5",manual-selection,csr,ALPHASPARSE_SPMM_CSR_ALG1,workspace-setup,spmm.csr.fp64,fp64,A100-SXM4-80GB,A100-SXM4-80GB,,9700.0,dd6a9a30-d69d-5ea7-834e-7b0f3242a57c,suitesparse_all,HB/can_187,can_187,187,187,1491,2,row-major,N,N,1.0,0.0,20260922,main,pass,pass,0,0,5964.0,0.01344,0.00619519986212,0.0196351998621,0.00686719986212,0.9626808065493333,0.3037402237759624,0.8684762522928569,0.009924544397415807,0.0031313425131542514,0.008953363425699556,AlphaSparse 248af573c867cf4c7e05d40c611c7c34ebac4715,CUDA,13040,13000,2026-10-06T19:47:46.170689+00:00,derived,csr-alg1,0,0,,,,5,20,4,true
3,A100-SXM4-80GB-suitesparse_all-fp64-n2-row-major-AlphaSparse-SpMM-CSR-pre-plus-solve,AlphaSparse-SpMM-CSR-best-pre-plus-solve,AlphaSparseLib CSR PER MATRIX BEST,per-matrix-best,AlphaSparse-SpMM-CSR,best,pre-plus-solve,"csr-alg1,csr-alg2,csr-alg3,csr-alg4,csr-alg5",manual-selection,csr,ALPHASPARSE_SPMM_CSR_ALG1,workspace-setup,spmm.csr.fp64,fp64,A100-SXM4-80GB,A100-SXM4-80GB,,9700.0,005fdebf-9ece-5bc0-9d3c-6fda0356699d,suitesparse_all,HB/can_229,can_229,229,229,1777,2,row-major,N,N,1.0,0.0,20260922,main,pass,pass,0,0,7108.0,0.01348,0.00604160018265,0.0195216001827,0.00671560018265,1.176509498330002,0.36410949581372404,1.0584310868243436,0.012128963900309299,0.0037537061424095263,0.010911660688910758,AlphaSparse 248af573c867cf4c7e05d40c611c7c34ebac4715,CUDA,13040,13000,2026-10-08T13:52:44.437371+00:00,derived,csr-alg1,0,0,,,,5,20,4,true
3,A100-SXM4-80GB-suitesparse_all-fp64-n2-row-major-AlphaSparse-SpMM-CSR-pre-plus-solve,AlphaSparse-SpMM-CSR-best-pre-plus-solve,AlphaSparseLib CSR PER MATRIX BEST,per-matrix-best,AlphaSparse-SpMM-CSR,best,pre-plus-solve,"csr-alg1,csr-alg2,csr-alg3,csr-alg4,csr-alg5",manual-selection,csr,ALPHASPARSE_SPMM_CSR_ALG1,workspace-setup,spmm.csr.fp64,fp64,A100-SXM4-80GB,A100-SXM4-80GB,,9700.0,d94c6f41-d28e-5f45-abb9-189a8a3b4f78,suitesparse_all,HB/can_24,can_24,24,24,160,2,row-major,N,N,1.0,0.0,20260922,main,pass,pass,0,0,640.0,0.0143,0.00476160012186,0.0190616001219,0.00547660012186,0.1344085987107208,0.03357535547420805,0.11686082345969032,0.0013856556568115548,0.0003461376853011139,0.001204750757316395,AlphaSparse 248af573c867cf4c7e05d40c611c7c34ebac4715,CUDA,13040,13000,2026-10-06T01:49:13.305290+00:00,derived,csr-alg1,0,0,,,,5,20,4,true
3,A100-SXM4-80GB-suitesparse_all-fp64-n2-row-major-AlphaSparse-SpMM-CSR-pre-plus-solve,AlphaSparse-SpMM-CSR-best-pre-plus-solve,AlphaSparseLib CSR PER MATRIX BEST,per-matrix-best,AlphaSparse-SpMM-CSR,best,pre-plus-solve,"csr-alg1,csr-alg2,csr-alg3,csr-alg4,csr-alg5",manual-selection,csr,ALPHASPARSE_SPMM_CSR_ALG2,workspace-setup,spmm.csr.fp64,fp64,A100-SXM4-80GB,A100-SXM4-80GB,,9700.0,018f64fd-81d1-5f6a-986f-7d386c913e5c,suitesparse_all,HB/can_256,can_256,256,256,2916,2,row-major,N,N,1.0,0.0,20260922,main,pass,pass,0,0,11664.0,0.01237,0.0141488000751,0.0265188000751,0.0147673000751,0.8243808618461634,0.43983890549225824,0.7898532528412113,0.008498771771609933,0.004534421706105755,0.008142817039600117,AlphaSparse 248af573c867cf4c7e05d40c611c7c34ebac4715,CUDA,13040,13000,2026-10-06T21:13:16.006568+00:00,derived,csr-alg2,0,0,,,,5,20,4,true
3,A100-SXM4-80GB-suitesparse_all-fp64-n2-row-major-AlphaSparse-SpMM-CSR-pre-plus-solve,AlphaSparse-SpMM-CSR-best-pre-plus-solve,AlphaSparseLib CSR PER MATRIX BEST,per-matrix-best,AlphaSparse-SpMM-CSR,best,pre-plus-solve,"csr-alg1,csr-alg2,csr-alg3,csr-alg4,csr-alg5",manual-selection,csr,ALPHASPARSE_SPMM_CSR_ALG3,workspace-setup,spmm.csr.fp64,fp64,A100-SXM4-80GB,A100-SXM4-80GB,,9700.0,752b02ae-c4ef-54eb-ad5c-0957985c94ee,suitesparse_all,HB/can_292,can_292,292,292,2540,2,row-major,N,N,1.0,0.0,20260922,main,pass,pass,0,0,10160.0,0.01121,0.0138239994645,0.0250339994645,0.0143844994645,0.7349537321735912,0.4058480553380057,0.7063158523571997,0.0075768425997277435,0.004184000570494904,0.007281606725331956,AlphaSparse 248af573c867cf4c7e05d40c611c7c34ebac4715,CUDA,13040,13000,2026-10-08T05:52:27.644964+00:00,derived,csr-alg3,0,0,,,,5,20,4,true
3,A100-SXM4-80GB-suitesparse_all-fp64-n2-row-major-AlphaSparse-SpMM-CSR-pre-plus-solve,AlphaSparse-SpMM-CSR-best-pre-plus-solve,AlphaSparseLib CSR PER MATRIX BEST,per-matrix-best,AlphaSparse-SpMM-CSR,best,pre-plus-solve,"csr-alg1,csr-alg2,csr-alg3,csr-alg4,csr-alg5",manual-selection,csr,ALPHASPARSE_SPMM_CSR_ALG1,workspace-setup,spmm.csr.fp64,fp64,A100-SXM4-80GB,A100-SXM4-80GB,,9700.0,152f8cc9-7213-5fba-8430-8cd9341fa530,suitesparse_all,HB/can_445,can_445,445,445,3809,2,row-major,N,N,1.0,0.0,20260922,main,pass,pass,0,0,15236.0,0.02086,0.00788479968905,0.0287447996891,0.00892779968905,1.9323255632174097,0.5300437005924754,1.7065795079035035,0.01992088209502484,0.005464368047345107,0.017593603174262923,AlphaSparse 248af573c867cf4c7e05d40c611c7c34ebac4715,CUDA,13040,13000,2026-10-07T22:24:24.929068+00:00,derived,csr-alg1,0,0,,,,5,20,4,true
3,A100-SXM4-80GB-suitesparse_all-fp64-n2-row-major-AlphaSparse-SpMM-CSR-pre-plus-solve,AlphaSparse-SpMM-CSR-best-pre-plus-solve,AlphaSparseLib CSR PER MATRIX BEST,per-matrix-best,AlphaSparse-SpMM-CSR,best,pre-plus-solve,"csr-alg1,csr-alg2,csr-alg3,csr-alg4,csr-alg5",manual-selection,csr,ALPHASPARSE_SPMM_CSR_ALG5,workspace-setup,spmm.csr.fp64,fp64,A100-SXM4-80GB,A100-SXM4-80GB,,9700.0,a0827285-e98d-55a9-b486-73107367c8f5,suitesparse_all,HB/can_61,can_61,61,61,557,2,row-major,N,N,1.0,0.0,20260922,main,pass,pass,0,0,2228.0,0.01702,0.0104383997619,0.0274583997619,0.0112893997619,0.21344267807525116,0.08114092661333706,0.19735327360088353,0.0022004399801572286,0.0008365043980756398,0.0020345698309369438,AlphaSparse 248af573c867cf4c7e05d40c611c7c34ebac4715,CUDA,13040,13000,2026-10-06T08:55:50.760176+00:00,derived,csr-alg5,0,0,,,,5,20,4,true
3,A100-SXM4-80GB-suitesparse_all-fp64-n2-row-major-AlphaSparse-SpMM-CSR-pre-plus-solve,AlphaSparse-SpMM-CSR-best-pre-plus-solve,AlphaSparseLib CSR PER MATRIX BEST,per-matrix-best,AlphaSparse-SpMM-CSR,best,pre-plus-solve,"csr-alg1,csr-alg2,csr-alg3,csr-alg4,csr-alg5",manual-selection,csr,ALPHASPARSE_SPMM_CSR_ALG1,workspace-setup,spmm.csr.fp64,fp64,A100-SXM4-80GB,A100-SXM4-80GB,,9700.0,dd6a9a30-d69d-5ea7-834e-7b0f3242a57c,suitesparse_all,HB/can_62,can_62,62,62,218,2,row-major,N,N,1.0,0.0,20260922,main,pass,pass,0,0,872.0,0.01259,0.00522239990532,0.0178123999053,0.00585189990532,0.16697304224284,0.04895466105836419,0.14901143459532845,0.0017213715695138143,0.0005046872274058164,0.0015362003566528708,AlphaSparse 248af573c867cf4c7e05d40c611c7c34ebac4715,CUDA,13040,13000,2026-10-06T19:47:47.587012+00:00,derived,csr-alg1,0,0,,,,5,20,4,true
3,A100-SXM4-80GB-suitesparse_all-fp64-n2-row-major-AlphaSparse-SpMM-CSR-pre-plus-solve,AlphaSparse-SpMM-CSR-best-pre-plus-solve,AlphaSparseLib CSR PER MATRIX BEST,per-matrix-best,AlphaSparse-SpMM-CSR,best,pre-plus-solve,"csr-alg1,csr-alg2,csr-alg3,csr-alg4,csr-alg5",manual-selection,csr,ALPHASPARSE_SPMM_CSR_ALG2,workspace-setup,spmm.csr.fp64,fp64,A100-SXM4-80GB,A100-SXM4-80GB,,9700.0,005fdebf-9ece-5bc0-9d3c-6fda0356699d,suitesparse_all,HB/can_634,can_634,634,634,7228,2,row-major,N,N,1.0,0.0,20260922,main,pass,pass,0,0,28912.0,0.01319,0.0110592000186,0.0242492000186,0.0117187000186,2.614293977084611,1.1922867549372131,2.4671678560002968,0.026951484299841354,0.012291616030280547,0.025434720164951515,AlphaSparse 248af573c867cf4c7e05d40c611c7c34ebac4715,CUDA,13040,13000,2026-10-08T14:18:52.953381+00:00,derived,csr-alg2,0,0,,,,5,20,4,true
3,A100-SXM4-80GB-suitesparse_all-fp64-n2-row-major-AlphaSparse-SpMM-CSR-pre-plus-solve,AlphaSparse-SpMM-CSR-best-pre-plus-solve,AlphaSparseLib CSR PER MATRIX BEST,per-matrix-best,AlphaSparse-SpMM-CSR,best,pre-plus-solve,"csr-alg1,csr-alg2,csr-alg3,csr-alg4,csr-alg5",manual-selection,csr,ALPHASPARSE_SPMM_CSR_ALG5,workspace-setup,spmm.csr.fp64,fp64,A100-SXM4-80GB,A100-SXM4-80GB,,9700.0,d94c6f41-d28e-5f45-abb9-189a8a3b4f78,suitesparse_all,HB/can_715,can_715,715,715,6665,2,row-major,N,N,1.0,0.0,20260922,main,pass,pass,0,0,26660.0,0.01322,0.0135680004954,0.0267880004954,0.0142290004954,1.9649173810863743,0.9952217226731057,1.8736382789935762,0.020256880217385302,0.010260017759516554,0.019315858546325525,AlphaSparse 248af573c867cf4c7e05d40c611c7c34ebac4715,CUDA,13040,13000,2026-10-06T03:31:35.926030+00:00,derived,csr-alg5,0,0,,,,5,20,4,true
3,A100-SXM4-80GB-suitesparse_all-fp64-n2-row-major-AlphaSparse-SpMM-CSR-pre-plus-solve,AlphaSparse-SpMM-CSR-best-pre-plus-solve,AlphaSparseLib CSR PER MATRIX BEST,per-matrix-best,AlphaSparse-SpMM-CSR,best,pre-plus-solve,"csr-alg1,csr-alg2,csr-alg3,csr-alg4,csr-alg5",manual-selection,csr,ALPHASPARSE_SPMM_CSR_ALG1,workspace-setup,spmm.csr.fp64,fp64,A100-SXM4-80GB,A100-SXM4-80GB,,9700.0,018f64fd-81d1-5f6a-986f-7d386c913e5c,suitesparse_all,HB/can_73,can_73,73,73,377,2,row-major,N,N,1.0,0.0,20260922,main,pass,pass,0,0,1508.0,0.0156,0.00573440007865,0.0213344000787,0.00651440007865,0.26297432675032595,0.07068396554096538,0.2314871640970058,0.002711075533508515,0.0007287006756800555,0.0023864656092474823,AlphaSparse 248af573c867cf4c7e05d40c611c7c34ebac4715,CUDA,13040,13000,2026-10-06T20:25:51.498079+00:00,derived,csr-alg1,0,0,,,,5,20,4,true
3,A100-SXM4-80GB-suitesparse_all-fp64-n2-row-major-AlphaSparse-SpMM-CSR-pre-plus-solve,AlphaSparse-SpMM-CSR-best-pre-plus-solve,AlphaSparseLib CSR PER MATRIX BEST,per-matrix-best,AlphaSparse-SpMM-CSR,best,pre-plus-solve,"csr-alg1,csr-alg2,csr-alg3,csr-alg4,csr-alg5",manual-selection,csr,ALPHASPARSE_SPMM_CSR_ALG4,workspace-setup,spmm.csr.fp64,fp64,A100-SXM4-80GB,A100-SXM4-80GB,,9700.0,752b02ae-c4ef-54eb-ad5c-0957985c94ee,suitesparse_all,HB/can_96,can_96,96,96,768,2,row-major,N,N,1.0,0.0,20260922,main,pass,pass,0,0,3072.0,0.01252,0.0109056003392,0.0234256003392,0.0115316003392,0.28169013208358157,0.13113858153122196,0.2663984104233289,0.0029040219802431086,0.0013519441394971336,0.0027463753651889578,AlphaSparse 248af573c867cf4c7e05d40c611c7c34ebac4715,CUDA,13040,13000,2026-10-08T06:54:16.817690+00:00,derived,csr-alg4,0,0,,,,5,20,4,true
3,A100-SXM4-80GB-suitesparse_all-fp64-n2-row-major-AlphaSparse-SpMM-CSR-pre-plus-solve,AlphaSparse-SpMM-CSR-best-pre-plus-solve,AlphaSparseLib CSR PER MATRIX BEST,per-matrix-best,AlphaSparse-SpMM-CSR,best,pre-plus-solve,"csr-alg1,csr-alg2,csr-alg3,csr-alg4,csr-alg5",manual-selection,csr,ALPHASPARSE_SPMM_CSR_ALG2,workspace-setup,spmm.csr.fp64,fp64,A100-SXM4-80GB,A100-SXM4-80GB,,9700.0,152f8cc9-7213-5fba-8430-8cd9341fa530,suitesparse_all,HB/cegb2802,cegb2802,2802,2802,277362,2,row-major,N,N,1.0,0.0,20260922,main,pass,pass,0,0,1109448.0,0.01432,0.0229359999299,0.0372559999299,0.0236519999299,48.371468581742235,29.779042357942632,46.90715386809536,0.4986749338323942,0.30700043667982096,0.4835789058566532,AlphaSparse 248af573c867cf4c7e05d40c611c7c34ebac4715,CUDA,13040,13000,2026-10-07T23:24:50.037981+00:00,derived,csr-alg2,0,0,,,,5,20,4,true
3,A100-SXM4-80GB-suitesparse_all-fp64-n2-row-major-AlphaSparse-SpMM-CSR-pre-plus-solve,AlphaSparse-SpMM-CSR-best-pre-plus-solve,AlphaSparseLib CSR PER MATRIX BEST,per-matrix-best,AlphaSparse-SpMM-CSR,best,pre-plus-solve,"csr-alg1,csr-alg2,csr-alg3,csr-alg4,csr-alg5",manual-selection,csr,ALPHASPARSE_SPMM_CSR_ALG5,workspace-setup,spmm.csr.fp64,fp64,A100-SXM4-80GB,A100-SXM4-80GB,,9700.0,a0827285-e98d-55a9-b486-73107367c8f5,suitesparse_all,HB/cegb2919,cegb2919,2919,2919,321543,2,row-major,N,N,1.0,0.0,20260922,main,pass,pass,0,0,1286172.0,0.0196,0.0193535998464,0.0389535998464,0.0203335998464,66.45647374171804,33.01805237697088,63.25353157904859,0.6851182859970932,0.3403922925460915,0.6520982637015319,AlphaSparse 248af573c867cf4c7e05d40c611c7c34ebac4715,CUDA,13040,13000,2026-10-06T08:58:06.690598+00:00,derived,csr-alg5,0,0,,,,5,20,4,true
3,A100-SXM4-80GB-suitesparse_all-fp64-n2-row-major-AlphaSparse-SpMM-CSR-pre-plus-solve,AlphaSparse-SpMM-CSR-best-pre-plus-solve,AlphaSparseLib CSR PER MATRIX BEST,per-matrix-best,AlphaSparse-SpMM-CSR,best,pre-plus-solve,"csr-alg1,csr-alg2,csr-alg3,csr-alg4,csr-alg5",manual-selection,csr,ALPHASPARSE_SPMM_CSR_ALG5,workspace-setup,spmm.csr.fp64,fp64,A100-SXM4-80GB,A100-SXM4-80GB,,9700.0,dd6a9a30-d69d-5ea7-834e-7b0f3242a57c,suitesparse_all,HB/cegb3024,cegb3024,3024,3024,79848,2,row-major,N,N,1.0,0.0,20260922,main,pass,pass,0,0,319392.0,0.01338,0.0139264002442,0.0273064002442,0.0145954002442,22.934282686081698,11.696598494993506,21.8830586798688,0.23643590398022368,0.12058348963910831,0.22559854309143093,AlphaSparse 248af573c867cf4c7e05d40c611c7c34ebac4715,CUDA,13040,13000,2026-10-06T22:22:06.116833+00:00,derived,csr-alg5,0,0,,,,5,20,4,true
3,A100-SXM4-80GB-suitesparse_all-fp64-n2-row-major-AlphaSparse-SpMM-CSR-pre-plus-solve,AlphaSparse-SpMM-CSR-best-pre-plus-solve,AlphaSparseLib CSR PER MATRIX BEST,per-matrix-best,AlphaSparse-SpMM-CSR,best,pre-plus-solve,"csr-alg1,csr-alg2,csr-alg3,csr-alg4,csr-alg5",manual-selection,csr,ALPHASPARSE_SPMM_CSR_ALG2,workspace-setup,spmm.csr.fp64,fp64,A100-SXM4-80GB,A100-SXM4-80GB,,9700.0,005fdebf-9ece-5bc0-9d3c-6fda0356699d,suitesparse_all,HB/cegb3306,cegb3306,3306,3306,74916,2,row-major,N,N,1.0,0.0,20260922,main,pass,pass,0,0,299664.0,0.01366,0.0124416001141,0.0261016001141,0.0131246001141,24.08564792726237,11.480675463958338,22.83223849830407,0.2483056487346636,0.11835747900987978,0.23538390204437182,AlphaSparse 248af573c867cf4c7e05d40c611c7c34ebac4715,CUDA,13040,13000,2026-10-08T14:21:11.541973+00:00,derived,csr-alg2,0,0,,,,5,20,4,true
3,A100-SXM4-80GB-suitesparse_all-fp64-n2-row-major-AlphaSparse-SpMM-CSR-pre-plus-solve,AlphaSparse-SpMM-CSR-best-pre-plus-solve,AlphaSparseLib CSR PER MATRIX BEST,per-matrix-best,AlphaSparse-SpMM-CSR,best,pre-plus-solve,"csr-alg1,csr-alg2,csr-alg3,csr-alg4,csr-alg5",manual-selection,csr,ALPHASPARSE_SPMM_CSR_ALG1,workspace-setup,spmm.csr.fp64,fp64,A100-SXM4-80GB,A100-SXM4-80GB,,9700.0,152f8cc9-7213-5fba-8430-8cd9341fa530,suitesparse_all,HB/curtis54,curtis54,54,54,291,2,row-major,N,N,1.0,0.0,20260922,main,pass,pass,0,0,1164.0,0.02002,0.00701439976692,0.0270343997669,0.00801539976692,0.16594434857982276,0.04305625462508556,0.14522045485540133,0.0017107664802043585,0.00044387891366067585,0.0014971180912927973,AlphaSparse 248af573c867cf4c7e05d40c611c7c34ebac4715,CUDA,13040,13000,2026-10-07T22:24:25.726550+00:00,derived,csr-alg1,0,0,,,,5,20,4,true
3,A100-SXM4-80GB-suitesparse_all-fp64-n2-row-major-AlphaSparse-SpMM-CSR-pre-plus-solve,AlphaSparse-SpMM-CSR-best-pre-plus-solve,AlphaSparseLib CSR PER MATRIX BEST,per-matrix-best,AlphaSparse-SpMM-CSR,best,pre-plus-solve,"csr-alg1,csr-alg2,csr-alg3,csr-alg4,csr-alg5",manual-selection,csr,ALPHASPARSE_SPMM_CSR_ALG1,workspace-setup,spmm.csr.fp64,fp64,A100-SXM4-80GB,A100-SXM4-80GB,,9700.0,a0827285-e98d-55a9-b486-73107367c8f5,suitesparse_all,HB/dwt_1005,dwt_1005,1005,1005,8621,2,row-major,N,N,1.0,0.0,20260922,main,pass,pass,0,0,34484.0,0.017231,0.0110448002815,0.0282758002815,0.0119063502815,3.1221931697362217,1.2195587624998836,2.896269569154285,0.03218755845088888,0.01257277074742148,0.029858449166539017,AlphaSparse 248af573c867cf4c7e05d40c611c7c34ebac4715,CUDA,13040,13000,2026-10-06T07:02:56.595122+00:00,derived,csr-alg1,0,0,,,,5,20,4,true
3,A100-SXM4-80GB-suitesparse_all-fp64-n2-row-major-AlphaSparse-SpMM-CSR-pre-plus-solve,AlphaSparse-SpMM-CSR-best-pre-plus-solve,AlphaSparseLib CSR PER MATRIX BEST,per-matrix-best,AlphaSparse-SpMM-CSR,best,pre-plus-solve,"csr-alg1,csr-alg2,csr-alg3,csr-alg4,csr-alg5",manual-selection,csr,ALPHASPARSE_SPMM_CSR_ALG5,workspace-setup,spmm.csr.fp64,fp64,A100-SXM4-80GB,A100-SXM4-80GB,,9700.0,dd6a9a30-d69d-5ea7-834e-7b0f3242a57c,suitesparse_all,HB/dwt_1007,dwt_1007,1007,1007,8575,2,row-major,N,N,1.0,0.0,20260922,main,pass,pass,0,0,34300.0,0.01535,0.0110079996288,0.0263579996288,0.0117754996288,3.115915802745998,1.3013127127645223,2.912827572607668,0.03212284332727833,0.013415594976953838,0.030029150233068742,AlphaSparse 248af573c867cf4c7e05d40c611c7c34ebac4715,CUDA,13040,13000,2026-10-06T22:19:52.299812+00:00,derived,csr-alg5,0,0,,,,5,20,4,true
3,A100-SXM4-80GB-suitesparse_all-fp64-n2-row-major-AlphaSparse-SpMM-CSR-pre-plus-solve,AlphaSparse-SpMM-CSR-best-pre-plus-solve,AlphaSparseLib CSR PER MATRIX BEST,per-matrix-best,AlphaSparse-SpMM-CSR,best,pre-plus-solve,"csr-alg1,csr-alg2,csr-alg3,csr-alg4,csr-alg5",manual-selection,csr,ALPHASPARSE_SPMM_CSR_ALG1,workspace-setup,spmm.csr.fp64,fp64,A100-SXM4-80GB,A100-SXM4-80GB,,9700.0,005fdebf-9ece-5bc0-9d3c-6fda0356699d,suitesparse_all,HB/dwt_1242,dwt_1242,1242,1242,10426,2,row-major,N,N,1.0,0.0,20260922,main,pass,pass,0,0,41704.0,0.01658,0.00659679993987,0.0231767999399,0.00742579993987,6.321853077269741,1.799385597155046,5.616095281006197,0.0651737430646365,0.018550366980979855,0.057897889494909247,AlphaSparse 248af573c867cf4c7e05d40c611c7c34ebac4715,CUDA,13040,13000,2026-10-08T13:52:46.089779+00:00,derived,csr-alg1,0,0,,,,5,20,4,true
3,A100-SXM4-80GB-suitesparse_all-fp64-n2-row-major-AlphaSparse-SpMM-CSR-pre-plus-solve,AlphaSparse-SpMM-CSR-best-pre-plus-solve,AlphaSparseLib CSR PER MATRIX BEST,per-matrix-best,AlphaSparse-SpMM-CSR,best,pre-plus-solve,"csr-alg1,csr-alg2,csr-alg3,csr-alg4,csr-alg5",manual-selection,csr,ALPHASPARSE_SPMM_CSR_ALG1,workspace-setup,spmm.csr.fp64,fp64,A100-SXM4-80GB,A100-SXM4-80GB,,9700.0,d94c6f41-d28e-5f45-abb9-189a8a3b4f78,suitesparse_all,HB/dwt_162,dwt_162,162,162,1182,2,row-major,N,N,1.0,0.0,20260922,main,pass,pass,0,0,4728.0,0.012,0.00629760026932,0.0182976002693,0.00689760026932,0.7507621630152335,0.25839453974370136,0.6854557839528311,0.007739816113559108,0.0026638612344711482,0.007066554473740528,AlphaSparse 248af573c867cf4c7e05d40c611c7c34ebac4715,CUDA,13040,13000,2026-10-06T01:49:14.561883+00:00,derived,csr-alg1,0,0,,,,5,20,4,true
3,A100-SXM4-80GB-suitesparse_all-fp64-n2-row-major-AlphaSparse-SpMM-CSR-pre-plus-solve,AlphaSparse-SpMM-CSR-best-pre-plus-solve,AlphaSparseLib CSR PER MATRIX BEST,per-matrix-best,AlphaSparse-SpMM-CSR,best,pre-plus-solve,"csr-alg1,csr-alg2,csr-alg3,csr-alg4,csr-alg5",manual-selection,csr,ALPHASPARSE_SPMM_CSR_ALG2,workspace-setup,spmm.csr.fp64,fp64,A100-SXM4-80GB,A100-SXM4-80GB,,9700.0,018f64fd-81d1-5f6a-986f-7d386c913e5c,suitesparse_all,HB/dwt_193,dwt_193,193,193,3493,2,row-major,N,N,1.0,0.0,20260922,main,pass,pass,0,0,13972.0,0.01304,0.0132095992565,0.0262495992565,0.0138615992565,1.0577156603085325,0.5322747925966989,1.00796450261309,0.010904285157819922,0.005487368995842256,0.010391386624877215,AlphaSparse 248af573c867cf4c7e05d40c611c7c34ebac4715,CUDA,13040,13000,2026-10-06T21:13:17.265346+00:00,derived,csr-alg2,0,0,,,,5,20,4,true
3,A100-SXM4-80GB-suitesparse_all-fp64-n2-row-major-AlphaSparse-SpMM-CSR-pre-plus-solve,AlphaSparse-SpMM-CSR-best-pre-plus-solve,AlphaSparseLib CSR PER MATRIX BEST,per-matrix-best,AlphaSparse-SpMM-CSR,best,pre-plus-solve,"csr-alg1,csr-alg2,csr-alg3,csr-alg4,csr-alg5",manual-selection,csr,ALPHASPARSE_SPMM_CSR_ALG2,workspace-setup,spmm.csr.fp64,fp64,A100-SXM4-80GB,A100-SXM4-80GB,,9700.0,752b02ae-c4ef-54eb-ad5c-0957985c94ee,suitesparse_all,HB/dwt_209,dwt_209,209,209,1743,2,row-major,N,N,1.0,0.0,20260922,main,pass,pass,0,0,6972.0,0.01107,0.0134143993258,0.0244843993258,0.0139678993258,0.5197400070378632,0.284752748361418,0.499144491048992,0.005358144402452198,0.0029355953439321445,0.005145819495350433,AlphaSparse 248af573c867cf4c7e05d40c611c7c34ebac4715,CUDA,13040,13000,2026-10-08T04:50:40.941477+00:00,derived,csr-alg2,0,0,,,,5,20,4,true
3,A100-SXM4-80GB-suitesparse_all-fp64-n2-row-major-AlphaSparse-SpMM-CSR-pre-plus-solve,AlphaSparse-SpMM-CSR-best-pre-plus-solve,AlphaSparseLib CSR PER MATRIX BEST,per-matrix-best,AlphaSparse-SpMM-CSR,best,pre-plus-solve,"csr-alg1,csr-alg2,csr-alg3,csr-alg4,csr-alg5",manual-selection,csr,ALPHASPARSE_SPMM_CSR_ALG4,workspace-setup,spmm.csr.fp64,fp64,A100-SXM4-80GB,A100-SXM4-80GB,,9700.0,152f8cc9-7213-5fba-8430-8cd9341fa530,suitesparse_all,HB/dwt_221,dwt_221,221,221,1629,2,row-major,N,N,1.0,0.0,20260922,main,pass,pass,0,0,6516.0,0.01297,0.0130048006773,0.0259748006773,0.0136533006773,0.5010457416216874,0.25085851787476804,0.477247235229611,0.0051654200167184266,0.0025861702873687426,0.0049200745899959895,AlphaSparse 248af573c867cf4c7e05d40c611c7c34ebac4715,CUDA,13040,13000,2026-10-08T01:20:00.769348+00:00,derived,csr-alg4,0,0,,,,5,20,4,true
3,A100-SXM4-80GB-suitesparse_all-fp64-n2-row-major-AlphaSparse-SpMM-CSR-pre-plus-solve,AlphaSparse-SpMM-CSR-best-pre-plus-solve,AlphaSparseLib CSR PER MATRIX BEST,per-matrix-best,AlphaSparse-SpMM-CSR,best,pre-plus-solve,"csr-alg1,csr-alg2,csr-alg3,csr-alg4,csr-alg5",manual-selection,csr,ALPHASPARSE_SPMM_CSR_ALG1,workspace-setup,spmm.csr.fp64,fp64,A100-SXM4-80GB,A100-SXM4-80GB,,9700.0,a0827285-e98d-55a9-b486-73107367c8f5,suitesparse_all,HB/dwt_234,dwt_234,234,234,834,2,row-major,N,N,1.0,0.0,20260922,main,pass,pass,0,0,3336.0,0.01749,0.00601439997554,0.0235043999755,0.00688889997554,0.5546687971480445,0.14193087266542886,0.48425728517541744,0.005718235022144789,0.0014632048728394729,0.004992343146138324,AlphaSparse 248af573c867cf4c7e05d40c611c7c34ebac4715,CUDA,13040,13000,2026-10-06T07:02:57.905010+00:00,derived,csr-alg1,0,0,,,,5,20,4,true
3,A100-SXM4-80GB-suitesparse_all-fp64-n2-row-major-AlphaSparse-SpMM-CSR-pre-plus-solve,AlphaSparse-SpMM-CSR-best-pre-plus-solve,AlphaSparseLib CSR PER MATRIX BEST,per-matrix-best,AlphaSparse-SpMM-CSR,best,pre-plus-solve,"csr-alg1,csr-alg2,csr-alg3,csr-alg4,csr-alg5",manual-selection,csr,ALPHASPARSE_SPMM_CSR_ALG1,workspace-setup,spmm.csr.fp64,fp64,A100-SXM4-80GB,A100-SXM4-80GB,,9700.0,dd6a9a30-d69d-5ea7-834e-7b0f3242a57c,suitesparse_all,HB/dwt_245,dwt_245,245,245,1461,2,row-major,N,N,1.0,0.0,20260922,main,pass,pass,0,0,5844.0,0.01396,0.00762879997492,0.0215887999749,0.00832679997492,0.7660444656056516,0.2706959167158187,0.7018302370180504,0.007897365624800532,0.002790679553771327,0.007235363268227323,AlphaSparse 248af573c867cf4c7e05d40c611c7c34ebac4715,CUDA,13040,13000,2026-10-06T19:47:50.030026+00:00,derived,csr-alg1,0,0,,,,5,20,4,true
3,A100-SXM4-80GB-suitesparse_all-fp64-n2-row-major-AlphaSparse-SpMM-CSR-pre-plus-solve,AlphaSparse-SpMM-CSR-best-pre-plus-solve,AlphaSparseLib CSR PER MATRIX BEST,per-matrix-best,AlphaSparse-SpMM-CSR,best,pre-plus-solve,"csr-alg1,csr-alg2,csr-alg3,csr-alg4,csr-alg5",manual-selection,csr,ALPHASPARSE_SPMM_CSR_ALG1,workspace-setup,spmm.csr.fp64,fp64,A100-SXM4-80GB,A100-SXM4-80GB,,9700.0,005fdebf-9ece-5bc0-9d3c-6fda0356699d,suitesparse_all,HB/dwt_2680,dwt_2680,2680,2680,25026,2,row-major,N,N,1.0,0.0,20260922,main,pass,pass,0,0,100104.0,0.02146,0.00795520022511,0.0294152002251,0.00902820022511,12.58346706146115,3.4031384873790937,11.087924226755874,0.12972646455114586,0.03508390193174323,0.11430849718305025,AlphaSparse 248af573c867cf4c7e05d40c611c7c34ebac4715,CUDA,13040,13000,2026-10-08T13:52:47.146423+00:00,derived,csr-alg1,0,0,,,,5,20,4,true
3,A100-SXM4-80GB-suitesparse_all-fp64-n2-row-major-AlphaSparse-SpMM-CSR-pre-plus-solve,AlphaSparse-SpMM-CSR-best-pre-plus-solve,AlphaSparseLib CSR PER MATRIX BEST,per-matrix-best,AlphaSparse-SpMM-CSR,best,pre-plus-solve,"csr-alg1,csr-alg2,csr-alg3,csr-alg4,csr-alg5",manual-selection,csr,ALPHASPARSE_SPMM_CSR_ALG5,workspace-setup,spmm.csr.fp64,fp64,A100-SXM4-80GB,A100-SXM4-80GB,,9700.0,d94c6f41-d28e-5f45-abb9-189a8a3b4f78,suitesparse_all,HB/dwt_307,dwt_307,307,307,2523,2,row-major,N,N,1.0,0.0,20260922,main,pass,pass,0,0,10092.0,0.01256,0.0125440001488,0.0251040001488,0.0131720001488,0.8045280516809811,0.40200764580071946,0.7661706563918772,0.008294103625577124,0.0041444087195950455,0.007898666560741001,AlphaSparse 248af573c867cf4c7e05d40c611c7c34ebac4715,CUDA,13040,13000,2026-10-06T03:31:38.864602+00:00,derived,csr-alg5,0,0,,,,5,20,4,true
3,A100-SXM4-80GB-suitesparse_all-fp64-n2-row-major-AlphaSparse-SpMM-CSR-pre-plus-solve,AlphaSparse-SpMM-CSR-best-pre-plus-solve,AlphaSparseLib CSR PER MATRIX BEST,per-matrix-best,AlphaSparse-SpMM-CSR,best,pre-plus-solve,"csr-alg1,csr-alg2,csr-alg3,csr-alg4,csr-alg5",manual-selection,csr,ALPHASPARSE_SPMM_CSR_ALG1,workspace-setup,spmm.csr.fp64,fp64,A100-SXM4-80GB,A100-SXM4-80GB,,9700.0,018f64fd-81d1-5f6a-986f-7d386c913e5c,suitesparse_all,HB/dwt_310,dwt_310,310,310,2448,2,row-major,N,N,1.0,0.0,20260922,main,pass,pass,0,0,9792.0,0.014849,0.00670719966292,0.0215561996629,0.00744964966292,1.4599237374927085,0.45425446753737586,1.314424227053099,0.0150507601803372,0.004683035747807998,0.013550765227351536,AlphaSparse 248af573c867cf4c7e05d40c611c7c34ebac4715,CUDA,13040,13000,2026-10-06T20:25:52.745351+00:00,derived,csr-alg1,0,0,,,,5,20,4,true
3,A100-SXM4-80GB-suitesparse_all-fp64-n2-row-major-AlphaSparse-SpMM-CSR-pre-plus-solve,AlphaSparse-SpMM-CSR-best-pre-plus-solve,AlphaSparseLib CSR PER MATRIX BEST,per-matrix-best,AlphaSparse-SpMM-CSR,best,pre-plus-solve,"csr-alg1,csr-alg2,csr-alg3,csr-alg4,csr-alg5",manual-selection,csr,ALPHASPARSE_SPMM_CSR_ALG1,workspace-setup,spmm.csr.fp64,fp64,A100-SXM4-80GB,A100-SXM4-80GB,,9700.0,752b02ae-c4ef-54eb-ad5c-0957985c94ee,suitesparse_all,HB/dwt_361,dwt_361,361,361,2953,2,row-major,N,N,1.0,0.0,20260922,main,pass,pass,0,0,11812.0,0.01734,0.00665600001812,0.0239960000181,0.00752300001812,1.7746394182457232,0.49224870774672025,1.5701183000863295,0.018295251734491993,0.005074728945842477,0.016186786598828138,AlphaSparse 248af573c867cf4c7e05d40c611c7c34ebac4715,CUDA,13040,13000,2026-10-08T03:31:03.576469+00:00,derived,csr-alg1,0,0,,,,5,20,4,true
3,A100-SXM4-80GB-suitesparse_all-fp64-n2-row-major-AlphaSparse-SpMM-CSR-pre-plus-solve,AlphaSparse-SpMM-CSR-best-pre-plus-solve,AlphaSparseLib CSR PER MATRIX BEST,per-matrix-best,AlphaSparse-SpMM-CSR,best,pre-plus-solve,"csr-alg1,csr-alg2,csr-alg3,csr-alg4,csr-alg5",manual-selection,csr,ALPHASPARSE_SPMM_CSR_ALG1,workspace-setup,spmm.csr.fp64,fp64,A100-SXM4-80GB,A100-SXM4-80GB,,9700.0,152f8cc9-7213-5fba-8430-8cd9341fa530,suitesparse_all,HB/dwt_419,dwt_419,419,419,3563,2,row-major,N,N,1.0,0.0,20260922,main,pass,pass,0,0,14252.0,0.0231,0.00768000036478,0.0307800003648,0.00883500036478,1.8557290785243683,0.46302793473318415,1.613129531586034,0.01913122761365328,0.004773483863228703,0.01663020135655705,AlphaSparse 248af573c867cf4c7e05d40c611c7c34ebac4715,CUDA,13040,13000,2026-10-07T22:24:27.100819+00:00,derived,csr-alg1,0,0,,,,5,20,4,true
3,A100-SXM4-80GB-suitesparse_all-fp64-n2-row-major-AlphaSparse-SpMM-CSR-pre-plus-solve,AlphaSparse-SpMM-CSR-best-pre-plus-solve,AlphaSparseLib CSR PER MATRIX BEST,per-matrix-best,AlphaSparse-SpMM-CSR,best,pre-plus-solve,"csr-alg1,csr-alg2,csr-alg3,csr-alg4,csr-alg5",manual-selection,csr,ALPHASPARSE_SPMM_CSR_ALG1,workspace-setup,spmm.csr.fp64,fp64,A100-SXM4-80GB,A100-SXM4-80GB,,9700.0,a0827285-e98d-55a9-b486-73107367c8f5,suitesparse_all,HB/dwt_492,dwt_492,492,492,3156,2,row-major,N,N,1.0,0.0,20260922,main,pass,pass,0,0,12624.0,0.0172,0.00724160000682,0.0244416000068,0.00810160000682,1.7432611561134224,0.5164964648995084,1.558210722495927,0.01797176449601466,0.005324705823706272,0.01606402806696832,AlphaSparse 248af573c867cf4c7e05d40c611c7c34ebac4715,CUDA,13040,13000,2026-10-06T07:02:59.096883+00:00,derived,csr-alg1,0,0,,,,5,20,4,true
3,A100-SXM4-80GB-suitesparse_all-fp64-n2-row-major-AlphaSparse-SpMM-CSR-pre-plus-solve,AlphaSparse-SpMM-CSR-best-pre-plus-solve,AlphaSparseLib CSR PER MATRIX BEST,per-matrix-best,AlphaSparse-SpMM-CSR,best,pre-plus-solve,"csr-alg1,csr-alg2,csr-alg3,csr-alg4,csr-alg5",manual-selection,csr,ALPHASPARSE_SPMM_CSR_ALG1,workspace-setup,spmm.csr.fp64,fp64,A100-SXM4-80GB,A100-SXM4-80GB,,9700.0,dd6a9a30-d69d-5ea7-834e-7b0f3242a57c,suitesparse_all,HB/dwt_503,dwt_503,503,503,6027,2,row-major,N,N,1.0,0.0,20260922,main,pass,pass,0,0,24108.0,0.01212,0.0101375997066,0.0222575997066,0.0107435997066,2.3780777203409094,1.0831356623262167,2.2439406398574206,0.024516265158153704,0.011166347034290893,0.023133408658323924,AlphaSparse 248af573c867cf4c7e05d40c611c7c34ebac4715,CUDA,13040,13000,2026-10-06T19:47:51.204936+00:00,derived,csr-alg1,0,0,,,,5,20,4,true
3,A100-SXM4-80GB-suitesparse_all-fp64-n2-row-major-AlphaSparse-SpMM-CSR-pre-plus-solve,AlphaSparse-SpMM-CSR-best-pre-plus-solve,AlphaSparseLib CSR PER MATRIX BEST,per-matrix-best,AlphaSparse-SpMM-CSR,best,pre-plus-solve,"csr-alg1,csr-alg2,csr-alg3,csr-alg4,csr-alg5",manual-selection,csr,ALPHASPARSE_SPMM_CSR_ALG1,workspace-setup,spmm.csr.fp64,fp64,A100-SXM4-80GB,A100-SXM4-80GB,,9700.0,005fdebf-9ece-5bc0-9d3c-6fda0356699d,suitesparse_all,HB/dwt_512,dwt_512,512,512,3502,2,row-major,N,N,1.0,0.0,20260922,main,pass,pass,0,0,14008.0,0.01626,0.00664480030537,0.0229048003054,0.00745780030537,2.1081145190592747,0.6115748582491459,1.8783018351823553,0.0217331393717451,0.006304895445867484,0.01936393644517892,AlphaSparse 248af573c867cf4c7e05d40c611c7c34ebac4715,CUDA,13040,13000,2026-10-08T13:52:47.983346+00:00,derived,csr-alg1,0,0,,,,5,20,4,true
3,A100-SXM4-80GB-suitesparse_all-fp64-n2-row-major-AlphaSparse-SpMM-CSR-pre-plus-solve,AlphaSparse-SpMM-CSR-best-pre-plus-solve,AlphaSparseLib CSR PER MATRIX BEST,per-matrix-best,AlphaSparse-SpMM-CSR,best,pre-plus-solve,"csr-alg1,csr-alg2,csr-alg3,csr-alg4,csr-alg5",manual-selection,csr,ALPHASPARSE_SPMM_CSR_ALG1,workspace-setup,spmm.csr.fp64,fp64,A100-SXM4-80GB,A100-SXM4-80GB,,9700.0,d94c6f41-d28e-5f45-abb9-189a8a3b4f78,suitesparse_all,HB/dwt_59,dwt_59,59,59,267,2,row-major,N,N,1.0,0.0,20260922,main,pass,pass,0,0,1068.0,0.0126,0.00537599995732,0.0179759999573,0.00600599995732,0.19866071586287934,0.05941255020788362,0.1778221790858226,0.002048048617143086,0.0006125005176070477,0.0018332183410909547,AlphaSparse 248af573c867cf4c7e05d40c611c7c34ebac4715,CUDA,13040,13000,2026-10-06T01:49:15.817659+00:00,derived,csr-alg1,0,0,,,,5,20,4,true
3,A100-SXM4-80GB-suitesparse_all-fp64-n2-row-major-AlphaSparse-SpMM-CSR-pre-plus-solve,AlphaSparse-SpMM-CSR-best-pre-plus-solve,AlphaSparseLib CSR PER MATRIX BEST,per-matrix-best,AlphaSparse-SpMM-CSR,best,pre-plus-solve,"csr-alg1,csr-alg2,csr-alg3,csr-alg4,csr-alg5",manual-selection,csr,ALPHASPARSE_SPMM_CSR_ALG1,workspace-setup,spmm.csr.fp64,fp64,A100-SXM4-80GB,A100-SXM4-80GB,,9700.0,018f64fd-81d1-5f6a-986f-7d386c913e5c,suitesparse_all,HB/dwt_592,dwt_592,592,592,5104,2,row-major,N,N,1.0,0.0,20260922,main,pass,pass,0,0,20416.0,0.01444,0.00721919983625,0.0216591998363,0.00794119983625,2.8280142485437905,0.9426017652685191,2.5708961392464924,0.02915478606746176,0.009717543971840404,0.026504083909757656,AlphaSparse 248af573c867cf4c7e05d40c611c7c34ebac4715,CUDA,13040,13000,2026-10-06T20:25:53.374775+00:00,derived,csr-alg1,0,0,,,,5,20,4,true
3,A100-SXM4-80GB-suitesparse_all-fp64-n2-row-major-AlphaSparse-SpMM-CSR-pre-plus-solve,AlphaSparse-SpMM-CSR-best-pre-plus-solve,AlphaSparseLib CSR PER MATRIX BEST,per-matrix-best,AlphaSparse-SpMM-CSR,best,pre-plus-solve,"csr-alg1,csr-alg2,csr-alg3,csr-alg4,csr-alg5",manual-selection,csr,ALPHASPARSE_SPMM_CSR_ALG4,workspace-setup,spmm.csr.fp64,fp64,A100-SXM4-80GB,A100-SXM4-80GB,,9700.0,752b02ae-c4ef-54eb-ad5c-0957985c94ee,suitesparse_all,HB/dwt_66,dwt_66,66,66,320,2,row-major,N,N,1.0,0.0,20260922,main,pass,pass,0,0,1280.0,0.0105,0.0113664001226,0.0218664001226,0.0118914001226,0.11261261139795307,0.05853729890715102,0.10764081494216292,0.0011609547566799286,0.0006034773083211446,0.0011096991231150817,AlphaSparse 248af573c867cf4c7e05d40c611c7c34ebac4715,CUDA,13040,13000,2026-10-08T06:54:18.744126+00:00,derived,csr-alg4,0,0,,,,5,20,4,true
3,A100-SXM4-80GB-suitesparse_all-fp64-n2-row-major-AlphaSparse-SpMM-CSR-pre-plus-solve,AlphaSparse-SpMM-CSR-best-pre-plus-solve,AlphaSparseLib CSR PER MATRIX BEST,per-matrix-best,AlphaSparse-SpMM-CSR,best,pre-plus-solve,"csr-alg1,csr-alg2,csr-alg3,csr-alg4,csr-alg5",manual-selection,csr,ALPHASPARSE_SPMM_CSR_ALG1,workspace-setup,spmm.csr.fp64,fp64,A100-SXM4-80GB,A100-SXM4-80GB,,9700.0,152f8cc9-7213-5fba-8430-8cd9341fa530,suitesparse_all,HB/dwt_72,dwt_72,72,72,222,2,row-major,N,N,1.0,0.0,20260922,main,pass,pass,0,0,888.0,0.017551,0.00588800013065,0.0234390001307,0.00676555013065,0.15081521404483564,0.03788557511192266,0.1312531845676658,0.0015547960210807797,0.00039057293929817174,0.0013531256140996474,AlphaSparse 248af573c867cf4c7e05d40c611c7c34ebac4715,CUDA,13040,13000,2026-10-07T22:24:28.276727+00:00,derived,csr-alg1,0,0,,,,5,20,4,true
3,A100-SXM4-80GB-suitesparse_all-fp64-n2-row-major-AlphaSparse-SpMM-CSR-pre-plus-solve,AlphaSparse-SpMM-CSR-best-pre-plus-solve,AlphaSparseLib CSR PER MATRIX BEST,per-matrix-best,AlphaSparse-SpMM-CSR,best,pre-plus-solve,"csr-alg1,csr-alg2,csr-alg3,csr-alg4,csr-alg5",manual-selection,csr,ALPHASPARSE_SPMM_CSR_ALG1,workspace-setup,spmm.csr.fp64,fp64,A100-SXM4-80GB,A100-SXM4-80GB,,9700.0,a0827285-e98d-55a9-b486-73107367c8f5,suitesparse_all,HB/dwt_758,dwt_758,758,758,5994,2,row-major,N,N,1.0,0.0,20260922,main,pass,pass,0,0,23976.0,0.01845,0.00691199973226,0.0253619997323,0.00783449973226,3.468750134363883,0.9453513229662702,3.060310271155463,0.03576031066354519,0.009745889927487322,0.031549590424283125,AlphaSparse 248af573c867cf4c7e05d40c611c7c34ebac4715,CUDA,13040,13000,2026-10-06T07:03:00.771490+00:00,derived,csr-alg1,0,0,,,,5,20,4,true
3,A100-SXM4-80GB-suitesparse_all-fp64-n2-row-major-AlphaSparse-SpMM-CSR-pre-plus-solve,AlphaSparse-SpMM-CSR-best-pre-plus-solve,AlphaSparseLib CSR PER MATRIX BEST,per-matrix-best,AlphaSparse-SpMM-CSR,best,pre-plus-solve,"csr-alg1,csr-alg2,csr-alg3,csr-alg4,csr-alg5",manual-selection,csr,ALPHASPARSE_SPMM_CSR_ALG1,workspace-setup,spmm.csr.fp64,fp64,A100-SXM4-80GB,A100-SXM4-80GB,,9700.0,dd6a9a30-d69d-5ea7-834e-7b0f3242a57c,suitesparse_all,HB/dwt_869,dwt_869,869,869,7285,2,row-major,N,N,1.0,0.0,20260922,main,pass,pass,0,0,29140.0,0.01364,0.00762879997492,0.0212687999749,0.00831079997492,3.8197357508125753,1.3700819996609617,3.5062809943612567,0.03937871908054201,0.014124556697535687,0.03614722674599234,AlphaSparse 248af573c867cf4c7e05d40c611c7c34ebac4715,CUDA,13040,13000,2026-10-06T19:47:52.450383+00:00,derived,csr-alg1,0,0,,,,5,20,4,true
3,A100-SXM4-80GB-suitesparse_all-fp64-n2-row-major-AlphaSparse-SpMM-CSR-pre-plus-solve,AlphaSparse-SpMM-CSR-best-pre-plus-solve,AlphaSparseLib CSR PER MATRIX BEST,per-matrix-best,AlphaSparse-SpMM-CSR,best,pre-plus-solve,"csr-alg1,csr-alg2,csr-alg3,csr-alg4,csr-alg5",manual-selection,csr,ALPHASPARSE_SPMM_CSR_ALG1,workspace-setup,spmm.csr.fp64,fp64,A100-SXM4-80GB,A100-SXM4-80GB,,9700.0,005fdebf-9ece-5bc0-9d3c-6fda0356699d,suitesparse_all,HB/dwt_87,dwt_87,87,87,541,2,row-major,N,N,1.0,0.0,20260922,main,pass,pass,0,0,2164.0,0.01218,0.00599999986589,0.0181799998659,0.00660899986589,0.36066667472816794,0.11903190406832663,0.327432295946731,0.0037182131415275043,0.0012271330316322333,0.0033755906798632065,AlphaSparse 248af573c867cf4c7e05d40c611c7c34ebac4715,CUDA,13040,13000,2026-10-08T13:52:48.666097+00:00,derived,csr-alg1,0,0,,,,5,20,4,true
3,A100-SXM4-80GB-suitesparse_all-fp64-n2-row-major-AlphaSparse-SpMM-CSR-pre-plus-solve,AlphaSparse-SpMM-CSR-best-pre-plus-solve,AlphaSparseLib CSR PER MATRIX BEST,per-matrix-best,AlphaSparse-SpMM-CSR,best,pre-plus-solve,"csr-alg1,csr-alg2,csr-alg3,csr-alg4,csr-alg5",manual-selection,csr,ALPHASPARSE_SPMM_CSR_ALG1,workspace-setup,spmm.csr.fp64,fp64,A100-SXM4-80GB,A100-SXM4-80GB,,9700.0,d94c6f41-d28e-5f45-abb9-189a8a3b4f78,suitesparse_all,HB/dwt_878,dwt_878,878,878,7448,2,row-major,N,N,1.0,0.0,20260922,main,pass,pass,0,0,29792.0,0.012749,0.00680959969759,0.0195585996976,0.00744704969759,4.375000194290973,1.5232174317497646,4.000510431619817,0.04510309478650487,0.015703272492265614,0.04124237558370945,AlphaSparse 248af573c867cf4c7e05d40c611c7c34ebac4715,CUDA,13040,13000,2026-10-06T01:49:16.464865+00:00,derived,csr-alg1,0,0,,,,5,20,4,true
3,A100-SXM4-80GB-suitesparse_all-fp64-n2-row-major-AlphaSparse-SpMM-CSR-pre-plus-solve,AlphaSparse-SpMM-CSR-best-pre-plus-solve,AlphaSparseLib CSR PER MATRIX BEST,per-matrix-best,AlphaSparse-SpMM-CSR,best,pre-plus-solve,"csr-alg1,csr-alg2,csr-alg3,csr-alg4,csr-alg5",manual-selection,csr,ALPHASPARSE_SPMM_CSR_ALG1,workspace-setup,spmm.csr.fp64,fp64,A100-SXM4-80GB,A100-SXM4-80GB,,9700.0,018f64fd-81d1-5f6a-986f-7d386c913e5c,suitesparse_all,HB/dwt_918,dwt_918,918,918,7384,2,row-major,N,N,1.0,0.0,20260922,main,pass,pass,0,0,29536.0,0.01549,0.00880640000105,0.024296400001,0.00958090000105,3.3539244182047585,1.215653347771042,3.082800154136152,0.03457654039386349,0.01253250873990765,0.03178144488800157,AlphaSparse 248af573c867cf4c7e05d40c611c7c34ebac4715,CUDA,13040,13000,2026-10-06T20:25:54.026846+00:00,derived,csr-alg1,0,0,,,,5,20,4,true
3,A100-SXM4-80GB-suitesparse_all-fp64-n2-row-major-AlphaSparse-SpMM-CSR-pre-plus-solve,AlphaSparse-SpMM-CSR-best-pre-plus-solve,AlphaSparseLib CSR PER MATRIX BEST,per-matrix-best,AlphaSparse-SpMM-CSR,best,pre-plus-solve,"csr-alg1,csr-alg2,csr-alg3,csr-alg4,csr-alg5",manual-selection,csr,ALPHASPARSE_SPMM_CSR_ALG2,workspace-setup,spmm.csr.fp64,fp64,A100-SXM4-80GB,A100-SXM4-80GB,,9700.0,752b02ae-c4ef-54eb-ad5c-0957985c94ee,suitesparse_all,HB/eris1176,eris1176,1176,1176,18552,2,row-major,N,N,1.0,0.0,20260922,main,pass,pass,0,0,74208.0,0.01184,0.014591999352,0.026431999352,0.015183999352,5.085526541627001,2.8075061220968514,4.887249945135535,0.05242810867656702,0.028943362083472698,0.05038402005294366,AlphaSparse 248af573c867cf4c7e05d40c611c7c34ebac4715,CUDA,13040,13000,2026-10-08T04:50:43.545506+00:00,derived,csr-alg2,0,0,,,,5,20,4,true
3,A100-SXM4-80GB-suitesparse_all-fp64-n2-row-major-AlphaSparse-SpMM-CSR-pre-plus-solve,AlphaSparse-SpMM-CSR-best-pre-plus-solve,AlphaSparseLib CSR PER MATRIX BEST,per-matrix-best,AlphaSparse-SpMM-CSR,best,pre-plus-solve,"csr-alg1,csr-alg2,csr-alg3,csr-alg4,csr-alg5",manual-selection,csr,ALPHASPARSE_SPMM_CSR_ALG2,workspace-setup,spmm.csr.fp64,fp64,A100-SXM4-80GB,A100-SXM4-80GB,,9700.0,152f8cc9-7213-5fba-8430-8cd9341fa530,suitesparse_all,HB/fs_183_1,fs_183_1,183,183,1069,2,row-major,N,N,1.0,0.0,20260922,main,pass,pass,0,0,4276.0,0.01894,0.013670399785,0.032610399785,0.014617399785,0.3127926079156726,0.13112381412652466,0.2925280872722604,0.0032246660609863156,0.0013517918982115945,0.003015753477033612,AlphaSparse 248af573c867cf4c7e05d40c611c7c34ebac4715,CUDA,13040,13000,2026-10-07T23:22:44.064349+00:00,derived,csr-alg2,0,0,,,,5,20,4,true
3,A100-SXM4-80GB-suitesparse_all-fp64-n2-row-major-AlphaSparse-SpMM-CSR-pre-plus-solve,AlphaSparse-SpMM-CSR-best-pre-plus-solve,AlphaSparseLib CSR PER MATRIX BEST,per-matrix-best,AlphaSparse-SpMM-CSR,best,pre-plus-solve,"csr-alg1,csr-alg2,csr-alg3,csr-alg4,csr-alg5",manual-selection,csr,ALPHASPARSE_SPMM_CSR_ALG3,workspace-setup,spmm.csr.fp64,fp64,A100-SXM4-80GB,A100-SXM4-80GB,,9700.0,a0827285-e98d-55a9-b486-73107367c8f5,suitesparse_all,HB/fs_183_3,fs_183_3,183,183,1069,2,row-major,N,N,1.0,0.0,20260922,main,pass,pass,0,0,4276.0,0.01855,0.0105103999376,0.0290603999376,0.0114378999376,0.406835137139073,0.1471418152944092,0.373844851181416,0.004194176671536835,0.001516925930870198,0.0038540706307362478,AlphaSparse 248af573c867cf4c7e05d40c611c7c34ebac4715,CUDA,13040,13000,2026-10-06T08:00:00.765040+00:00,derived,csr-alg3,0,0,,,,5,20,4,true
3,A100-SXM4-80GB-suitesparse_all-fp64-n2-row-major-AlphaSparse-SpMM-CSR-pre-plus-solve,AlphaSparse-SpMM-CSR-best-pre-plus-solve,AlphaSparseLib CSR PER MATRIX BEST,per-matrix-best,AlphaSparse-SpMM-CSR,best,pre-plus-solve,"csr-alg1,csr-alg2,csr-alg3,csr-alg4,csr-alg5",manual-selection,csr,ALPHASPARSE_SPMM_CSR_ALG5,workspace-setup,spmm.csr.fp64,fp64,A100-SXM4-80GB,A100-SXM4-80GB,,9700.0,dd6a9a30-d69d-5ea7-834e-7b0f3242a57c,suitesparse_all,HB/fs_183_4,fs_183_4,183,183,1069,2,row-major,N,N,1.0,0.0,20260922,main,pass,pass,0,0,4276.0,0.01296,0.0119808003306,0.0249408003306,0.0126288003306,0.35690437049340734,0.17144598181774273,0.3385911478574185,0.0036794264999320345,0.001767484348636523,0.0034906303902826653,AlphaSparse 248af573c867cf4c7e05d40c611c7c34ebac4715,CUDA,13040,13000,2026-10-06T22:19:55.080401+00:00,derived,csr-alg5,0,0,,,,5,20,4,true
3,A100-SXM4-80GB-suitesparse_all-fp64-n2-row-major-AlphaSparse-SpMM-CSR-pre-plus-solve,AlphaSparse-SpMM-CSR-best-pre-plus-solve,AlphaSparseLib CSR PER MATRIX BEST,per-matrix-best,AlphaSparse-SpMM-CSR,best,pre-plus-solve,"csr-alg1,csr-alg2,csr-alg3,csr-alg4,csr-alg5",manual-selection,csr,ALPHASPARSE_SPMM_CSR_ALG5,workspace-setup,spmm.csr.fp64,fp64,A100-SXM4-80GB,A100-SXM4-80GB,,9700.0,005fdebf-9ece-5bc0-9d3c-6fda0356699d,suitesparse_all,HB/fs_183_6,fs_183_6,183,183,1069,2,row-major,N,N,1.0,0.0,20260922,main,pass,pass,0,0,4276.0,0.01282,0.0134143993258,0.0262343993258,0.0140553993258,0.3187619435017073,0.16299210616172954,0.30422472538016065,0.003286205603110384,0.0016803309913580365,0.003136337375053203,AlphaSparse 248af573c867cf4c7e05d40c611c7c34ebac4715,CUDA,13040,13000,2026-10-08T15:30:19.351596+00:00,derived,csr-alg5,0,0,,,,5,20,4,true
3,A100-SXM4-80GB-suitesparse_all-fp64-n2-row-major-AlphaSparse-SpMM-CSR-pre-plus-solve,AlphaSparse-SpMM-CSR-best-pre-plus-solve,AlphaSparseLib CSR PER MATRIX BEST,per-matrix-best,AlphaSparse-SpMM-CSR,best,pre-plus-solve,"csr-alg1,csr-alg2,csr-alg3,csr-alg4,csr-alg5",manual-selection,csr,ALPHASPARSE_SPMM_CSR_ALG1,workspace-setup,spmm.csr.fp64,fp64,A100-SXM4-80GB,A100-SXM4-80GB,,9700.0,d94c6f41-d28e-5f45-abb9-189a8a3b4f78,suitesparse_all,HB/fs_541_1,fs_541_1,541,541,4285,2,row-major,N,N,1.0,0.0,20260922,main,pass,pass,0,0,17140.0,0.01347,0.00583680011332,0.0193068001133,0.00651030011332,2.936540513163245,0.8877701068750724,2.632751133074765,0.030273613537765413,0.009152269143041984,0.027141764258502732,AlphaSparse 248af573c867cf4c7e05d40c611c7c34ebac4715,CUDA,13040,13000,2026-10-06T01:49:17.088003+00:00,derived,csr-alg1,0,0,,,,5,20,4,true
3,A100-SXM4-80GB-suitesparse_all-fp64-n2-row-major-AlphaSparse-SpMM-CSR-pre-plus-solve,AlphaSparse-SpMM-CSR-best-pre-plus-solve,AlphaSparseLib CSR PER MATRIX BEST,per-matrix-best,AlphaSparse-SpMM-CSR,best,pre-plus-solve,"csr-alg1,csr-alg2,csr-alg3,csr-alg4,csr-alg5",manual-selection,csr,ALPHASPARSE_SPMM_CSR_ALG1,workspace-setup,spmm.csr.fp64,fp64,A100-SXM4-80GB,A100-SXM4-80GB,,9700.0,018f64fd-81d1-5f6a-986f-7d386c913e5c,suitesparse_all,HB/fs_541_2,fs_541_2,541,541,4285,2,row-major,N,N,1.0,0.0,20260922,main,pass,pass,0,0,17140.0,0.01615,0.00808959975839,0.0242395997584,0.00889709975839,2.118769841761766,0.7071073850573913,1.9264704752621113,0.02184298805939965,0.007289766856261767,0.01986052036352692,AlphaSparse 248af573c867cf4c7e05d40c611c7c34ebac4715,CUDA,13040,13000,2026-10-06T20:25:54.653191+00:00,derived,csr-alg1,0,0,,,,5,20,4,true
3,A100-SXM4-80GB-suitesparse_all-fp64-n2-row-major-AlphaSparse-SpMM-CSR-pre-plus-solve,AlphaSparse-SpMM-CSR-best-pre-plus-solve,AlphaSparseLib CSR PER MATRIX BEST,per-matrix-best,AlphaSparse-SpMM-CSR,best,pre-plus-solve,"csr-alg1,csr-alg2,csr-alg3,csr-alg4,csr-alg5",manual-selection,csr,ALPHASPARSE_SPMM_CSR_ALG1,workspace-setup,spmm.csr.fp64,fp64,A100-SXM4-80GB,A100-SXM4-80GB,,9700.0,752b02ae-c4ef-54eb-ad5c-0957985c94ee,suitesparse_all,HB/fs_541_4,fs_541_4,541,541,4285,2,row-major,N,N,1.0,0.0,20260922,main,pass,pass,0,0,17140.0,0.01771,0.00691199973226,0.0246219997323,0.00779749973226,2.4797454664246312,0.6961254238629184,2.198140505101653,0.02556438625180032,0.0071765507614733855,0.0226612423206356,AlphaSparse 248af573c867cf4c7e05d40c611c7c34ebac4715,CUDA,13040,13000,2026-10-08T03:31:05.439307+00:00,derived,csr-alg1,0,0,,,,5,20,4,true
3,A100-SXM4-80GB-suitesparse_all-fp64-n2-row-major-AlphaSparse-SpMM-CSR-pre-plus-solve,AlphaSparse-SpMM-CSR-best-pre-plus-solve,AlphaSparseLib CSR PER MATRIX BEST,per-matrix-best,AlphaSparse-SpMM-CSR,best,pre-plus-solve,"csr-alg1,csr-alg2,csr-alg3,csr-alg4,csr-alg5",manual-selection,csr,ALPHASPARSE_SPMM_CSR_ALG1,workspace-setup,spmm.csr.fp64,fp64,A100-SXM4-80GB,A100-SXM4-80GB,,9700.0,152f8cc9-7213-5fba-8430-8cd9341fa530,suitesparse_all,HB/fs_680_1,fs_680_1,680,680,2646,2,row-major,N,N,1.0,0.0,20260922,main,pass,pass,0,0,10584.0,0.01993,0.00634879991412,0.0262787999141,0.00734529991412,1.667086716099012,0.40275811812552026,1.4409214223716298,0.01718646099071146,0.0041521455476857755,0.01485486002444979,AlphaSparse 248af573c867cf4c7e05d40c611c7c34ebac4715,CUDA,13040,13000,2026-10-07T22:24:30.157367+00:00,derived,csr-alg1,0,0,,,,5,20,4,true
3,A100-SXM4-80GB-suitesparse_all-fp64-n2-row-major-AlphaSparse-SpMM-CSR-pre-plus-solve,AlphaSparse-SpMM-CSR-best-pre-plus-solve,AlphaSparseLib CSR PER MATRIX BEST,per-matrix-best,AlphaSparse-SpMM-CSR,best,pre-plus-solve,"csr-alg1,csr-alg2,csr-alg3,csr-alg4,csr-alg5",manual-selection,csr,ALPHASPARSE_SPMM_CSR_ALG1,workspace-setup,spmm.csr.fp64,fp64,A100-SXM4-80GB,A100-SXM4-80GB,,9700.0,a0827285-e98d-55a9-b486-73107367c8f5,suitesparse_all,HB/fs_680_2,fs_680_2,680,680,2646,2,row-major,N,N,1.0,0.0,20260922,main,pass,pass,0,0,10584.0,0.01638,0.00599040016532,0.0223704001653,0.00680940016532,1.7668268743169375,0.47312519766264366,1.5543219289569563,0.01821471004450451,0.004877579357346842,0.016023937411927383,AlphaSparse 248af573c867cf4c7e05d40c611c7c34ebac4715,CUDA,13040,13000,2026-10-06T07:03:03.198287+00:00,derived,csr-alg1,0,0,,,,5,20,4,true
3,A100-SXM4-80GB-suitesparse_all-fp64-n2-row-major-AlphaSparse-SpMM-CSR-pre-plus-solve,AlphaSparse-SpMM-CSR-best-pre-plus-solve,AlphaSparseLib CSR PER MATRIX BEST,per-matrix-best,AlphaSparse-SpMM-CSR,best,pre-plus-solve,"csr-alg1,csr-alg2,csr-alg3,csr-alg4,csr-alg5",manual-selection,csr,ALPHASPARSE_SPMM_CSR_ALG4,workspace-setup,spmm.csr.fp64,fp64,A100-SXM4-80GB,A100-SXM4-80GB,,9700.0,dd6a9a30-d69d-5ea7-834e-7b0f3242a57c,suitesparse_all,HB/fs_680_3,fs_680_3,680,680,2646,2,row-major,N,N,1.0,0.0,20260922,main,pass,pass,0,0,10584.0,0.013089,0.0108543999493,0.0239433999493,0.0115088499493,0.9750884479507834,0.44204248445966543,0.9196401071024258,0.010052458226296737,0.004557139015048097,0.009480825846416761,AlphaSparse 248af573c867cf4c7e05d40c611c7c34ebac4715,CUDA,13040,13000,2026-10-06T21:43:23.865067+00:00,derived,csr-alg4,0,0,,,,5,20,4,true
3,A100-SXM4-80GB-suitesparse_all-fp64-n2-row-major-AlphaSparse-SpMM-CSR-pre-plus-solve,AlphaSparse-SpMM-CSR-best-pre-plus-solve,AlphaSparseLib CSR PER MATRIX BEST,per-matrix-best,AlphaSparse-SpMM-CSR,best,pre-plus-solve,"csr-alg1,csr-alg2,csr-alg3,csr-alg4,csr-alg5",manual-selection,csr,ALPHASPARSE_SPMM_CSR_ALG1,workspace-setup,spmm.csr.fp64,fp64,A100-SXM4-80GB,A100-SXM4-80GB,,9700.0,005fdebf-9ece-5bc0-9d3c-6fda0356699d,suitesparse_all,HB/fs_760_1,fs_760_1,760,760,5976,2,row-major,N,N,1.0,0.0,20260922,main,pass,pass,0,0,23904.0,0.01214,0.00763679966331,0.0197767996633,0.00824379966331,3.130106989036733,1.2086889894707729,2.8996337825126393,0.03226914421687354,0.012460711231657451,0.029893131778480818,AlphaSparse 248af573c867cf4c7e05d40c611c7c34ebac4715,CUDA,13040,13000,2026-10-08T13:52:50.170953+00:00,derived,csr-alg1,0,0,,,,5,20,4,true
3,A100-SXM4-80GB-suitesparse_all-fp64-n2-row-major-AlphaSparse-SpMM-CSR-pre-plus-solve,AlphaSparse-SpMM-CSR-best-pre-plus-solve,AlphaSparseLib CSR PER MATRIX BEST,per-matrix-best,AlphaSparse-SpMM-CSR,best,pre-plus-solve,"csr-alg1,csr-alg2,csr-alg3,csr-alg4,csr-alg5",manual-selection,csr,ALPHASPARSE_SPMM_CSR_ALG1,workspace-setup,spmm.csr.fp64,fp64,A100-SXM4-80GB,A100-SXM4-80GB,,9700.0,d94c6f41-d28e-5f45-abb9-189a8a3b4f78,suitesparse_all,HB/fs_760_2,fs_760_2,760,760,5976,2,row-major,N,N,1.0,0.0,20260922,main,pass,pass,0,0,23904.0,0.01327,0.00768000036478,0.0209500003648,0.00834350036478,3.1124998521643628,1.1410023667666986,2.86498459338538,0.03208762734190065,0.011762910997594831,0.02953592364314825,AlphaSparse 248af573c867cf4c7e05d40c611c7c34ebac4715,CUDA,13040,13000,2026-10-06T01:49:17.711175+00:00,derived,csr-alg1,0,0,,,,5,20,4,true
3,A100-SXM4-80GB-suitesparse_all-fp64-n2-row-major-AlphaSparse-SpMM-CSR-pre-plus-solve,AlphaSparse-SpMM-CSR-best-pre-plus-solve,AlphaSparseLib CSR PER MATRIX BEST,per-matrix-best,AlphaSparse-SpMM-CSR,best,pre-plus-solve,"csr-alg1,csr-alg2,csr-alg3,csr-alg4,csr-alg5",manual-selection,csr,ALPHASPARSE_SPMM_CSR_ALG1,workspace-setup,spmm.csr.fp64,fp64,A100-SXM4-80GB,A100-SXM4-80GB,,9700.0,018f64fd-81d1-5f6a-986f-7d386c913e5c,suitesparse_all,HB/fs_760_3,fs_760_3,760,760,5976,2,row-major,N,N,1.0,0.0,20260922,main,pass,pass,0,0,23904.0,0.01584,0.00936959981918,0.0252095998192,0.0101615998192,2.551229557431836,0.9482102124363897,2.3523854929648182,0.026301335643627174,0.009775363014808141,0.024251396834688847,AlphaSparse 248af573c867cf4c7e05d40c611c7c34ebac4715,CUDA,13040,13000,2026-10-06T20:25:55.285240+00:00,derived,csr-alg1,0,0,,,,5,20,4,true
3,A100-SXM4-80GB-suitesparse_all-fp64-n2-row-major-AlphaSparse-SpMM-CSR-pre-plus-solve,AlphaSparse-SpMM-CSR-best-pre-plus-solve,AlphaSparseLib CSR PER MATRIX BEST,per-matrix-best,AlphaSparse-SpMM-CSR,best,pre-plus-solve,"csr-alg1,csr-alg2,csr-alg3,csr-alg4,csr-alg5",manual-selection,csr,ALPHASPARSE_SPMM_CSR_ALG5,workspace-setup,spmm.csr.fp64,fp64,A100-SXM4-80GB,A100-SXM4-80GB,,9700.0,752b02ae-c4ef-54eb-ad5c-0957985c94ee,suitesparse_all,HB/gemat11,gemat11,4929,4929,33185,2,row-major,N,N,1.0,0.0,20260922,main,pass,pass,0,0,132740.0,0.01368,0.0141295999289,0.0278095999289,0.0148135999289,9.394462735530114,4.773171866527117,8.960684819159738,0.09685013129412488,0.0492079573868775,0.09237819401195606,AlphaSparse 248af573c867cf4c7e05d40c611c7c34ebac4715,CUDA,13040,13000,2026-10-08T07:55:19.104323+00:00,derived,csr-alg5,0,0,,,,5,20,4,true
3,A100-SXM4-80GB-suitesparse_all-fp64-n2-row-major-AlphaSparse-SpMM-CSR-pre-plus-solve,AlphaSparse-SpMM-CSR-best-pre-plus-solve,AlphaSparseLib CSR PER MATRIX BEST,per-matrix-best,AlphaSparse-SpMM-CSR,best,pre-plus-solve,"csr-alg1,csr-alg2,csr-alg3,csr-alg4,csr-alg5",manual-selection,csr,ALPHASPARSE_SPMM_CSR_ALG2,workspace-setup,spmm.csr.fp64,fp64,A100-SXM4-80GB,A100-SXM4-80GB,,9700.0,152f8cc9-7213-5fba-8430-8cd9341fa530,suitesparse_all,HB/gemat12,gemat12,4929,4929,33111,2,row-major,N,N,1.0,0.0,20260922,main,pass,pass,0,0,132444.0,0.01935,0.0156672000885,0.0350172000885,0.0166347000885,8.453584511071394,3.78225556770017,7.961910902833888,0.08715035578424117,0.03899232544020794,0.08208155569931844,AlphaSparse 248af573c867cf4c7e05d40c611c7c34ebac4715,CUDA,13040,13000,2026-10-07T23:22:45.583307+00:00,derived,csr-alg2,0,0,,,,5,20,4,true
3,A100-SXM4-80GB-suitesparse_all-fp64-n2-row-major-AlphaSparse-SpMM-CSR-pre-plus-solve,AlphaSparse-SpMM-CSR-best-pre-plus-solve,AlphaSparseLib CSR PER MATRIX BEST,per-matrix-best,AlphaSparse-SpMM-CSR,best,pre-plus-solve,"csr-alg1,csr-alg2,csr-alg3,csr-alg4,csr-alg5",manual-selection,csr,ALPHASPARSE_SPMM_CSR_ALG3,workspace-setup,spmm.csr.fp64,fp64,A100-SXM4-80GB,A100-SXM4-80GB,,9700.0,a0827285-e98d-55a9-b486-73107367c8f5,suitesparse_all,HB/gent113,gent113,113,113,655,2,row-major,N,N,1.0,0.0,20260922,main,pass,pass,0,0,2620.0,0.01768,0.0102048002183,0.0278848002183,0.0110888002183,0.25674191987625816,0.09395799788734252,0.23627443442223603,0.002646823916250084,0.0009686391534777579,0.0024358189115694434,AlphaSparse 248af573c867cf4c7e05d40c611c7c34ebac4715,CUDA,13040,13000,2026-10-06T08:00:02.677708+00:00,derived,csr-alg3,0,0,,,,5,20,4,true
3,A100-SXM4-80GB-suitesparse_all-fp64-n2-row-major-AlphaSparse-SpMM-CSR-pre-plus-solve,AlphaSparse-SpMM-CSR-best-pre-plus-solve,AlphaSparseLib CSR PER MATRIX BEST,per-matrix-best,AlphaSparse-SpMM-CSR,best,pre-plus-solve,"csr-alg1,csr-alg2,csr-alg3,csr-alg4,csr-alg5",manual-selection,csr,ALPHASPARSE_SPMM_CSR_ALG1,workspace-setup,spmm.csr.fp64,fp64,A100-SXM4-80GB,A100-SXM4-80GB,,9700.0,dd6a9a30-d69d-5ea7-834e-7b0f3242a57c,suitesparse_all,HB/gr_30_30,gr_30_30,900,900,7744,2,row-major,N,N,1.0,0.0,20260922,main,pass,pass,0,0,30976.0,0.01369,0.00686080008745,0.0205508000875,0.00754530008745,4.514925315585614,1.5072892475286699,4.105337049685006,0.046545621810160975,0.015539064407512062,0.04232306236788666,AlphaSparse 248af573c867cf4c7e05d40c611c7c34ebac4715,CUDA,13040,13000,2026-10-06T19:47:56.818009+00:00,derived,csr-alg1,0,0,,,,5,20,4,true
3,A100-SXM4-80GB-suitesparse_all-fp64-n2-row-major-AlphaSparse-SpMM-CSR-pre-plus-solve,AlphaSparse-SpMM-CSR-best-pre-plus-solve,AlphaSparseLib CSR PER MATRIX BEST,per-matrix-best,AlphaSparse-SpMM-CSR,best,pre-plus-solve,"csr-alg1,csr-alg2,csr-alg3,csr-alg4,csr-alg5",manual-selection,csr,ALPHASPARSE_SPMM_CSR_ALG1,workspace-setup,spmm.csr.fp64,fp64,A100-SXM4-80GB,A100-SXM4-80GB,,9700.0,005fdebf-9ece-5bc0-9d3c-6fda0356699d,suitesparse_all,HB/gre_1107,gre_1107,1107,1107,5664,2,row-major,N,N,1.0,0.0,20260922,main,pass,pass,0,0,22656.0,0.01241,0.00620799995959,0.0186179999596,0.00682849995959,3.6494845598382204,1.2168868863015485,3.317858993054797,0.03762355216328062,0.012545225631974726,0.03420473188716285,AlphaSparse 248af573c867cf4c7e05d40c611c7c34ebac4715,CUDA,13040,13000,2026-10-08T13:52:50.859399+00:00,derived,csr-alg1,0,0,,,,5,20,4,true
3,A100-SXM4-80GB-suitesparse_all-fp64-n2-row-major-AlphaSparse-SpMM-CSR-pre-plus-solve,AlphaSparse-SpMM-CSR-best-pre-plus-solve,AlphaSparseLib CSR PER MATRIX BEST,per-matrix-best,AlphaSparse-SpMM-CSR,best,pre-plus-solve,"csr-alg1,csr-alg2,csr-alg3,csr-alg4,csr-alg5",manual-selection,csr,ALPHASPARSE_SPMM_CSR_ALG1,workspace-setup,spmm.csr.fp64,fp64,A100-SXM4-80GB,A100-SXM4-80GB,,9700.0,d94c6f41-d28e-5f45-abb9-189a8a3b4f78,suitesparse_all,HB/gre_115,gre_115,115,115,421,2,row-major,N,N,1.0,0.0,20260922,main,pass,pass,0,0,1684.0,0.01254,0.00440320000052,0.0169432000005,0.00503020000052,0.38244912786181107,0.09939090608328441,0.3347779412003331,0.003942774514039289,0.0010246485163225196,0.0034513189814467334,AlphaSparse 248af573c867cf4c7e05d40c611c7c34ebac4715,CUDA,13040,13000,2026-10-06T01:49:18.348859+00:00,derived,csr-alg1,0,0,,,,5,20,4,true
3,A100-SXM4-80GB-suitesparse_all-fp64-n2-row-major-AlphaSparse-SpMM-CSR-pre-plus-solve,AlphaSparse-SpMM-CSR-best-pre-plus-solve,AlphaSparseLib CSR PER MATRIX BEST,per-matrix-best,AlphaSparse-SpMM-CSR,best,pre-plus-solve,"csr-alg1,csr-alg2,csr-alg3,csr-alg4,csr-alg5",manual-selection,csr,ALPHASPARSE_SPMM_CSR_ALG1,workspace-setup,spmm.csr.fp64,fp64,A100-SXM4-80GB,A100-SXM4-80GB,,9700.0,018f64fd-81d1-5f6a-986f-7d386c913e5c,suitesparse_all,HB/gre_185,gre_185,185,185,1005,2,row-major,N,N,1.0,0.0,20260922,main,pass,pass,0,0,4020.0,0.01344,0.00675840005279,0.0201984000528,0.00743040005279,0.5948153362629762,0.19902566487897283,0.5410206679908913,0.006132116868690477,0.0020518109781337405,0.005577532659699911,AlphaSparse 248af573c867cf4c7e05d40c611c7c34ebac4715,CUDA,13040,13000,2026-10-06T20:25:55.929846+00:00,derived,csr-alg1,0,0,,,,5,20,4,true
3,A100-SXM4-80GB-suitesparse_all-fp64-n2-row-major-AlphaSparse-SpMM-CSR-pre-plus-solve,AlphaSparse-SpMM-CSR-best-pre-plus-solve,AlphaSparseLib CSR PER MATRIX BEST,per-matrix-best,AlphaSparse-SpMM-CSR,best,pre-plus-solve,"csr-alg1,csr-alg2,csr-alg3,csr-alg4,csr-alg5",manual-selection,csr,ALPHASPARSE_SPMM_CSR_ALG1,workspace-setup,spmm.csr.fp64,fp64,A100-SXM4-80GB,A100-SXM4-80GB,,9700.0,752b02ae-c4ef-54eb-ad5c-0957985c94ee,suitesparse_all,HB/gre_216b,gre_216b,216,216,876,2,row-major,N,N,1.0,0.0,20260922,main,pass,pass,0,0,3504.0,0.01782,0.00573440007865,0.0235544000787,0.00662540007865,0.6110490987620306,0.14876201424330188,0.5288737221004138,0.006299475244969387,0.001533629012817545,0.005452306413406328,AlphaSparse 248af573c867cf4c7e05d40c611c7c34ebac4715,CUDA,13040,13000,2026-10-08T03:31:06.704990+00:00,derived,csr-alg1,0,0,,,,5,20,4,true
3,A100-SXM4-80GB-suitesparse_all-fp64-n2-row-major-AlphaSparse-SpMM-CSR-pre-plus-solve,AlphaSparse-SpMM-CSR-best-pre-plus-solve,AlphaSparseLib CSR PER MATRIX BEST,per-matrix-best,AlphaSparse-SpMM-CSR,best,pre-plus-solve,"csr-alg1,csr-alg2,csr-alg3,csr-alg4,csr-alg5",manual-selection,csr,ALPHASPARSE_SPMM_CSR_ALG1,workspace-setup,spmm.csr.fp64,fp64,A100-SXM4-80GB,A100-SXM4-80GB,,9700.0,152f8cc9-7213-5fba-8430-8cd9341fa530,suitesparse_all,HB/gre_343,gre_343,343,343,1435,2,row-major,N,N,1.0,0.0,20260922,main,pass,pass,0,0,5740.0,0.01982,0.0060720000416,0.0258920000416,0.0070630000416,0.9453227866723605,0.22169009697117611,0.8126858227654353,0.009745595738890313,0.0022854649172286195,0.00837820435840655,AlphaSparse 248af573c867cf4c7e05d40c611c7c34ebac4715,CUDA,13040,13000,2026-10-07T22:24:31.623058+00:00,derived,csr-alg1,0,0,,,,5,20,4,true
3,A100-SXM4-80GB-suitesparse_all-fp64-n2-row-major-AlphaSparse-SpMM-CSR-pre-plus-solve,AlphaSparse-SpMM-CSR-best-pre-plus-solve,AlphaSparseLib CSR PER MATRIX BEST,per-matrix-best,AlphaSparse-SpMM-CSR,best,pre-plus-solve,"csr-alg1,csr-alg2,csr-alg3,csr-alg4,csr-alg5",manual-selection,csr,ALPHASPARSE_SPMM_CSR_ALG1,workspace-setup,spmm.csr.fp64,fp64,A100-SXM4-80GB,A100-SXM4-80GB,,9700.0,a0827285-e98d-55a9-b486-73107367c8f5,suitesparse_all,HB/gre_512,gre_512,512,512,2192,2,row-major,N,N,1.0,0.0,20260922,main,pass,pass,0,0,8768.0,0.01554,0.00563200004399,0.021172000044,0.00640900004399,1.5568181696583043,0.41413187142349317,1.3680761335338323,0.01604967185214747,0.004269400736324672,0.014103877665297238,AlphaSparse 248af573c867cf4c7e05d40c611c7c34ebac4715,CUDA,13040,13000,2026-10-06T07:03:05.745437+00:00,derived,csr-alg1,0,0,,,,5,20,4,true
3,A100-SXM4-80GB-suitesparse_all-fp64-n2-row-major-AlphaSparse-SpMM-CSR-pre-plus-solve,AlphaSparse-SpMM-CSR-best-pre-plus-solve,AlphaSparseLib CSR PER MATRIX BEST,per-matrix-best,AlphaSparse-SpMM-CSR,best,pre-plus-solve,"csr-alg1,csr-alg2,csr-alg3,csr-alg4,csr-alg5",manual-selection,csr,ALPHASPARSE_SPMM_CSR_ALG5,workspace-setup,spmm.csr.fp64,fp64,A100-SXM4-80GB,A100-SXM4-80GB,,9700.0,dd6a9a30-d69d-5ea7-834e-7b0f3242a57c,suitesparse_all,HB/hor_131,hor_131,434,434,4710,2,row-major,N,N,1.0,0.0,20260922,main,pass,pass,0,0,18840.0,0.01157,0.0111567996442,0.0227267996442,0.0117352996442,1.6886562993711378,0.8289772557047234,1.6054127777905862,0.01740882782856843,0.008546157275306427,0.016550647193717384,AlphaSparse 248af573c867cf4c7e05d40c611c7c34ebac4715,CUDA,13040,13000,2026-10-06T22:19:57.674310+00:00,derived,csr-alg5,0,0,,,,5,20,4,true
3,A100-SXM4-80GB-suitesparse_all-fp64-n2-row-major-AlphaSparse-SpMM-CSR-pre-plus-solve,AlphaSparse-SpMM-CSR-best-pre-plus-solve,AlphaSparseLib CSR PER MATRIX BEST,per-matrix-best,AlphaSparse-SpMM-CSR,best,pre-plus-solve,"csr-alg1,csr-alg2,csr-alg3,csr-alg4,csr-alg5",manual-selection,csr,ALPHASPARSE_SPMM_CSR_ALG1,workspace-setup,spmm.csr.fp64,fp64,A100-SXM4-80GB,A100-SXM4-80GB,,9700.0,005fdebf-9ece-5bc0-9d3c-6fda0356699d,suitesparse_all,HB/ibm32,ibm32,32,32,126,2,row-major,N,N,1.0,0.0,20260922,main,pass,pass,0,0,504.0,0.01156,0.00573280006647,0.0172928000665,0.00631080006647,0.0879151538787817,0.029145077608128952,0.07986309100137864,0.0009063417925647599,0.0003004647176095768,0.0008233308350657593,AlphaSparse 248af573c867cf4c7e05d40c611c7c34ebac4715,CUDA,13040,13000,2026-10-08T13:52:51.546165+00:00,derived,csr-alg1,0,0,,,,5,20,4,true
3,A100-SXM4-80GB-suitesparse_all-fp64-n2-row-major-AlphaSparse-SpMM-CSR-pre-plus-solve,AlphaSparse-SpMM-CSR-best-pre-plus-solve,AlphaSparseLib CSR PER MATRIX BEST,per-matrix-best,AlphaSparse-SpMM-CSR,best,pre-plus-solve,"csr-alg1,csr-alg2,csr-alg3,csr-alg4,csr-alg5",manual-selection,csr,ALPHASPARSE_SPMM_CSR_ALG1,workspace-setup,spmm.csr.fp64,fp64,A100-SXM4-80GB,A100-SXM4-80GB,,9700.0,d94c6f41-d28e-5f45-abb9-189a8a3b4f78,suitesparse_all,HB/illc1033,illc1033,1033,320,4732,2,row-major,N,N,1.0,0.0,20260922,main,pass,pass,0,0,18928.0,0.01236,0.00460800006986,0.0169680000699,0.00522600006986,4.10763882661466,1.1155115465597443,3.6218904988470584,0.04234679202695526,0.011500119036698394,0.03733907730770163,AlphaSparse 248af573c867cf4c7e05d40c611c7c34ebac4715,CUDA,13040,13000,2026-10-06T01:49:18.986038+00:00,derived,csr-alg1,0,0,,,,5,20,4,true
3,A100-SXM4-80GB-suitesparse_all-fp64-n2-row-major-AlphaSparse-SpMM-CSR-pre-plus-solve,AlphaSparse-SpMM-CSR-best-pre-plus-solve,AlphaSparseLib CSR PER MATRIX BEST,per-matrix-best,AlphaSparse-SpMM-CSR,best,pre-plus-solve,"csr-alg1,csr-alg2,csr-alg3,csr-alg4,csr-alg5",manual-selection,csr,ALPHASPARSE_SPMM_CSR_ALG1,workspace-setup,spmm.csr.fp64,fp64,A100-SXM4-80GB,A100-SXM4-80GB,,9700.0,018f64fd-81d1-5f6a-986f-7d386c913e5c,suitesparse_all,HB/illc1850,illc1850,1850,712,8758,2,row-major,N,N,1.0,0.0,20260922,main,pass,pass,0,0,35032.0,0.014809,0.00563200004399,0.020441000044,0.00637245004399,6.220170405961418,1.7138104752503467,5.4974146141858675,0.06412546810269502,0.01766814922938502,0.05667437746583368,AlphaSparse 248af573c867cf4c7e05d40c611c7c34ebac4715,CUDA,13040,13000,2026-10-06T20:25:56.565770+00:00,derived,csr-alg1,0,0,,,,5,20,4,true
3,A100-SXM4-80GB-suitesparse_all-fp64-n2-row-major-AlphaSparse-SpMM-CSR-pre-plus-solve,AlphaSparse-SpMM-CSR-best-pre-plus-solve,AlphaSparseLib CSR PER MATRIX BEST,per-matrix-best,AlphaSparse-SpMM-CSR,best,pre-plus-solve,"csr-alg1,csr-alg2,csr-alg3,csr-alg4,csr-alg5",manual-selection,csr,ALPHASPARSE_SPMM_CSR_ALG4,workspace-setup,spmm.csr.fp64,fp64,A100-SXM4-80GB,A100-SXM4-80GB,,9700.0,752b02ae-c4ef-54eb-ad5c-0957985c94ee,suitesparse_all,HB/impcol_b,impcol_b,59,59,312,2,row-major,N,N,1.0,0.0,20260922,main,pass,pass,0,0,1248.0,0.01243,0.0102399997413,0.0226699997413,0.0108614997413,0.12187500307901009,0.05505072846235656,0.1149012594692221,0.001256443330711444,0.0005675332831170779,0.0011845490666930114,AlphaSparse 248af573c867cf4c7e05d40c611c7c34ebac4715,CUDA,13040,13000,2026-10-08T06:54:21.950520+00:00,derived,csr-alg4,0,0,,,,5,20,4,true
3,A100-SXM4-80GB-suitesparse_all-fp64-n2-row-major-AlphaSparse-SpMM-CSR-pre-plus-solve,AlphaSparse-SpMM-CSR-best-pre-plus-solve,AlphaSparseLib CSR PER MATRIX BEST,per-matrix-best,AlphaSparse-SpMM-CSR,best,pre-plus-solve,"csr-alg1,csr-alg2,csr-alg3,csr-alg4,csr-alg5",manual-selection,csr,ALPHASPARSE_SPMM_CSR_ALG1,workspace-setup,spmm.csr.fp64,fp64,A100-SXM4-80GB,A100-SXM4-80GB,,9700.0,152f8cc9-7213-5fba-8430-8cd9341fa530,suitesparse_all,HB/impcol_c,impcol_c,137,137,411,2,row-major,N,N,1.0,0.0,20260922,main,pass,pass,0,0,1644.0,0.02055,0.00616960003972,0.0267196000397,0.00719710003972,0.26646784060812656,0.06152786709222233,0.22842533672270018,0.0027470911402899647,0.0006343079081672405,0.002354900378584538,AlphaSparse 248af573c867cf4c7e05d40c611c7c34ebac4715,CUDA,13040,13000,2026-10-07T22:24:32.441016+00:00,derived,csr-alg1,0,0,,,,5,20,4,true
3,A100-SXM4-80GB-suitesparse_all-fp64-n2-row-major-AlphaSparse-SpMM-CSR-pre-plus-solve,AlphaSparse-SpMM-CSR-best-pre-plus-solve,AlphaSparseLib CSR PER MATRIX BEST,per-matrix-best,AlphaSparse-SpMM-CSR,best,pre-plus-solve,"csr-alg1,csr-alg2,csr-alg3,csr-alg4,csr-alg5",manual-selection,csr,ALPHASPARSE_SPMM_CSR_ALG1,workspace-setup,spmm.csr.fp64,fp64,A100-SXM4-80GB,A100-SXM4-80GB,,9700.0,a0827285-e98d-55a9-b486-73107367c8f5,suitesparse_all,HB/impcol_d,impcol_d,425,425,1339,2,row-major,N,N,1.0,0.0,20260922,main,pass,pass,0,0,5356.0,0.0159,0.00624639987946,0.0221463998795,0.00704139987946,0.8574539099893529,0.2418451770555189,0.7606442030971188,0.00883973103081807,0.0024932492479950398,0.007841692815434214,AlphaSparse 248af573c867cf4c7e05d40c611c7c34ebac4715,CUDA,13040,13000,2026-10-06T07:03:06.434604+00:00,derived,csr-alg1,0,0,,,,5,20,4,true
3,A100-SXM4-80GB-suitesparse_all-fp64-n2-row-major-AlphaSparse-SpMM-CSR-pre-plus-solve,AlphaSparse-SpMM-CSR-best-pre-plus-solve,AlphaSparseLib CSR PER MATRIX BEST,per-matrix-best,AlphaSparse-SpMM-CSR,best,pre-plus-solve,"csr-alg1,csr-alg2,csr-alg3,csr-alg4,csr-alg5",manual-selection,csr,ALPHASPARSE_SPMM_CSR_ALG1,workspace-setup,spmm.csr.fp64,fp64,A100-SXM4-80GB,A100-SXM4-80GB,,9700.0,dd6a9a30-d69d-5ea7-834e-7b0f3242a57c,suitesparse_all,HB/impcol_e,impcol_e,225,225,1308,2,row-major,N,N,1.0,0.0,20260922,main,pass,pass,0,0,5232.0,0.012611,0.00706560015678,0.0196766001568,0.00769615015678,0.7404891140039228,0.26589959435608507,0.6798204158465928,0.007633908391793018,0.0027412329315060317,0.007008457895325699,AlphaSparse 248af573c867cf4c7e05d40c611c7c34ebac4715,CUDA,13040,13000,2026-10-06T19:47:59.792908+00:00,derived,csr-alg1,0,0,,,,5,20,4,true
3,A100-SXM4-80GB-suitesparse_all-fp64-n2-row-major-AlphaSparse-SpMM-CSR-pre-plus-solve,AlphaSparse-SpMM-CSR-best-pre-plus-solve,AlphaSparseLib CSR PER MATRIX BEST,per-matrix-best,AlphaSparse-SpMM-CSR,best,pre-plus-solve,"csr-alg1,csr-alg2,csr-alg3,csr-alg4,csr-alg5",manual-selection,csr,ALPHASPARSE_SPMM_CSR_ALG1,workspace-setup,spmm.csr.fp64,fp64,A100-SXM4-80GB,A100-SXM4-80GB,,9700.0,005fdebf-9ece-5bc0-9d3c-6fda0356699d,suitesparse_all,HB/jagmesh1,jagmesh1,936,936,6264,2,row-major,N,N,1.0,0.0,20260922,main,pass,pass,0,0,25056.0,0.013349,0.00577760003507,0.0191266000351,0.00644505003507,4.336748796716668,1.3100080492099337,3.88763467524079,0.044708750481615135,0.013505237620720966,0.0400787079921731,AlphaSparse 248af573c867cf4c7e05d40c611c7c34ebac4715,CUDA,13040,13000,2026-10-08T13:52:52.232061+00:00,derived,csr-alg1,0,0,,,,5,20,4,true
3,A100-SXM4-80GB-suitesparse_all-fp64-n2-row-major-AlphaSparse-SpMM-CSR-pre-plus-solve,AlphaSparse-SpMM-CSR-best-pre-plus-solve,AlphaSparseLib CSR PER MATRIX BEST,per-matrix-best,AlphaSparse-SpMM-CSR,best,pre-plus-solve,"csr-alg1,csr-alg2,csr-alg3,csr-alg4,csr-alg5",manual-selection,csr,ALPHASPARSE_SPMM_CSR_ALG1,workspace-setup,spmm.csr.fp64,fp64,A100-SXM4-80GB,A100-SXM4-80GB,,9700.0,d94c6f41-d28e-5f45-abb9-189a8a3b4f78,suitesparse_all,HB/jagmesh2,jagmesh2,1009,1009,6865,2,row-major,N,N,1.0,0.0,20260922,main,pass,pass,0,0,27460.0,0.012689,0.00578560009599,0.018474600096,0.00642005009599,4.746266514174135,1.4863650556606882,4.277225191303674,0.0489305826203519,0.015323351089285446,0.04409510506498633,AlphaSparse 248af573c867cf4c7e05d40c611c7c34ebac4715,CUDA,13040,13000,2026-10-06T01:49:19.617328+00:00,derived,csr-alg1,0,0,,,,5,20,4,true
3,A100-SXM4-80GB-suitesparse_all-fp64-n2-row-major-AlphaSparse-SpMM-CSR-pre-plus-solve,AlphaSparse-SpMM-CSR-best-pre-plus-solve,AlphaSparseLib CSR PER MATRIX BEST,per-matrix-best,AlphaSparse-SpMM-CSR,best,pre-plus-solve,"csr-alg1,csr-alg2,csr-alg3,csr-alg4,csr-alg5",manual-selection,csr,ALPHASPARSE_SPMM_CSR_ALG1,workspace-setup,spmm.csr.fp64,fp64,A100-SXM4-80GB,A100-SXM4-80GB,,9700.0,018f64fd-81d1-5f6a-986f-7d386c913e5c,suitesparse_all,HB/jagmesh3,jagmesh3,1089,1089,7361,2,row-major,N,N,1.0,0.0,20260922,main,pass,pass,0,0,29444.0,0.01441,0.00583680011332,0.0202468001133,0.00655730011332,5.044544858201785,1.454254491338531,4.4902626829889485,0.052005617094863774,0.014992314343696196,0.04629136786586545,AlphaSparse 248af573c867cf4c7e05d40c611c7c34ebac4715,CUDA,13040,13000,2026-10-06T20:25:57.196130+00:00,derived,csr-alg1,0,0,,,,5,20,4,true
3,A100-SXM4-80GB-suitesparse_all-fp64-n2-row-major-AlphaSparse-SpMM-CSR-pre-plus-solve,AlphaSparse-SpMM-CSR-best-pre-plus-solve,AlphaSparseLib CSR PER MATRIX BEST,per-matrix-best,AlphaSparse-SpMM-CSR,best,pre-plus-solve,"csr-alg1,csr-alg2,csr-alg3,csr-alg4,csr-alg5",manual-selection,csr,ALPHASPARSE_SPMM_CSR_ALG1,workspace-setup,spmm.csr.fp64,fp64,A100-SXM4-80GB,A100-SXM4-80GB,,9700.0,752b02ae-c4ef-54eb-ad5c-0957985c94ee,suitesparse_all,HB/jagmesh5,jagmesh5,1180,1180,7750,2,row-major,N,N,1.0,0.0,20260922,main,pass,pass,0,0,31000.0,0.01726,0.00609279982746,0.0233527998275,0.00695579982746,5.08797283316026,1.327463954171985,4.4567124944594685,0.05245332817690989,0.013685195403834899,0.04594548963360277,AlphaSparse 248af573c867cf4c7e05d40c611c7c34ebac4715,CUDA,13040,13000,2026-10-08T03:31:07.972282+00:00,derived,csr-alg1,0,0,,,,5,20,4,true
3,A100-SXM4-80GB-suitesparse_all-fp64-n2-row-major-AlphaSparse-SpMM-CSR-pre-plus-solve,AlphaSparse-SpMM-CSR-best-pre-plus-solve,AlphaSparseLib CSR PER MATRIX BEST,per-matrix-best,AlphaSparse-SpMM-CSR,best,pre-plus-solve,"csr-alg1,csr-alg2,csr-alg3,csr-alg4,csr-alg5",manual-selection,csr,ALPHASPARSE_SPMM_CSR_ALG1,workspace-setup,spmm.csr.fp64,fp64,A100-SXM4-80GB,A100-SXM4-80GB,,9700.0,152f8cc9-7213-5fba-8430-8cd9341fa530,suitesparse_all,HB/jagmesh6,jagmesh6,1377,1377,8993,2,row-major,N,N,1.0,0.0,20260922,main,pass,pass,0,0,35972.0,0.02364,0.0062352001667,0.0298752001667,0.0074172001667,5.76918126736552,1.204075614532475,4.849808444094394,0.05947609553985072,0.012413150665283246,0.04999802519684941,AlphaSparse 248af573c867cf4c7e05d40c611c7c34ebac4715,CUDA,13040,13000,2026-10-07T22:24:33.229575+00:00,derived,csr-alg1,0,0,,,,5,20,4,true
3,A100-SXM4-80GB-suitesparse_all-fp64-n2-row-major-AlphaSparse-SpMM-CSR-pre-plus-solve,AlphaSparse-SpMM-CSR-best-pre-plus-solve,AlphaSparseLib CSR PER MATRIX BEST,per-matrix-best,AlphaSparse-SpMM-CSR,best,pre-plus-solve,"csr-alg1,csr-alg2,csr-alg3,csr-alg4,csr-alg5",manual-selection,csr,ALPHASPARSE_SPMM_CSR_ALG1,workspace-setup,spmm.csr.fp64,fp64,A100-SXM4-80GB,A100-SXM4-80GB,,9700.0,a0827285-e98d-55a9-b486-73107367c8f5,suitesparse_all,HB/jagmesh7,jagmesh7,1138,1138,7450,2,row-major,N,N,1.0,0.0,20260922,main,pass,pass,0,0,29800.0,0.01599,0.00537599995732,0.0213659999573,0.00617549995732,5.543154805911802,1.394739308225937,4.825520234143503,0.05714592583414229,0.014378755754906566,0.049747631279829924,AlphaSparse 248af573c867cf4c7e05d40c611c7c34ebac4715,CUDA,13040,13000,2026-10-06T07:03:07.027910+00:00,derived,csr-alg1,0,0,,,,5,20,4,true
3,A100-SXM4-80GB-suitesparse_all-fp64-n2-row-major-AlphaSparse-SpMM-CSR-pre-plus-solve,AlphaSparse-SpMM-CSR-best-pre-plus-solve,AlphaSparseLib CSR PER MATRIX BEST,per-matrix-best,AlphaSparse-SpMM-CSR,best,pre-plus-solve,"csr-alg1,csr-alg2,csr-alg3,csr-alg4,csr-alg5",manual-selection,csr,ALPHASPARSE_SPMM_CSR_ALG5,workspace-setup,spmm.csr.fp64,fp64,A100-SXM4-80GB,A100-SXM4-80GB,,9700.0,dd6a9a30-d69d-5ea7-834e-7b0f3242a57c,suitesparse_all,HB/jagmesh8,jagmesh8,1141,1141,7465,2,row-major,N,N,1.0,0.0,20260922,main,pass,pass,0,0,29860.0,0.01341,0.010342399776,0.023752399776,0.011012899776,2.8871442456992873,1.2571361328370392,2.7113658171186463,0.02976437366700296,0.01296016631790762,0.027952224918748932,AlphaSparse 248af573c867cf4c7e05d40c611c7c34ebac4715,CUDA,13040,13000,2026-10-06T22:19:59.206361+00:00,derived,csr-alg5,0,0,,,,5,20,4,true
3,A100-SXM4-80GB-suitesparse_all-fp64-n2-row-major-AlphaSparse-SpMM-CSR-pre-plus-solve,AlphaSparse-SpMM-CSR-best-pre-plus-solve,AlphaSparseLib CSR PER MATRIX BEST,per-matrix-best,AlphaSparse-SpMM-CSR,best,pre-plus-solve,"csr-alg1,csr-alg2,csr-alg3,csr-alg4,csr-alg5",manual-selection,csr,ALPHASPARSE_SPMM_CSR_ALG1,workspace-setup,spmm.csr.fp64,fp64,A100-SXM4-80GB,A100-SXM4-80GB,,9700.0,005fdebf-9ece-5bc0-9d3c-6fda0356699d,suitesparse_all,HB/jagmesh9,jagmesh9,1349,1349,9101,2,row-major,N,N,1.0,0.0,20260922,main,pass,pass,0,0,36404.0,0.01408,0.00589440017939,0.0199744001794,0.00659840017939,6.176031299552412,1.8225328256687363,5.517094903353593,0.06367042576858158,0.018788998202770475,0.0568772670448824,AlphaSparse 248af573c867cf4c7e05d40c611c7c34ebac4715,CUDA,13040,13000,2026-10-08T13:52:53.032126+00:00,derived,csr-alg1,0,0,,,,5,20,4,true
3,A100-SXM4-80GB-suitesparse_all-fp64-n2-row-major-AlphaSparse-SpMM-CSR-pre-plus-solve,AlphaSparse-SpMM-CSR-best-pre-plus-solve,AlphaSparseLib CSR PER MATRIX BEST,per-matrix-best,AlphaSparse-SpMM-CSR,best,pre-plus-solve,"csr-alg1,csr-alg2,csr-alg3,csr-alg4,csr-alg5",manual-selection,csr,ALPHASPARSE_SPMM_CSR_ALG1,workspace-setup,spmm.csr.fp64,fp64,A100-SXM4-80GB,A100-SXM4-80GB,,9700.0,d94c6f41-d28e-5f45-abb9-189a8a3b4f78,suitesparse_all,HB/jgl009,jgl009,9,9,50,2,row-major,N,N,1.0,0.0,20260922,main,pass,pass,0,0,200.0,0.01258,0.00798719972372,0.0205671997237,0.00861619972372,0.02504006496870858,0.009724221220525998,0.02321208960017596,0.000258144999677408,0.00010024970330439174,0.00023929989278531914,AlphaSparse 248af573c867cf4c7e05d40c611c7c34ebac4715,CUDA,13040,13000,2026-10-06T01:49:20.252338+00:00,derived,csr-alg1,0,0,,,,5,20,4,true
3,A100-SXM4-80GB-suitesparse_all-fp64-n2-row-major-AlphaSparse-SpMM-CSR-pre-plus-solve,AlphaSparse-SpMM-CSR-best-pre-plus-solve,AlphaSparseLib CSR PER MATRIX BEST,per-matrix-best,AlphaSparse-SpMM-CSR,best,pre-plus-solve,"csr-alg1,csr-alg2,csr-alg3,csr-alg4,csr-alg5",manual-selection,csr,ALPHASPARSE_SPMM_CSR_ALG4,workspace-setup,spmm.csr.fp64,fp64,A100-SXM4-80GB,A100-SXM4-80GB,,9700.0,018f64fd-81d1-5f6a-986f-7d386c913e5c,suitesparse_all,HB/jgl011,jgl011,11,11,76,2,row-major,N,N,1.0,0.0,20260922,main,pass,pass,0,0,304.0,0.012931,0.010342399776,0.023273399776,0.010988949776,0.029393564993053695,0.013062122548743003,0.027664154099961372,0.0003030264432273577,0.0001346610572035361,0.00028519746494805537,AlphaSparse 248af573c867cf4c7e05d40c611c7c34ebac4715,CUDA,13040,13000,2026-10-06T22:28:39.288258+00:00,derived,csr-alg4,0,0,,,,5,20,4,true
3,A100-SXM4-80GB-suitesparse_all-fp64-n2-row-major-AlphaSparse-SpMM-CSR-pre-plus-solve,AlphaSparse-SpMM-CSR-best-pre-plus-solve,AlphaSparseLib CSR PER MATRIX BEST,per-matrix-best,AlphaSparse-SpMM-CSR,best,pre-plus-solve,"csr-alg1,csr-alg2,csr-alg3,csr-alg4,csr-alg5",manual-selection,csr,ALPHASPARSE_SPMM_CSR_ALG1,workspace-setup,spmm.csr.fp64,fp64,A100-SXM4-80GB,A100-SXM4-80GB,,9700.0,d94c6f41-d28e-5f45-abb9-189a8a3b4f78,suitesparse_all,HB/lap_25,lap_25,25,25,169,2,row-major,N,N,1.0,0.0,20260922,main,pass,pass,0,0,676.0,0.014,0.00481280013919,0.0188128001392,0.00551280013919,0.1404587725335654,0.03593298153374984,0.12262370899216478,0.001448028582820262,0.00037044310859535914,0.0012641619483728327,AlphaSparse 248af573c867cf4c7e05d40c611c7c34ebac4715,CUDA,13040,13000,2026-10-06T01:51:23.016600+00:00,derived,csr-alg1,0,0,,,,5,20,4,true
3,A100-SXM4-80GB-suitesparse_all-fp64-n2-row-major-AlphaSparse-SpMM-CSR-pre-plus-solve,AlphaSparse-SpMM-CSR-best-pre-plus-solve,AlphaSparseLib CSR PER MATRIX BEST,per-matrix-best,AlphaSparse-SpMM-CSR,best,pre-plus-solve,"csr-alg1,csr-alg2,csr-alg3,csr-alg4,csr-alg5",manual-selection,csr,ALPHASPARSE_SPMM_CSR_ALG1,workspace-setup,spmm.csr.fp64,fp64,A100-SXM4-80GB,A100-SXM4-80GB,,9700.0,752b02ae-c4ef-54eb-ad5c-0957985c94ee,suitesparse_all,HB/lns_131,lns_131,131,131,536,2,row-major,N,N,1.0,0.0,20260922,main,pass,pass,0,0,2144.0,0.01721,0.00691199973226,0.0241219997323,0.00777249973226,0.3101851972003739,0.08888151993174624,0.2758443324354534,0.0031977855381481847,0.0009163043291932602,0.0028437560044892105,AlphaSparse 248af573c867cf4c7e05d40c611c7c34ebac4715,CUDA,13040,13000,2026-10-08T03:31:08.585800+00:00,derived,csr-alg1,0,0,,,,5,20,4,true
3,A100-SXM4-80GB-suitesparse_all-fp64-n2-row-major-AlphaSparse-SpMM-CSR-pre-plus-solve,AlphaSparse-SpMM-CSR-best-pre-plus-solve,AlphaSparseLib CSR PER MATRIX BEST,per-matrix-best,AlphaSparse-SpMM-CSR,best,pre-plus-solve,"csr-alg1,csr-alg2,csr-alg3,csr-alg4,csr-alg5",manual-selection,csr,ALPHASPARSE_SPMM_CSR_ALG1,workspace-setup,spmm.csr.fp64,fp64,A100-SXM4-80GB,A100-SXM4-80GB,,9700.0,152f8cc9-7213-5fba-8430-8cd9341fa530,suitesparse_all,HB/lns_3937,lns_3937,3937,3937,25407,2,row-major,N,N,1.0,0.0,20260922,main,pass,pass,0,0,101628.0,0.02143,0.00784000009298,0.029270000093,0.00891150009298,12.962754948306511,3.4720874505328276,11.404140598063515,0.1336366489516135,0.03579471598487451,0.11756845977385066,AlphaSparse 248af573c867cf4c7e05d40c611c7c34ebac4715,CUDA,13040,13000,2026-10-07T22:24:34.216225+00:00,derived,csr-alg1,0,0,,,,5,20,4,true
3,A100-SXM4-80GB-suitesparse_all-fp64-n2-row-major-AlphaSparse-SpMM-CSR-pre-plus-solve,AlphaSparse-SpMM-CSR-best-pre-plus-solve,AlphaSparseLib CSR PER MATRIX BEST,per-matrix-best,AlphaSparse-SpMM-CSR,best,pre-plus-solve,"csr-alg1,csr-alg2,csr-alg3,csr-alg4,csr-alg5",manual-selection,csr,ALPHASPARSE_SPMM_CSR_ALG4,workspace-setup,spmm.csr.fp64,fp64,A100-SXM4-80GB,A100-SXM4-80GB,,9700.0,a0827285-e98d-55a9-b486-73107367c8f5,suitesparse_all,HB/lns_511,lns_511,511,511,2796,2,row-major,N,N,1.0,0.0,20260922,main,pass,pass,0,0,11184.0,0.01663,0.0107008002698,0.0273308002698,0.0115323002698,1.0451554760407682,0.4092086543238948,0.9697978493751065,0.010774798722069776,0.004218645920864895,0.009997915972939243,AlphaSparse 248af573c867cf4c7e05d40c611c7c34ebac4715,CUDA,13040,13000,2026-10-06T08:28:07.635396+00:00,derived,csr-alg4,0,0,,,,5,20,4,true
3,A100-SXM4-80GB-suitesparse_all-fp64-n2-row-major-AlphaSparse-SpMM-CSR-pre-plus-solve,AlphaSparse-SpMM-CSR-best-pre-plus-solve,AlphaSparseLib CSR PER MATRIX BEST,per-matrix-best,AlphaSparse-SpMM-CSR,best,pre-plus-solve,"csr-alg1,csr-alg2,csr-alg3,csr-alg4,csr-alg5",manual-selection,csr,ALPHASPARSE_SPMM_CSR_ALG1,workspace-setup,spmm.csr.fp64,fp64,A100-SXM4-80GB,A100-SXM4-80GB,,9700.0,005fdebf-9ece-5bc0-9d3c-6fda0356699d,suitesparse_all,HB/lnsp_131,lnsp_131,131,131,536,2,row-major,N,N,1.0,0.0,20260922,main,pass,pass,0,0,2144.0,0.01251,0.00701439976692,0.0195243997669,0.00763989976692,0.3056569444631787,0.10981131433473078,0.2806319540059027,0.0031511025202389555,0.0011320754055126883,0.002893112927895904,AlphaSparse 248af573c867cf4c7e05d40c611c7c34ebac4715,CUDA,13040,13000,2026-10-08T13:52:53.859291+00:00,derived,csr-alg1,0,0,,,,5,20,4,true
3,A100-SXM4-80GB-suitesparse_all-fp64-n2-row-major-AlphaSparse-SpMM-CSR-pre-plus-solve,AlphaSparse-SpMM-CSR-best-pre-plus-solve,AlphaSparseLib CSR PER MATRIX BEST,per-matrix-best,AlphaSparse-SpMM-CSR,best,pre-plus-solve,"csr-alg1,csr-alg2,csr-alg3,csr-alg4,csr-alg5",manual-selection,csr,ALPHASPARSE_SPMM_CSR_ALG1,workspace-setup,spmm.csr.fp64,fp64,A100-SXM4-80GB,A100-SXM4-80GB,,9700.0,d94c6f41-d28e-5f45-abb9-189a8a3b4f78,suitesparse_all,HB/lnsp_511,lnsp_511,511,511,2796,2,row-major,N,N,1.0,0.0,20260922,main,pass,pass,0,0,11184.0,0.01284,0.00727040022612,0.0201104002261,0.00791240022612,1.5382922056780048,0.5561301552559359,1.4134775391012158,0.015858682532762937,0.005733300569648824,0.01457193339279604,AlphaSparse 248af573c867cf4c7e05d40c611c7c34ebac4715,CUDA,13040,13000,2026-10-06T01:49:20.893528+00:00,derived,csr-alg1,0,0,,,,5,20,4,true
3,A100-SXM4-80GB-suitesparse_all-fp64-n2-row-major-AlphaSparse-SpMM-CSR-pre-plus-solve,AlphaSparse-SpMM-CSR-best-pre-plus-solve,AlphaSparseLib CSR PER MATRIX BEST,per-matrix-best,AlphaSparse-SpMM-CSR,best,pre-plus-solve,"csr-alg1,csr-alg2,csr-alg3,csr-alg4,csr-alg5",manual-selection,csr,ALPHASPARSE_SPMM_CSR_ALG1,workspace-setup,spmm.csr.fp64,fp64,A100-SXM4-80GB,A100-SXM4-80GB,,9700.0,dd6a9a30-d69d-5ea7-834e-7b0f3242a57c,suitesparse_all,HB/lnsp3937,lnsp3937,3937,3937,25407,2,row-major,N,N,1.0,0.0,20260922,main,pass,pass,0,0,101628.0,0.01402,0.00770879983902,0.021728799839,0.00840979983902,13.183375119637262,4.677110597594657,12.084473108202154,0.13591108370760063,0.04821763502674904,0.1245821969917748,AlphaSparse 248af573c867cf4c7e05d40c611c7c34ebac4715,CUDA,13040,13000,2026-10-06T19:48:03.079550+00:00,derived,csr-alg1,0,0,,,,5,20,4,true
3,A100-SXM4-80GB-suitesparse_all-fp64-n2-row-major-AlphaSparse-SpMM-CSR-pre-plus-solve,AlphaSparse-SpMM-CSR-best-pre-plus-solve,AlphaSparseLib CSR PER MATRIX BEST,per-matrix-best,AlphaSparse-SpMM-CSR,best,pre-plus-solve,"csr-alg1,csr-alg2,csr-alg3,csr-alg4,csr-alg5",manual-selection,csr,ALPHASPARSE_SPMM_CSR_ALG5,workspace-setup,spmm.csr.fp64,fp64,A100-SXM4-80GB,A100-SXM4-80GB,,9700.0,152f8cc9-7213-5fba-8430-8cd9341fa530,suitesparse_all,HB/lock_700,lock_700,700,700,22175,2,row-major,N,N,1.0,0.0,20260922,main,pass,pass,0,0,88700.0,0.02176,0.0134655997157,0.0352255997157,0.0145535997157,6.587155557325952,2.5180550711948997,6.0947120803599555,0.06790882017861806,0.025959330630875254,0.06283208330267996,AlphaSparse 248af573c867cf4c7e05d40c611c7c34ebac4715,CUDA,13040,13000,2026-10-08T02:20:53.829001+00:00,derived,csr-alg5,0,0,,,,5,20,4,true
3,A100-SXM4-80GB-suitesparse_all-fp64-n2-row-major-AlphaSparse-SpMM-CSR-pre-plus-solve,AlphaSparse-SpMM-CSR-best-pre-plus-solve,AlphaSparseLib CSR PER MATRIX BEST,per-matrix-best,AlphaSparse-SpMM-CSR,best,pre-plus-solve,"csr-alg1,csr-alg2,csr-alg3,csr-alg4,csr-alg5",manual-selection,csr,ALPHASPARSE_SPMM_CSR_ALG3,workspace-setup,spmm.csr.fp64,fp64,A100-SXM4-80GB,A100-SXM4-80GB,,9700.0,018f64fd-81d1-5f6a-986f-7d386c913e5c,suitesparse_all,HB/lock1074,lock1074,1074,1074,51588,2,row-major,N,N,1.0,0.0,20260922,main,pass,pass,0,0,206352.0,0.01118,0.0148479998112,0.0260279998112,0.0154069998112,13.897629487060376,7.928077512556517,13.393392777871911,0.14327453079443686,0.08173275786140739,0.13807621420486507,AlphaSparse 248af573c867cf4c7e05d40c611c7c34ebac4715,CUDA,13040,13000,2026-10-06T21:53:28.640138+00:00,derived,csr-alg3,0,0,,,,5,20,4,true
3,A100-SXM4-80GB-suitesparse_all-fp64-n2-row-major-AlphaSparse-SpMM-CSR-pre-plus-solve,AlphaSparse-SpMM-CSR-best-pre-plus-solve,AlphaSparseLib CSR PER MATRIX BEST,per-matrix-best,AlphaSparse-SpMM-CSR,best,pre-plus-solve,"csr-alg1,csr-alg2,csr-alg3,csr-alg4,csr-alg5",manual-selection,csr,ALPHASPARSE_SPMM_CSR_ALG5,workspace-setup,spmm.csr.fp64,fp64,A100-SXM4-80GB,A100-SXM4-80GB,,9700.0,752b02ae-c4ef-54eb-ad5c-0957985c94ee,suitesparse_all,HB/lock3491,lock3491,3491,3491,160444,2,row-major,N,N,1.0,0.0,20260922,main,pass,pass,0,0,641776.0,0.0162,0.0154111996293,0.0316111996293,0.0162211996293,41.64348106813476,20.302171620375532,39.56402822641884,0.42931423781582223,0.20930073835438695,0.4078765796538025,AlphaSparse 248af573c867cf4c7e05d40c611c7c34ebac4715,CUDA,13040,13000,2026-10-08T07:58:41.621401+00:00,derived,csr-alg5,0,0,,,,5,20,4,true
3,A100-SXM4-80GB-suitesparse_all-fp64-n2-row-major-AlphaSparse-SpMM-CSR-pre-plus-solve,AlphaSparse-SpMM-CSR-best-pre-plus-solve,AlphaSparseLib CSR PER MATRIX BEST,per-matrix-best,AlphaSparse-SpMM-CSR,best,pre-plus-solve,"csr-alg1,csr-alg2,csr-alg3,csr-alg4,csr-alg5",manual-selection,csr,ALPHASPARSE_SPMM_CSR_ALG1,workspace-setup,spmm.csr.fp64,fp64,A100-SXM4-80GB,A100-SXM4-80GB,,9700.0,018f64fd-81d1-5f6a-986f-7d386c913e5c,suitesparse_all,HB/lshp_265,lshp_265,265,265,1753,2,row-major,N,N,1.0,0.0,20260922,main,pass,pass,0,0,7012.0,0.0156,0.00583680011332,0.0214368001133,0.00661680011332,1.2013431784306112,0.3271010581308521,1.059726737986907,0.012384981220934135,0.003372175857019094,0.010925017917390794,AlphaSparse 248af573c867cf4c7e05d40c611c7c34ebac4715,CUDA,13040,13000,2026-10-06T20:25:59.087807+00:00,derived,csr-alg1,0,0,,,,5,20,4,true
3,A100-SXM4-80GB-suitesparse_all-fp64-n2-row-major-AlphaSparse-SpMM-CSR-pre-plus-solve,AlphaSparse-SpMM-CSR-best-pre-plus-solve,AlphaSparseLib CSR PER MATRIX BEST,per-matrix-best,AlphaSparse-SpMM-CSR,best,pre-plus-solve,"csr-alg1,csr-alg2,csr-alg3,csr-alg4,csr-alg5",manual-selection,csr,ALPHASPARSE_SPMM_CSR_ALG1,workspace-setup,spmm.csr.fp64,fp64,A100-SXM4-80GB,A100-SXM4-80GB,,9700.0,752b02ae-c4ef-54eb-ad5c-0957985c94ee,suitesparse_all,HB/lshp_577,lshp_577,577,577,3889,2,row-major,N,N,1.0,0.0,20260922,main,pass,pass,0,0,15556.0,0.01744,0.00599040016532,0.0234304001653,0.00686240016532,2.5968215095308276,0.663923786629908,2.2668453639025885,0.02677135576835905,0.006844575119895959,0.023369539834047305,AlphaSparse 248af573c867cf4c7e05d40c611c7c34ebac4715,CUDA,13040,13000,2026-10-08T03:31:10.184551+00:00,derived,csr-alg1,0,0,,,,5,20,4,true
3,A100-SXM4-80GB-suitesparse_all-fp64-n2-row-major-AlphaSparse-SpMM-CSR-pre-plus-solve,AlphaSparse-SpMM-CSR-best-pre-plus-solve,AlphaSparseLib CSR PER MATRIX BEST,per-matrix-best,AlphaSparse-SpMM-CSR,best,pre-plus-solve,"csr-alg1,csr-alg2,csr-alg3,csr-alg4,csr-alg5",manual-selection,csr,ALPHASPARSE_SPMM_CSR_ALG1,workspace-setup,spmm.csr.fp64,fp64,A100-SXM4-80GB,A100-SXM4-80GB,,9700.0,152f8cc9-7213-5fba-8430-8cd9341fa530,suitesparse_all,HB/lshp_778,lshp_778,778,778,5272,2,row-major,N,N,1.0,0.0,20260922,main,pass,pass,0,0,21088.0,0.02212,0.00578240007162,0.0279024000716,0.00688840007162,3.6469285657870394,0.7557772788679951,3.061378517615712,0.03759720170914474,0.007791518338845309,0.03156060327438878,AlphaSparse 248af573c867cf4c7e05d40c611c7c34ebac4715,CUDA,13040,13000,2026-10-07T22:24:35.987571+00:00,derived,csr-alg1,0,0,,,,5,20,4,true
3,A100-SXM4-80GB-suitesparse_all-fp64-n2-row-major-AlphaSparse-SpMM-CSR-pre-plus-solve,AlphaSparse-SpMM-CSR-best-pre-plus-solve,AlphaSparseLib CSR PER MATRIX BEST,per-matrix-best,AlphaSparse-SpMM-CSR,best,pre-plus-solve,"csr-alg1,csr-alg2,csr-alg3,csr-alg4,csr-alg5",manual-selection,csr,ALPHASPARSE_SPMM_CSR_ALG1,workspace-setup,spmm.csr.fp64,fp64,A100-SXM4-80GB,A100-SXM4-80GB,,9700.0,018f64fd-81d1-5f6a-986f-7d386c913e5c,suitesparse_all,HB/lshp1009,lshp1009,1009,1009,6865,2,row-major,N,N,1.0,0.0,20260922,main,pass,pass,0,0,27460.0,0.01518,0.00583680011332,0.0210168001133,0.00659580011332,4.7046325840993415,1.3065737815445353,4.163255333427318,0.048501366846384966,0.013469832799428198,0.042920158076570285,AlphaSparse 248af573c867cf4c7e05d40c611c7c34ebac4715,CUDA,13040,13000,2026-10-06T20:25:58.468112+00:00,derived,csr-alg1,0,0,,,,5,20,4,true
3,A100-SXM4-80GB-suitesparse_all-fp64-n2-row-major-AlphaSparse-SpMM-CSR-pre-plus-solve,AlphaSparse-SpMM-CSR-best-pre-plus-solve,AlphaSparseLib CSR PER MATRIX BEST,per-matrix-best,AlphaSparse-SpMM-CSR,best,pre-plus-solve,"csr-alg1,csr-alg2,csr-alg3,csr-alg4,csr-alg5",manual-selection,csr,ALPHASPARSE_SPMM_CSR_ALG1,workspace-setup,spmm.csr.fp64,fp64,A100-SXM4-80GB,A100-SXM4-80GB,,9700.0,752b02ae-c4ef-54eb-ad5c-0957985c94ee,suitesparse_all,HB/lshp1561,lshp1561,1561,1561,10681,2,row-major,N,N,1.0,0.0,20260922,main,pass,pass,0,0,42724.0,0.01854,0.00604160018265,0.0245816001827,0.00696860018265,7.071636438752251,1.7380479579221304,6.130930011793708,0.07290346844074486,0.01791802018476423,0.0632054640391104,AlphaSparse 248af573c867cf4c7e05d40c611c7c34ebac4715,CUDA,13040,13000,2026-10-08T03:31:09.333602+00:00,derived,csr-alg1,0,0,,,,5,20,4,true
3,A100-SXM4-80GB-suitesparse_all-fp64-n2-row-major-AlphaSparse-SpMM-CSR-pre-plus-solve,AlphaSparse-SpMM-CSR-best-pre-plus-solve,AlphaSparseLib CSR PER MATRIX BEST,per-matrix-best,AlphaSparse-SpMM-CSR,best,pre-plus-solve,"csr-alg1,csr-alg2,csr-alg3,csr-alg4,csr-alg5",manual-selection,csr,ALPHASPARSE_SPMM_CSR_ALG1,workspace-setup,spmm.csr.fp64,fp64,A100-SXM4-80GB,A100-SXM4-80GB,,9700.0,152f8cc9-7213-5fba-8430-8cd9341fa530,suitesparse_all,HB/lshp1882,lshp1882,1882,1882,12904,2,row-major,N,N,1.0,0.0,20260922,main,pass,pass,0,0,51616.0,0.02192,0.00621920004487,0.0281392000449,0.00731520004487,8.299459677708265,1.834309430177102,7.055992957594816,0.08556143997637387,0.018910406496671153,0.0727421954391218,AlphaSparse 248af573c867cf4c7e05d40c611c7c34ebac4715,CUDA,13040,13000,2026-10-07T22:24:35.125632+00:00,derived,csr-alg1,0,0,,,,5,20,4,true
3,A100-SXM4-80GB-suitesparse_all-fp64-n2-row-major-AlphaSparse-SpMM-CSR-pre-plus-solve,AlphaSparse-SpMM-CSR-best-pre-plus-solve,AlphaSparseLib CSR PER MATRIX BEST,per-matrix-best,AlphaSparse-SpMM-CSR,best,pre-plus-solve,"csr-alg1,csr-alg2,csr-alg3,csr-alg4,csr-alg5",manual-selection,csr,ALPHASPARSE_SPMM_CSR_ALG1,workspace-setup,spmm.csr.fp64,fp64,A100-SXM4-80GB,A100-SXM4-80GB,,9700.0,a0827285-e98d-55a9-b486-73107367c8f5,suitesparse_all,HB/lshp2233,lshp2233,2233,2233,15337,2,row-major,N,N,1.0,0.0,20260922,main,pass,pass,0,0,61348.0,0.01654,0.00537599995732,0.0219159999573,0.00620299995732,11.411458423928766,2.799233442212414,9.890053268113409,0.11764390127761615,0.028858076723839318,0.10195931204240627,AlphaSparse 248af573c867cf4c7e05d40c611c7c34ebac4715,CUDA,13040,13000,2026-10-06T07:03:08.263331+00:00,derived,csr-alg1,0,0,,,,5,20,4,true
3,A100-SXM4-80GB-suitesparse_all-fp64-n2-row-major-AlphaSparse-SpMM-CSR-pre-plus-solve,AlphaSparse-SpMM-CSR-best-pre-plus-solve,AlphaSparseLib CSR PER MATRIX BEST,per-matrix-best,AlphaSparse-SpMM-CSR,best,pre-plus-solve,"csr-alg1,csr-alg2,csr-alg3,csr-alg4,csr-alg5",manual-selection,csr,ALPHASPARSE_SPMM_CSR_ALG1,workspace-setup,spmm.csr.fp64,fp64,A100-SXM4-80GB,A100-SXM4-80GB,,9700.0,dd6a9a30-d69d-5ea7-834e-7b0f3242a57c,suitesparse_all,HB/lshp2614,lshp2614,2614,2614,17980,2,row-major,N,N,1.0,0.0,20260922,main,pass,pass,0,0,71920.0,0.01536,0.00604160018265,0.0214016001827,0.00680960018265,11.904130996045827,3.360496382795553,10.56155986708927,0.12272299995923534,0.03464429260613972,0.10888206048545639,AlphaSparse 248af573c867cf4c7e05d40c611c7c34ebac4715,CUDA,13040,13000,2026-10-06T19:48:04.994632+00:00,derived,csr-alg1,0,0,,,,5,20,4,true
3,A100-SXM4-80GB-suitesparse_all-fp64-n2-row-major-AlphaSparse-SpMM-CSR-pre-plus-solve,AlphaSparse-SpMM-CSR-best-pre-plus-solve,AlphaSparseLib CSR PER MATRIX BEST,per-matrix-best,AlphaSparse-SpMM-CSR,best,pre-plus-solve,"csr-alg1,csr-alg2,csr-alg3,csr-alg4,csr-alg5",manual-selection,csr,ALPHASPARSE_SPMM_CSR_ALG1,workspace-setup,spmm.csr.fp64,fp64,A100-SXM4-80GB,A100-SXM4-80GB,,9700.0,005fdebf-9ece-5bc0-9d3c-6fda0356699d,suitesparse_all,HB/lshp3025,lshp3025,3025,3025,20833,2,row-major,N,N,1.0,0.0,20260922,main,pass,pass,0,0,83332.0,0.01366,0.00609279982746,0.0197527998275,0.00677579982746,13.677127488158412,4.218743708625273,12.298474294102359,0.14100131431091148,0.043492203181703847,0.12678839478456042,AlphaSparse 248af573c867cf4c7e05d40c611c7c34ebac4715,CUDA,13040,13000,2026-10-08T13:52:54.506165+00:00,derived,csr-alg1,0,0,,,,5,20,4,true
3,A100-SXM4-80GB-suitesparse_all-fp64-n2-row-major-AlphaSparse-SpMM-CSR-pre-plus-solve,AlphaSparse-SpMM-CSR-best-pre-plus-solve,AlphaSparseLib CSR PER MATRIX BEST,per-matrix-best,AlphaSparse-SpMM-CSR,best,pre-plus-solve,"csr-alg1,csr-alg2,csr-alg3,csr-alg4,csr-alg5",manual-selection,csr,ALPHASPARSE_SPMM_CSR_ALG1,workspace-setup,spmm.csr.fp64,fp64,A100-SXM4-80GB,A100-SXM4-80GB,,9700.0,d94c6f41-d28e-5f45-abb9-189a8a3b4f78,suitesparse_all,HB/lshp3466,lshp3466,3466,3466,23896,2,row-major,N,N,1.0,0.0,20260922,main,pass,pass,0,0,95584.0,0.01282,0.00542719997466,0.0182471999747,0.00606819997466,17.61202838411866,5.238283141113626,15.751623281886907,0.18156730292905834,0.054002918980552844,0.16238786888543205,AlphaSparse 248af573c867cf4c7e05d40c611c7c34ebac4715,CUDA,13040,13000,2026-10-06T01:49:21.521247+00:00,derived,csr-alg1,0,0,,,,5,20,4,true
3,A100-SXM4-80GB-suitesparse_all-fp64-n2-row-major-AlphaSparse-SpMM-CSR-pre-plus-solve,AlphaSparse-SpMM-CSR-best-pre-plus-solve,AlphaSparseLib CSR PER MATRIX BEST,per-matrix-best,AlphaSparse-SpMM-CSR,best,pre-plus-solve,"csr-alg1,csr-alg2,csr-alg3,csr-alg4,csr-alg5",manual-selection,csr,ALPHASPARSE_SPMM_CSR_ALG1,workspace-setup,spmm.csr.fp64,fp64,A100-SXM4-80GB,A100-SXM4-80GB,,9700.0,a0827285-e98d-55a9-b486-73107367c8f5,suitesparse_all,HB/lund_a,lund_a,147,147,2449,2,row-major,N,N,1.0,0.0,20260922,main,pass,pass,0,0,9796.0,0.01776,0.00778239965439,0.0255423996544,0.00867039965439,1.2587377203731938,0.38351917331747315,1.1298210452202266,0.012976677529620553,0.003953805910489414,0.011647639641445636,AlphaSparse 248af573c867cf4c7e05d40c611c7c34ebac4715,CUDA,13040,13000,2026-10-06T07:03:08.839406+00:00,derived,csr-alg1,0,0,,,,5,20,4,true
3,A100-SXM4-80GB-suitesparse_all-fp64-n2-row-major-AlphaSparse-SpMM-CSR-pre-plus-solve,AlphaSparse-SpMM-CSR-best-pre-plus-solve,AlphaSparseLib CSR PER MATRIX BEST,per-matrix-best,AlphaSparse-SpMM-CSR,best,pre-plus-solve,"csr-alg1,csr-alg2,csr-alg3,csr-alg4,csr-alg5",manual-selection,csr,ALPHASPARSE_SPMM_CSR_ALG1,workspace-setup,spmm.csr.fp64,fp64,A100-SXM4-80GB,A100-SXM4-80GB,,9700.0,dd6a9a30-d69d-5ea7-834e-7b0f3242a57c,suitesparse_all,HB/lund_b,lund_b,147,147,2441,2,row-major,N,N,1.0,0.0,20260922,main,pass,pass,0,0,9764.0,0.01306,0.00931840017438,0.0223784001744,0.00997140017438,1.047819348523487,0.43631358470252163,0.9792004963442463,0.010802261324984401,0.004498078192809501,0.010094850477775735,AlphaSparse 248af573c867cf4c7e05d40c611c7c34ebac4715,CUDA,13040,13000,2026-10-06T19:48:06.314107+00:00,derived,csr-alg1,0,0,,,,5,20,4,true
3,A100-SXM4-80GB-suitesparse_all-fp64-n2-row-major-AlphaSparse-SpMM-CSR-pre-plus-solve,AlphaSparse-SpMM-CSR-best-pre-plus-solve,AlphaSparseLib CSR PER MATRIX BEST,per-matrix-best,AlphaSparse-SpMM-CSR,best,pre-plus-solve,"csr-alg1,csr-alg2,csr-alg3,csr-alg4,csr-alg5",manual-selection,csr,ALPHASPARSE_SPMM_CSR_ALG3,workspace-setup,spmm.csr.fp64,fp64,A100-SXM4-80GB,A100-SXM4-80GB,,9700.0,005fdebf-9ece-5bc0-9d3c-6fda0356699d,suitesparse_all,HB/mahindas,mahindas,1258,1258,7682,2,row-major,N,N,1.0,0.0,20260922,main,pass,pass,0,0,30728.0,0.01352,0.013670399785,0.027190399785,0.014346399785,2.2477762525801657,1.1301047517863851,2.141861404986631,0.02317295105752748,0.011650564451406033,0.022081045412233307,AlphaSparse 248af573c867cf4c7e05d40c611c7c34ebac4715,CUDA,13040,13000,2026-10-08T14:43:09.862475+00:00,derived,csr-alg3,0,0,,,,5,20,4,true
3,A100-SXM4-80GB-suitesparse_all-fp64-n2-row-major-AlphaSparse-SpMM-CSR-pre-plus-solve,AlphaSparse-SpMM-CSR-best-pre-plus-solve,AlphaSparseLib CSR PER MATRIX BEST,per-matrix-best,AlphaSparse-SpMM-CSR,best,pre-plus-solve,"csr-alg1,csr-alg2,csr-alg3,csr-alg4,csr-alg5",manual-selection,csr,ALPHASPARSE_SPMM_CSR_ALG2,workspace-setup,spmm.csr.fp64,fp64,A100-SXM4-80GB,A100-SXM4-80GB,,9700.0,a0827285-e98d-55a9-b486-73107367c8f5,suitesparse_all,HB/man_5976,man_5976,5976,5976,225046,2,row-major,N,N,1.0,0.0,20260922,main,pass,pass,0,0,900184.0,0.01935,0.0167935997248,0.0361435997248,0.0177610997248,53.60280194547274,24.90576497233442,50.682897677955395,0.5526062056234303,0.25676046363231364,0.522504099772736,AlphaSparse 248af573c867cf4c7e05d40c611c7c34ebac4715,CUDA,13040,13000,2026-10-06T07:33:56.816923+00:00,derived,csr-alg2,0,0,,,,5,20,4,true
3,A100-SXM4-80GB-suitesparse_all-fp64-n2-row-major-AlphaSparse-SpMM-CSR-pre-plus-solve,AlphaSparse-SpMM-CSR-best-pre-plus-solve,AlphaSparseLib CSR PER MATRIX BEST,per-matrix-best,AlphaSparse-SpMM-CSR,best,pre-plus-solve,"csr-alg1,csr-alg2,csr-alg3,csr-alg4,csr-alg5",manual-selection,csr,ALPHASPARSE_SPMM_CSR_ALG2,workspace-setup,spmm.csr.fp64,fp64,A100-SXM4-80GB,A100-SXM4-80GB,,9700.0,d94c6f41-d28e-5f45-abb9-189a8a3b4f78,suitesparse_all,HB/mbeacxc,mbeacxc,496,496,49920,2,row-major,N,N,1.0,0.0,20260922,main,pass,pass,0,0,199680.0,0.01382,0.015513600409,0.029333600409,0.016204600409,12.871286789374723,6.807210748624472,12.322426654167797,0.13269367824097653,0.07017743039819044,0.12703532633162679,AlphaSparse 248af573c867cf4c7e05d40c611c7c34ebac4715,CUDA,13040,13000,2026-10-06T02:17:53.933691+00:00,derived,csr-alg2,0,0,,,,5,20,4,true
3,A100-SXM4-80GB-suitesparse_all-fp64-n2-row-major-AlphaSparse-SpMM-CSR-pre-plus-solve,AlphaSparse-SpMM-CSR-best-pre-plus-solve,AlphaSparseLib CSR PER MATRIX BEST,per-matrix-best,AlphaSparse-SpMM-CSR,best,pre-plus-solve,"csr-alg1,csr-alg2,csr-alg3,csr-alg4,csr-alg5",manual-selection,csr,ALPHASPARSE_SPMM_CSR_ALG2,workspace-setup,spmm.csr.fp64,fp64,A100-SXM4-80GB,A100-SXM4-80GB,,9700.0,018f64fd-81d1-5f6a-986f-7d386c913e5c,suitesparse_all,HB/mbeaflw,mbeaflw,496,496,49920,2,row-major,N,N,1.0,0.0,20260922,main,pass,pass,0,0,199680.0,0.013031,0.0156159996986,0.0286469996986,0.0162675496986,12.786885492697701,6.970363462172917,12.274743504683109,0.13182356178038868,0.07185941713580327,0.12654374747095987,AlphaSparse 248af573c867cf4c7e05d40c611c7c34ebac4715,CUDA,13040,13000,2026-10-06T21:13:26.694983+00:00,derived,csr-alg2,0,0,,,,5,20,4,true
3,A100-SXM4-80GB-suitesparse_all-fp64-n2-row-major-AlphaSparse-SpMM-CSR-pre-plus-solve,AlphaSparse-SpMM-CSR-best-pre-plus-solve,AlphaSparseLib CSR PER MATRIX BEST,per-matrix-best,AlphaSparse-SpMM-CSR,best,pre-plus-solve,"csr-alg1,csr-alg2,csr-alg3,csr-alg4,csr-alg5",manual-selection,csr,ALPHASPARSE_SPMM_CSR_ALG2,workspace-setup,spmm.csr.fp64,fp64,A100-SXM4-80GB,A100-SXM4-80GB,,9700.0,752b02ae-c4ef-54eb-ad5c-0957985c94ee,suitesparse_all,HB/mcca,mcca,180,180,2659,2,row-major,N,N,1.0,0.0,20260922,main,pass,pass,0,0,10636.0,0.01205,0.0133632004261,0.0254132004261,0.0139657004261,0.7959171202151966,0.41852265049924836,0.7615801338630147,0.008205331136239141,0.004314666499992251,0.007851341586216646,AlphaSparse 248af573c867cf4c7e05d40c611c7c34ebac4715,CUDA,13040,13000,2026-10-08T04:50:50.837720+00:00,derived,csr-alg2,0,0,,,,5,20,4,true
3,A100-SXM4-80GB-suitesparse_all-fp64-n2-row-major-AlphaSparse-SpMM-CSR-pre-plus-solve,AlphaSparse-SpMM-CSR-best-pre-plus-solve,AlphaSparseLib CSR PER MATRIX BEST,per-matrix-best,AlphaSparse-SpMM-CSR,best,pre-plus-solve,"csr-alg1,csr-alg2,csr-alg3,csr-alg4,csr-alg5",manual-selection,csr,ALPHASPARSE_SPMM_CSR_ALG2,workspace-setup,spmm.csr.fp64,fp64,A100-SXM4-80GB,A100-SXM4-80GB,,9700.0,152f8cc9-7213-5fba-8430-8cd9341fa530,suitesparse_all,HB/mcfe,mcfe,765,765,24382,2,row-major,N,N,1.0,0.0,20260922,main,pass,pass,0,0,97528.0,0.020189,0.0142335996032,0.0344225996032,0.0152430496032,6.851956126268561,2.83325492915223,6.398194753596142,0.07063872295122228,0.029208813702600308,0.06596077065563033,AlphaSparse 248af573c867cf4c7e05d40c611c7c34ebac4715,CUDA,13040,13000,2026-10-07T23:22:50.651984+00:00,derived,csr-alg2,0,0,,,,5,20,4,true
3,A100-SXM4-80GB-suitesparse_all-fp64-n2-row-major-AlphaSparse-SpMM-CSR-pre-plus-solve,AlphaSparse-SpMM-CSR-best-pre-plus-solve,AlphaSparseLib CSR PER MATRIX BEST,per-matrix-best,AlphaSparse-SpMM-CSR,best,pre-plus-solve,"csr-alg1,csr-alg2,csr-alg3,csr-alg4,csr-alg5",manual-selection,csr,ALPHASPARSE_SPMM_CSR_ALG1,workspace-setup,spmm.csr.fp64,fp64,A100-SXM4-80GB,A100-SXM4-80GB,,9700.0,a0827285-e98d-55a9-b486-73107367c8f5,suitesparse_all,HB/nnc1374,nnc1374,1374,1374,8606,2,row-major,N,N,1.0,0.0,20260922,main,pass,pass,0,0,34424.0,0.01766,0.00650240033865,0.0241624003386,0.00738540033865,5.29404499987261,1.424692891335256,4.661087878994041,0.05457778350384134,0.014687555580775833,0.04805245236076331,AlphaSparse 248af573c867cf4c7e05d40c611c7c34ebac4715,CUDA,13040,13000,2026-10-06T07:03:09.442229+00:00,derived,csr-alg1,0,0,,,,5,20,4,true
3,A100-SXM4-80GB-suitesparse_all-fp64-n2-row-major-AlphaSparse-SpMM-CSR-pre-plus-solve,AlphaSparse-SpMM-CSR-best-pre-plus-solve,AlphaSparseLib CSR PER MATRIX BEST,per-matrix-best,AlphaSparse-SpMM-CSR,best,pre-plus-solve,"csr-alg1,csr-alg2,csr-alg3,csr-alg4,csr-alg5",manual-selection,csr,ALPHASPARSE_SPMM_CSR_ALG1,workspace-setup,spmm.csr.fp64,fp64,A100-SXM4-80GB,A100-SXM4-80GB,,9700.0,dd6a9a30-d69d-5ea7-834e-7b0f3242a57c,suitesparse_all,HB/nnc261,nnc261,261,261,1500,2,row-major,N,N,1.0,0.0,20260922,main,pass,pass,0,0,6000.0,0.01288,0.00732159987092,0.0202015998709,0.00796559987092,0.8194930214406905,0.2970061796265394,0.7532389395937635,0.008448381664337016,0.00306191937759319,0.007765349892719212,AlphaSparse 248af573c867cf4c7e05d40c611c7c34ebac4715,CUDA,13040,13000,2026-10-06T19:48:07.545415+00:00,derived,csr-alg1,0,0,,,,5,20,4,true
3,A100-SXM4-80GB-suitesparse_all-fp64-n2-row-major-AlphaSparse-SpMM-CSR-pre-plus-solve,AlphaSparse-SpMM-CSR-best-pre-plus-solve,AlphaSparseLib CSR PER MATRIX BEST,per-matrix-best,AlphaSparse-SpMM-CSR,best,pre-plus-solve,"csr-alg1,csr-alg2,csr-alg3,csr-alg4,csr-alg5",manual-selection,csr,ALPHASPARSE_SPMM_CSR_ALG3,workspace-setup,spmm.csr.fp64,fp64,A100-SXM4-80GB,A100-SXM4-80GB,,9700.0,005fdebf-9ece-5bc0-9d3c-6fda0356699d,suitesparse_all,HB/nnc666,nnc666,666,666,4044,2,row-major,N,N,1.0,0.0,20260922,main,pass,pass,0,0,16176.0,0.01388,0.0125440001488,0.0264240001488,0.0132380001488,1.2895408010296818,0.6121707504128442,1.2219368347315154,0.01329423506216167,0.00631103866404994,0.012597286955995003,AlphaSparse 248af573c867cf4c7e05d40c611c7c34ebac4715,CUDA,13040,13000,2026-10-08T14:43:10.454542+00:00,derived,csr-alg3,0,0,,,,5,20,4,true
3,A100-SXM4-80GB-suitesparse_all-fp64-n2-row-major-AlphaSparse-SpMM-CSR-pre-plus-solve,AlphaSparse-SpMM-CSR-best-pre-plus-solve,AlphaSparseLib CSR PER MATRIX BEST,per-matrix-best,AlphaSparse-SpMM-CSR,best,pre-plus-solve,"csr-alg1,csr-alg2,csr-alg3,csr-alg4,csr-alg5",manual-selection,csr,ALPHASPARSE_SPMM_CSR_ALG1,workspace-setup,spmm.csr.fp64,fp64,A100-SXM4-80GB,A100-SXM4-80GB,,9700.0,d94c6f41-d28e-5f45-abb9-189a8a3b4f78,suitesparse_all,HB/nos1,nos1,237,237,1017,2,row-major,N,N,1.0,0.0,20260922,main,pass,pass,0,0,4068.0,0.01254,0.00471040010452,0.0172504001045,0.00533740010452,0.8636209047499879,0.23582061722375977,0.7621688313295075,0.008903308296391629,0.0024311403837501007,0.007857410632262965,AlphaSparse 248af573c867cf4c7e05d40c611c7c34ebac4715,CUDA,13040,13000,2026-10-06T01:49:22.779223+00:00,derived,csr-alg1,0,0,,,,5,20,4,true
3,A100-SXM4-80GB-suitesparse_all-fp64-n2-row-major-AlphaSparse-SpMM-CSR-pre-plus-solve,AlphaSparse-SpMM-CSR-best-pre-plus-solve,AlphaSparseLib CSR PER MATRIX BEST,per-matrix-best,AlphaSparse-SpMM-CSR,best,pre-plus-solve,"csr-alg1,csr-alg2,csr-alg3,csr-alg4,csr-alg5",manual-selection,csr,ALPHASPARSE_SPMM_CSR_ALG1,workspace-setup,spmm.csr.fp64,fp64,A100-SXM4-80GB,A100-SXM4-80GB,,9700.0,018f64fd-81d1-5f6a-986f-7d386c913e5c,suitesparse_all,HB/nos2,nos2,957,957,4137,2,row-major,N,N,1.0,0.0,20260922,main,pass,pass,0,0,16548.0,0.0147,0.00593920014799,0.020639200148,0.00667420014799,2.7862337667809243,0.8017752568576912,2.479398224966866,0.02872405945134974,0.008265724297501971,0.02556080644295738,AlphaSparse 248af573c867cf4c7e05d40c611c7c34ebac4715,CUDA,13040,13000,2026-10-06T20:26:00.379593+00:00,derived,csr-alg1,0,0,,,,5,20,4,true
3,A100-SXM4-80GB-suitesparse_all-fp64-n2-row-major-AlphaSparse-SpMM-CSR-pre-plus-solve,AlphaSparse-SpMM-CSR-best-pre-plus-solve,AlphaSparseLib CSR PER MATRIX BEST,per-matrix-best,AlphaSparse-SpMM-CSR,best,pre-plus-solve,"csr-alg1,csr-alg2,csr-alg3,csr-alg4,csr-alg5",manual-selection,csr,ALPHASPARSE_SPMM_CSR_ALG4,workspace-setup,spmm.csr.fp64,fp64,A100-SXM4-80GB,A100-SXM4-80GB,,9700.0,752b02ae-c4ef-54eb-ad5c-0957985c94ee,suitesparse_all,HB/nos4,nos4,100,100,594,2,row-major,N,N,1.0,0.0,20260922,main,pass,pass,0,0,2376.0,0.01122,0.0103936001658,0.0216136001658,0.0109546001658,0.2286022131020775,0.1099307834776935,0.21689518230138743,0.0023567238464131703,0.0011333070461617886,0.0022360328072307985,AlphaSparse 248af573c867cf4c7e05d40c611c7c34ebac4715,CUDA,13040,13000,2026-10-08T06:54:25.803667+00:00,derived,csr-alg4,0,0,,,,5,20,4,true
3,A100-SXM4-80GB-suitesparse_all-fp64-n2-row-major-AlphaSparse-SpMM-CSR-pre-plus-solve,AlphaSparse-SpMM-CSR-best-pre-plus-solve,AlphaSparseLib CSR PER MATRIX BEST,per-matrix-best,AlphaSparse-SpMM-CSR,best,pre-plus-solve,"csr-alg1,csr-alg2,csr-alg3,csr-alg4,csr-alg5",manual-selection,csr,ALPHASPARSE_SPMM_CSR_ALG1,workspace-setup,spmm.csr.fp64,fp64,A100-SXM4-80GB,A100-SXM4-80GB,,9700.0,152f8cc9-7213-5fba-8430-8cd9341fa530,suitesparse_all,HB/nos5,nos5,468,468,5172,2,row-major,N,N,1.0,0.0,20260922,main,pass,pass,0,0,20688.0,0.02084,0.00983040034771,0.0306704003477,0.0108724003477,2.1044921130622405,0.6745265717260652,1.902799688973598,0.0216957949800231,0.00695388218274294,0.019616491638903073,AlphaSparse 248af573c867cf4c7e05d40c611c7c34ebac4715,CUDA,13040,13000,2026-10-07T22:24:37.590518+00:00,derived,csr-alg1,0,0,,,,5,20,4,true
3,A100-SXM4-80GB-suitesparse_all-fp64-n2-row-major-AlphaSparse-SpMM-CSR-pre-plus-solve,AlphaSparse-SpMM-CSR-best-pre-plus-solve,AlphaSparseLib CSR PER MATRIX BEST,per-matrix-best,AlphaSparse-SpMM-CSR,best,pre-plus-solve,"csr-alg1,csr-alg2,csr-alg3,csr-alg4,csr-alg5",manual-selection,csr,ALPHASPARSE_SPMM_CSR_ALG1,workspace-setup,spmm.csr.fp64,fp64,A100-SXM4-80GB,A100-SXM4-80GB,,9700.0,a0827285-e98d-55a9-b486-73107367c8f5,suitesparse_all,HB/nos6,nos6,675,675,3255,2,row-major,N,N,1.0,0.0,20260922,main,pass,pass,0,0,13020.0,0.01855,0.00445440001786,0.0230044000179,0.00538190001786,2.9229525744872635,0.565978681898636,2.4192199700464023,0.030133531695744984,0.005834831772150886,0.024940412062334046,AlphaSparse 248af573c867cf4c7e05d40c611c7c34ebac4715,CUDA,13040,13000,2026-10-06T07:03:10.070040+00:00,derived,csr-alg1,0,0,,,,5,20,4,true
3,A100-SXM4-80GB-suitesparse_all-fp64-n2-row-major-AlphaSparse-SpMM-CSR-pre-plus-solve,AlphaSparse-SpMM-CSR-best-pre-plus-solve,AlphaSparseLib CSR PER MATRIX BEST,per-matrix-best,AlphaSparse-SpMM-CSR,best,pre-plus-solve,"csr-alg1,csr-alg2,csr-alg3,csr-alg4,csr-alg5",manual-selection,csr,ALPHASPARSE_SPMM_CSR_ALG1,workspace-setup,spmm.csr.fp64,fp64,A100-SXM4-80GB,A100-SXM4-80GB,,9700.0,dd6a9a30-d69d-5ea7-834e-7b0f3242a57c,suitesparse_all,HB/nos7,nos7,729,729,4617,2,row-major,N,N,1.0,0.0,20260922,main,pass,pass,0,0,18468.0,0.01333,0.00573440007865,0.0190644000787,0.00640090007865,3.2205635718998806,0.968716556711043,2.8852192305890587,0.033201686308246194,0.00998676862588704,0.029744528150402665,AlphaSparse 248af573c867cf4c7e05d40c611c7c34ebac4715,CUDA,13040,13000,2026-10-06T19:48:09.018705+00:00,derived,csr-alg1,0,0,,,,5,20,4,true
3,A100-SXM4-80GB-suitesparse_all-fp64-n2-row-major-AlphaSparse-SpMM-CSR-pre-plus-solve,AlphaSparse-SpMM-CSR-best-pre-plus-solve,AlphaSparseLib CSR PER MATRIX BEST,per-matrix-best,AlphaSparse-SpMM-CSR,best,pre-plus-solve,"csr-alg1,csr-alg2,csr-alg3,csr-alg4,csr-alg5",manual-selection,csr,ALPHASPARSE_SPMM_CSR_ALG5,workspace-setup,spmm.csr.fp64,fp64,A100-SXM4-80GB,A100-SXM4-80GB,,9700.0,005fdebf-9ece-5bc0-9d3c-6fda0356699d,suitesparse_all,HB/orani678,orani678,2529,2529,90158,2,row-major,N,N,1.0,0.0,20260922,main,pass,pass,0,0,360632.0,0.01357,0.0156672000885,0.0292372000885,0.0163457000885,23.0182800987338,12.334696855662626,22.062805389028412,0.23730185668797732,0.12716182325425388,0.22745160194874653,AlphaSparse 248af573c867cf4c7e05d40c611c7c34ebac4715,CUDA,13040,13000,2026-10-08T15:30:27.933838+00:00,derived,csr-alg5,0,0,,,,5,20,4,true
3,A100-SXM4-80GB-suitesparse_all-fp64-n2-row-major-AlphaSparse-SpMM-CSR-pre-plus-solve,AlphaSparse-SpMM-CSR-best-pre-plus-solve,AlphaSparseLib CSR PER MATRIX BEST,per-matrix-best,AlphaSparse-SpMM-CSR,best,pre-plus-solve,"csr-alg1,csr-alg2,csr-alg3,csr-alg4,csr-alg5",manual-selection,csr,ALPHASPARSE_SPMM_CSR_ALG1,workspace-setup,spmm.csr.fp64,fp64,A100-SXM4-80GB,A100-SXM4-80GB,,9700.0,d94c6f41-d28e-5f45-abb9-189a8a3b4f78,suitesparse_all,HB/orsirr_1,orsirr_1,1030,1030,6858,2,row-major,N,N,1.0,0.0,20260922,main,pass,pass,0,0,27432.0,0.01377,0.0105471998453,0.0243171998453,0.0112356998453,2.6008798925170775,1.1280904123219608,2.4415034557437973,0.026813194768217294,0.011629798065174854,0.02517013871900822,AlphaSparse 248af573c867cf4c7e05d40c611c7c34ebac4715,CUDA,13040,13000,2026-10-06T01:49:23.424403+00:00,derived,csr-alg1,0,0,,,,5,20,4,true
3,A100-SXM4-80GB-suitesparse_all-fp64-n2-row-major-AlphaSparse-SpMM-CSR-pre-plus-solve,AlphaSparse-SpMM-CSR-best-pre-plus-solve,AlphaSparseLib CSR PER MATRIX BEST,per-matrix-best,AlphaSparse-SpMM-CSR,best,pre-plus-solve,"csr-alg1,csr-alg2,csr-alg3,csr-alg4,csr-alg5",manual-selection,csr,ALPHASPARSE_SPMM_CSR_ALG1,workspace-setup,spmm.csr.fp64,fp64,A100-SXM4-80GB,A100-SXM4-80GB,,9700.0,018f64fd-81d1-5f6a-986f-7d386c913e5c,suitesparse_all,HB/orsirr_2,orsirr_2,886,886,5970,2,row-major,N,N,1.0,0.0,20260922,main,pass,pass,0,0,23880.0,0.01606,0.00778239965439,0.0238423996544,0.00858539965439,3.0684623073205253,1.001577036965449,2.781466322047031,0.031633632034232216,0.01032553646356133,0.028674910536567327,AlphaSparse 248af573c867cf4c7e05d40c611c7c34ebac4715,CUDA,13040,13000,2026-10-06T20:26:00.988257+00:00,derived,csr-alg1,0,0,,,,5,20,4,true
3,A100-SXM4-80GB-suitesparse_all-fp64-n2-row-major-AlphaSparse-SpMM-CSR-pre-plus-solve,AlphaSparse-SpMM-CSR-best-pre-plus-solve,AlphaSparseLib CSR PER MATRIX BEST,per-matrix-best,AlphaSparse-SpMM-CSR,best,pre-plus-solve,"csr-alg1,csr-alg2,csr-alg3,csr-alg4,csr-alg5",manual-selection,csr,ALPHASPARSE_SPMM_CSR_ALG2,workspace-setup,spmm.csr.fp64,fp64,A100-SXM4-80GB,A100-SXM4-80GB,,9700.0,752b02ae-c4ef-54eb-ad5c-0957985c94ee,suitesparse_all,HB/plat1919,plat1919,1919,1919,32399,2,row-major,N,N,1.0,0.0,20260922,main,pass,pass,0,0,129596.0,0.01213,0.014899200201,0.027029200201,0.015505700201,8.698185020112813,4.794666473157624,8.357958577816566,0.08967201051662695,0.04942955126966622,0.08616452142078934,AlphaSparse 248af573c867cf4c7e05d40c611c7c34ebac4715,CUDA,13040,13000,2026-10-08T04:50:52.388443+00:00,derived,csr-alg2,0,0,,,,5,20,4,true
3,A100-SXM4-80GB-suitesparse_all-fp64-n2-row-major-AlphaSparse-SpMM-CSR-pre-plus-solve,AlphaSparse-SpMM-CSR-best-pre-plus-solve,AlphaSparseLib CSR PER MATRIX BEST,per-matrix-best,AlphaSparse-SpMM-CSR,best,pre-plus-solve,"csr-alg1,csr-alg2,csr-alg3,csr-alg4,csr-alg5",manual-selection,csr,ALPHASPARSE_SPMM_CSR_ALG2,workspace-setup,spmm.csr.fp64,fp64,A100-SXM4-80GB,A100-SXM4-80GB,,9700.0,152f8cc9-7213-5fba-8430-8cd9341fa530,suitesparse_all,HB/plat362,plat362,362,362,5786,2,row-major,N,N,1.0,0.0,20260922,main,pass,pass,0,0,23144.0,0.01758,0.0136191993952,0.0311991993952,0.0144981993952,1.6993656769690115,0.7418139070440605,1.5963361634867854,0.017519233783185685,0.007647566052000623,0.01645707385037923,AlphaSparse 248af573c867cf4c7e05d40c611c7c34ebac4715,CUDA,13040,13000,2026-10-07T23:22:52.096120+00:00,derived,csr-alg2,0,0,,,,5,20,4,true
3,A100-SXM4-80GB-suitesparse_all-fp64-n2-row-major-AlphaSparse-SpMM-CSR-pre-plus-solve,AlphaSparse-SpMM-CSR-best-pre-plus-solve,AlphaSparseLib CSR PER MATRIX BEST,per-matrix-best,AlphaSparse-SpMM-CSR,best,pre-plus-solve,"csr-alg1,csr-alg2,csr-alg3,csr-alg4,csr-alg5",manual-selection,csr,ALPHASPARSE_SPMM_CSR_ALG1,workspace-setup,spmm.csr.fp64,fp64,A100-SXM4-80GB,A100-SXM4-80GB,,9700.0,a0827285-e98d-55a9-b486-73107367c8f5,suitesparse_all,HB/plsk1919,plsk1919,1919,1919,9662,2,row-major,N,N,1.0,0.0,20260922,main,pass,pass,0,0,38648.0,0.023611,0.00599040016532,0.0296014001653,0.00717095016532,6.451655804856482,1.3056139163749696,5.389522881766583,0.06651191551398435,0.013459937282216183,0.05556209156460395,AlphaSparse 248af573c867cf4c7e05d40c611c7c34ebac4715,CUDA,13040,13000,2026-10-06T07:03:10.673525+00:00,derived,csr-alg1,0,0,,,,5,20,4,true
3,A100-SXM4-80GB-suitesparse_all-fp64-n2-row-major-AlphaSparse-SpMM-CSR-pre-plus-solve,AlphaSparse-SpMM-CSR-best-pre-plus-solve,AlphaSparseLib CSR PER MATRIX BEST,per-matrix-best,AlphaSparse-SpMM-CSR,best,pre-plus-solve,"csr-alg1,csr-alg2,csr-alg3,csr-alg4,csr-alg5",manual-selection,csr,ALPHASPARSE_SPMM_CSR_ALG5,workspace-setup,spmm.csr.fp64,fp64,A100-SXM4-80GB,A100-SXM4-80GB,,9700.0,dd6a9a30-d69d-5ea7-834e-7b0f3242a57c,suitesparse_all,HB/plskz362,plskz362,362,362,1760,2,row-major,N,N,1.0,0.0,20260922,main,pass,pass,0,0,7040.0,0.01294,0.0111616000533,0.0241016000533,0.0118086000533,0.630733941942184,0.2920967896086252,0.596175665889592,0.006502411772599835,0.00301130710936727,0.006146140885459711,AlphaSparse 248af573c867cf4c7e05d40c611c7c34ebac4715,CUDA,13040,13000,2026-10-06T22:20:04.469704+00:00,derived,csr-alg5,0,0,,,,5,20,4,true
3,A100-SXM4-80GB-suitesparse_all-fp64-n2-row-major-AlphaSparse-SpMM-CSR-pre-plus-solve,AlphaSparse-SpMM-CSR-best-pre-plus-solve,AlphaSparseLib CSR PER MATRIX BEST,per-matrix-best,AlphaSparse-SpMM-CSR,best,pre-plus-solve,"csr-alg1,csr-alg2,csr-alg3,csr-alg4,csr-alg5",manual-selection,csr,ALPHASPARSE_SPMM_CSR_ALG1,workspace-setup,spmm.csr.fp64,fp64,A100-SXM4-80GB,A100-SXM4-80GB,,9700.0,005fdebf-9ece-5bc0-9d3c-6fda0356699d,suitesparse_all,HB/pores_1,pores_1,30,30,180,2,row-major,N,N,1.0,0.0,20260922,main,pass,pass,0,0,720.0,0.01271,0.00479680001736,0.0175068000174,0.00543230001736,0.15010006616791668,0.041126876372860395,0.13254054409717728,0.0015474233625558421,0.0004239884162150557,0.0013663973618265699,AlphaSparse 248af573c867cf4c7e05d40c611c7c34ebac4715,CUDA,13040,13000,2026-10-08T13:52:57.912113+00:00,derived,csr-alg1,0,0,,,,5,20,4,true
3,A100-SXM4-80GB-suitesparse_all-fp64-n2-row-major-AlphaSparse-SpMM-CSR-pre-plus-solve,AlphaSparse-SpMM-CSR-best-pre-plus-solve,AlphaSparseLib CSR PER MATRIX BEST,per-matrix-best,AlphaSparse-SpMM-CSR,best,pre-plus-solve,"csr-alg1,csr-alg2,csr-alg3,csr-alg4,csr-alg5",manual-selection,csr,ALPHASPARSE_SPMM_CSR_ALG1,workspace-setup,spmm.csr.fp64,fp64,A100-SXM4-80GB,A100-SXM4-80GB,,9700.0,d94c6f41-d28e-5f45-abb9-189a8a3b4f78,suitesparse_all,HB/pores_2,pores_2,1224,1224,9613,2,row-major,N,N,1.0,0.0,20260922,main,pass,pass,0,0,38452.0,0.01445,0.0103936001658,0.0248436001658,0.0111161001658,3.6995843005896822,1.5477627937730816,3.459126800449508,0.038140044335976106,0.01595631746157816,0.035661101035561936,AlphaSparse 248af573c867cf4c7e05d40c611c7c34ebac4715,CUDA,13040,13000,2026-10-06T01:49:24.085575+00:00,derived,csr-alg1,0,0,,,,5,20,4,true
3,A100-SXM4-80GB-suitesparse_all-fp64-n2-row-major-AlphaSparse-SpMM-CSR-pre-plus-solve,AlphaSparse-SpMM-CSR-best-pre-plus-solve,AlphaSparseLib CSR PER MATRIX BEST,per-matrix-best,AlphaSparse-SpMM-CSR,best,pre-plus-solve,"csr-alg1,csr-alg2,csr-alg3,csr-alg4,csr-alg5",manual-selection,csr,ALPHASPARSE_SPMM_CSR_ALG1,workspace-setup,spmm.csr.fp64,fp64,A100-SXM4-80GB,A100-SXM4-80GB,,9700.0,018f64fd-81d1-5f6a-986f-7d386c913e5c,suitesparse_all,HB/pores_3,pores_3,532,532,3474,2,row-major,N,N,1.0,0.0,20260922,main,pass,pass,0,0,13896.0,0.01686,0.00793600007892,0.0247960000789,0.00877900007892,1.7510080471031308,0.5604129680506298,1.5828681939947653,0.01805162935157867,0.005777453278872472,0.016318228804069745,AlphaSparse 248af573c867cf4c7e05d40c611c7c34ebac4715,CUDA,13040,13000,2026-10-06T20:26:01.619912+00:00,derived,csr-alg1,0,0,,,,5,20,4,true
3,A100-SXM4-80GB-suitesparse_all-fp64-n2-row-major-AlphaSparse-SpMM-CSR-pre-plus-solve,AlphaSparse-SpMM-CSR-best-pre-plus-solve,AlphaSparseLib CSR PER MATRIX BEST,per-matrix-best,AlphaSparse-SpMM-CSR,best,pre-plus-solve,"csr-alg1,csr-alg2,csr-alg3,csr-alg4,csr-alg5",manual-selection,csr,ALPHASPARSE_SPMM_CSR_ALG5,workspace-setup,spmm.csr.fp64,fp64,A100-SXM4-80GB,A100-SXM4-80GB,,9700.0,752b02ae-c4ef-54eb-ad5c-0957985c94ee,suitesparse_all,HB/psmigr_2,psmigr_2,3140,3140,540022,2,row-major,N,N,1.0,0.0,20260922,main,pass,pass,0,0,2160088.0,0.01336,0.0293375998735,0.0426975998735,0.0300055998735,73.628654331439,50.59038462114226,71.9894955977108,0.7590582920766906,0.5215503569189924,0.7421597484300082,AlphaSparse 248af573c867cf4c7e05d40c611c7c34ebac4715,CUDA,13040,13000,2026-10-08T07:55:27.332848+00:00,derived,csr-alg5,0,0,,,,5,20,4,true
3,A100-SXM4-80GB-suitesparse_all-fp64-n2-row-major-AlphaSparse-SpMM-CSR-pre-plus-solve,AlphaSparse-SpMM-CSR-best-pre-plus-solve,AlphaSparseLib CSR PER MATRIX BEST,per-matrix-best,AlphaSparse-SpMM-CSR,best,pre-plus-solve,"csr-alg1,csr-alg2,csr-alg3,csr-alg4,csr-alg5",manual-selection,csr,ALPHASPARSE_SPMM_CSR_ALG5,workspace-setup,spmm.csr.fp64,fp64,A100-SXM4-80GB,A100-SXM4-80GB,,9700.0,152f8cc9-7213-5fba-8430-8cd9341fa530,suitesparse_all,HB/psmigr_3,psmigr_3,3140,3140,543162,2,row-major,N,N,1.0,0.0,20260922,main,pass,pass,0,0,2172648.0,0.02261,0.028876799345,0.051486799345,0.030007299345,75.23853229170956,42.19815618060925,72.4039832782226,0.7756549720794801,0.4350325379444253,0.7464328173012639,AlphaSparse 248af573c867cf4c7e05d40c611c7c34ebac4715,CUDA,13040,13000,2026-10-08T02:18:54.149693+00:00,derived,csr-alg5,0,0,,,,5,20,4,true
3,A100-SXM4-80GB-suitesparse_all-fp64-n2-row-major-AlphaSparse-SpMM-CSR-pre-plus-solve,AlphaSparse-SpMM-CSR-best-pre-plus-solve,AlphaSparseLib CSR PER MATRIX BEST,per-matrix-best,AlphaSparse-SpMM-CSR,best,pre-plus-solve,"csr-alg1,csr-alg2,csr-alg3,csr-alg4,csr-alg5",manual-selection,csr,ALPHASPARSE_SPMM_CSR_ALG5,workspace-setup,spmm.csr.fp64,fp64,A100-SXM4-80GB,A100-SXM4-80GB,,9700.0,a0827285-e98d-55a9-b486-73107367c8f5,suitesparse_all,HB/rgg010,rgg010,10,10,76,2,row-major,N,N,1.0,0.0,20260922,main,pass,pass,0,0,304.0,0.01276,0.00865920037031,0.0214192003703,0.00929720037031,0.03510716775215548,0.014192873438054596,0.03269801530477971,0.0003619295644552111,0.00014631828286654222,0.0003370929412863888,AlphaSparse 248af573c867cf4c7e05d40c611c7c34ebac4715,CUDA,13040,13000,2026-10-06T08:56:03.376698+00:00,derived,csr-alg5,0,0,,,,5,20,4,true
3,A100-SXM4-80GB-suitesparse_all-fp64-n2-row-major-AlphaSparse-SpMM-CSR-pre-plus-solve,AlphaSparse-SpMM-CSR-best-pre-plus-solve,AlphaSparseLib CSR PER MATRIX BEST,per-matrix-best,AlphaSparse-SpMM-CSR,best,pre-plus-solve,"csr-alg1,csr-alg2,csr-alg3,csr-alg4,csr-alg5",manual-selection,csr,ALPHASPARSE_SPMM_CSR_ALG1,workspace-setup,spmm.csr.fp64,fp64,A100-SXM4-80GB,A100-SXM4-80GB,,9700.0,dd6a9a30-d69d-5ea7-834e-7b0f3242a57c,suitesparse_all,HB/saylr1,saylr1,238,238,1128,2,row-major,N,N,1.0,0.0,20260922,main,pass,pass,0,0,4512.0,0.01243,0.00537599995732,0.0178059999573,0.00599749995732,0.8392857209487936,0.2533977317095408,0.7523134692969968,0.00865243011287416,0.0026123477495828946,0.00775580896182471,AlphaSparse 248af573c867cf4c7e05d40c611c7c34ebac4715,CUDA,13040,13000,2026-10-06T19:48:12.286031+00:00,derived,csr-alg1,0,0,,,,5,20,4,true
3,A100-SXM4-80GB-suitesparse_all-fp64-n2-row-major-AlphaSparse-SpMM-CSR-pre-plus-solve,AlphaSparse-SpMM-CSR-best-pre-plus-solve,AlphaSparseLib CSR PER MATRIX BEST,per-matrix-best,AlphaSparse-SpMM-CSR,best,pre-plus-solve,"csr-alg1,csr-alg2,csr-alg3,csr-alg4,csr-alg5",manual-selection,csr,ALPHASPARSE_SPMM_CSR_ALG1,workspace-setup,spmm.csr.fp64,fp64,A100-SXM4-80GB,A100-SXM4-80GB,,9700.0,005fdebf-9ece-5bc0-9d3c-6fda0356699d,suitesparse_all,HB/saylr3,saylr3,1000,1000,3750,2,row-major,N,N,1.0,0.0,20260922,main,pass,pass,0,0,15000.0,0.01842,0.00512639991939,0.0235463999194,0.00604739991939,2.9260300085571314,0.6370400592593954,2.4804048351267376,0.03016525782017661,0.006567423291333974,0.025571183867285956,AlphaSparse 248af573c867cf4c7e05d40c611c7c34ebac4715,CUDA,13040,13000,2026-10-08T13:52:58.730696+00:00,derived,csr-alg1,0,0,,,,5,20,4,true
3,A100-SXM4-80GB-suitesparse_all-fp64-n2-row-major-AlphaSparse-SpMM-CSR-pre-plus-solve,AlphaSparse-SpMM-CSR-best-pre-plus-solve,AlphaSparseLib CSR PER MATRIX BEST,per-matrix-best,AlphaSparse-SpMM-CSR,best,pre-plus-solve,"csr-alg1,csr-alg2,csr-alg3,csr-alg4,csr-alg5",manual-selection,csr,ALPHASPARSE_SPMM_CSR_ALG1,workspace-setup,spmm.csr.fp64,fp64,A100-SXM4-80GB,A100-SXM4-80GB,,9700.0,d94c6f41-d28e-5f45-abb9-189a8a3b4f78,suitesparse_all,HB/saylr4,saylr4,3564,3564,22316,2,row-major,N,N,1.0,0.0,20260922,main,pass,pass,0,0,89264.0,0.01332,0.00599040016532,0.0193104001653,0.00665640016532,14.901174802440202,4.6225867530391085,13.410251454692812,0.1536203587880433,0.047655533536485654,0.13825001499683312,AlphaSparse 248af573c867cf4c7e05d40c611c7c34ebac4715,CUDA,13040,13000,2026-10-06T01:49:24.757987+00:00,derived,csr-alg1,0,0,,,,5,20,4,true
3,A100-SXM4-80GB-suitesparse_all-fp64-n2-row-major-AlphaSparse-SpMM-CSR-pre-plus-solve,AlphaSparse-SpMM-CSR-best-pre-plus-solve,AlphaSparseLib CSR PER MATRIX BEST,per-matrix-best,AlphaSparse-SpMM-CSR,best,pre-plus-solve,"csr-alg1,csr-alg2,csr-alg3,csr-alg4,csr-alg5",manual-selection,csr,ALPHASPARSE_SPMM_CSR_ALG1,workspace-setup,spmm.csr.fp64,fp64,A100-SXM4-80GB,A100-SXM4-80GB,,9700.0,018f64fd-81d1-5f6a-986f-7d386c913e5c,suitesparse_all,HB/sherman1,sherman1,1000,1000,3750,2,row-major,N,N,1.0,0.0,20260922,main,pass,pass,0,0,15000.0,0.01557,0.00588800013065,0.0214580001307,0.00666650013065,2.547554291297899,0.6990399808293165,2.250056207309706,0.026263446302040194,0.007206597740508418,0.02319645574546089,AlphaSparse 248af573c867cf4c7e05d40c611c7c34ebac4715,CUDA,13040,13000,2026-10-06T20:26:02.234842+00:00,derived,csr-alg1,0,0,,,,5,20,4,true
3,A100-SXM4-80GB-suitesparse_all-fp64-n2-row-major-AlphaSparse-SpMM-CSR-pre-plus-solve,AlphaSparse-SpMM-CSR-best-pre-plus-solve,AlphaSparseLib CSR PER MATRIX BEST,per-matrix-best,AlphaSparse-SpMM-CSR,best,pre-plus-solve,"csr-alg1,csr-alg2,csr-alg3,csr-alg4,csr-alg5",manual-selection,csr,ALPHASPARSE_SPMM_CSR_ALG1,workspace-setup,spmm.csr.fp64,fp64,A100-SXM4-80GB,A100-SXM4-80GB,,9700.0,752b02ae-c4ef-54eb-ad5c-0957985c94ee,suitesparse_all,HB/sherman3,sherman3,5005,5005,20033,2,row-major,N,N,1.0,0.0,20260922,main,pass,pass,0,0,80132.0,0.01718,0.00665600001812,0.0238360000181,0.00751500001812,12.039062467225389,3.361805669539827,10.66294075938623,0.12411404605386998,0.03465779040762708,0.10992722432356938,AlphaSparse 248af573c867cf4c7e05d40c611c7c34ebac4715,CUDA,13040,13000,2026-10-08T03:31:13.740645+00:00,derived,csr-alg1,0,0,,,,5,20,4,true
3,A100-SXM4-80GB-suitesparse_all-fp64-n2-row-major-AlphaSparse-SpMM-CSR-pre-plus-solve,AlphaSparse-SpMM-CSR-best-pre-plus-solve,AlphaSparseLib CSR PER MATRIX BEST,per-matrix-best,AlphaSparse-SpMM-CSR,best,pre-plus-solve,"csr-alg1,csr-alg2,csr-alg3,csr-alg4,csr-alg5",manual-selection,csr,ALPHASPARSE_SPMM_CSR_ALG1,workspace-setup,spmm.csr.fp64,fp64,A100-SXM4-80GB,A100-SXM4-80GB,,9700.0,152f8cc9-7213-5fba-8430-8cd9341fa530,suitesparse_all,HB/sherman4,sherman4,1104,1104,3786,2,row-major,N,N,1.0,0.0,20260922,main,pass,pass,0,0,15144.0,0.02145,0.00630720034242,0.0277572003424,0.00737970034242,2.4010653186560145,0.5455881649874847,2.052115844453635,0.024753250707793967,0.005624620257602935,0.02115583344797562,AlphaSparse 248af573c867cf4c7e05d40c611c7c34ebac4715,CUDA,13040,13000,2026-10-07T22:24:40.287006+00:00,derived,csr-alg1,0,0,,,,5,20,4,true
3,A100-SXM4-80GB-suitesparse_all-fp64-n2-row-major-AlphaSparse-SpMM-CSR-pre-plus-solve,AlphaSparse-SpMM-CSR-best-pre-plus-solve,AlphaSparseLib CSR PER MATRIX BEST,per-matrix-best,AlphaSparse-SpMM-CSR,best,pre-plus-solve,"csr-alg1,csr-alg2,csr-alg3,csr-alg4,csr-alg5",manual-selection,csr,ALPHASPARSE_SPMM_CSR_ALG5,workspace-setup,spmm.csr.fp64,fp64,A100-SXM4-80GB,A100-SXM4-80GB,,9700.0,a0827285-e98d-55a9-b486-73107367c8f5,suitesparse_all,HB/sherman5,sherman5,3312,3312,20793,2,row-major,N,N,1.0,0.0,20260922,main,pass,pass,0,0,83172.0,0.01727,0.0127951994538,0.0300651994538,0.0136586994538,6.5002503712670965,2.766387767618409,6.089305960741426,0.06701289042543399,0.02851946152183927,0.06277635011073636,AlphaSparse 248af573c867cf4c7e05d40c611c7c34ebac4715,CUDA,13040,13000,2026-10-06T08:56:04.155390+00:00,derived,csr-alg5,0,0,,,,5,20,4,true
3,A100-SXM4-80GB-suitesparse_all-fp64-n2-row-major-AlphaSparse-SpMM-CSR-pre-plus-solve,AlphaSparse-SpMM-CSR-best-pre-plus-solve,AlphaSparseLib CSR PER MATRIX BEST,per-matrix-best,AlphaSparse-SpMM-CSR,best,pre-plus-solve,"csr-alg1,csr-alg2,csr-alg3,csr-alg4,csr-alg5",manual-selection,csr,ALPHASPARSE_SPMM_CSR_ALG2,workspace-setup,spmm.csr.fp64,fp64,A100-SXM4-80GB,A100-SXM4-80GB,,9700.0,dd6a9a30-d69d-5ea7-834e-7b0f3242a57c,suitesparse_all,HB/shl_0,shl_0,663,663,1687,2,row-major,N,N,1.0,0.0,20260922,main,pass,pass,0,0,6748.0,0.0138,0.0138239994645,0.0276239994645,0.0145139994645,0.48813659298301115,0.2442803406752144,0.46493042916978394,0.005032336010134136,0.00251835402757953,0.004793097207935917,AlphaSparse 248af573c867cf4c7e05d40c611c7c34ebac4715,CUDA,13040,13000,2026-10-06T20:27:28.378551+00:00,derived,csr-alg2,0,0,,,,5,20,4,true
3,A100-SXM4-80GB-suitesparse_all-fp64-n2-row-major-AlphaSparse-SpMM-CSR-pre-plus-solve,AlphaSparse-SpMM-CSR-best-pre-plus-solve,AlphaSparseLib CSR PER MATRIX BEST,per-matrix-best,AlphaSparse-SpMM-CSR,best,pre-plus-solve,"csr-alg1,csr-alg2,csr-alg3,csr-alg4,csr-alg5",manual-selection,csr,ALPHASPARSE_SPMM_CSR_ALG3,workspace-setup,spmm.csr.fp64,fp64,A100-SXM4-80GB,A100-SXM4-80GB,,9700.0,005fdebf-9ece-5bc0-9d3c-6fda0356699d,suitesparse_all,HB/shl_200,shl_200,663,663,1726,2,row-major,N,N,1.0,0.0,20260922,main,pass,pass,0,0,6904.0,0.01369,0.0117760002613,0.0254660002613,0.0124605002613,0.5862771609040232,0.27110657068875565,0.5540708523110057,0.006044094442309517,0.002794913099884079,0.005712070642381502,AlphaSparse 248af573c867cf4c7e05d40c611c7c34ebac4715,CUDA,13040,13000,2026-10-08T14:43:12.958827+00:00,derived,csr-alg3,0,0,,,,5,20,4,true
3,A100-SXM4-80GB-suitesparse_all-fp64-n2-row-major-AlphaSparse-SpMM-CSR-pre-plus-solve,AlphaSparse-SpMM-CSR-best-pre-plus-solve,AlphaSparseLib CSR PER MATRIX BEST,per-matrix-best,AlphaSparse-SpMM-CSR,best,pre-plus-solve,"csr-alg1,csr-alg2,csr-alg3,csr-alg4,csr-alg5",manual-selection,csr,ALPHASPARSE_SPMM_CSR_ALG3,workspace-setup,spmm.csr.fp64,fp64,A100-SXM4-80GB,A100-SXM4-80GB,,9700.0,d94c6f41-d28e-5f45-abb9-189a8a3b4f78,suitesparse_all,HB/shl_400,shl_400,663,663,1712,2,row-major,N,N,1.0,0.0,20260922,main,pass,pass,0,0,6848.0,0.01434,0.0115791998804,0.0259191998804,0.0122961998804,0.5914052845388345,0.26420568657979415,0.5569200294894061,0.006096961696276644,0.002723769964740146,0.005741443602983568,AlphaSparse 248af573c867cf4c7e05d40c611c7c34ebac4715,CUDA,13040,13000,2026-10-06T02:43:38.621415+00:00,derived,csr-alg3,0,0,,,,5,20,4,true
3,A100-SXM4-80GB-suitesparse_all-fp64-n2-row-major-AlphaSparse-SpMM-CSR-pre-plus-solve,AlphaSparse-SpMM-CSR-best-pre-plus-solve,AlphaSparseLib CSR PER MATRIX BEST,per-matrix-best,AlphaSparse-SpMM-CSR,best,pre-plus-solve,"csr-alg1,csr-alg2,csr-alg3,csr-alg4,csr-alg5",manual-selection,csr,ALPHASPARSE_SPMM_CSR_ALG1,workspace-setup,spmm.csr.fp64,fp64,A100-SXM4-80GB,A100-SXM4-80GB,,9700.0,018f64fd-81d1-5f6a-986f-7d386c913e5c,suitesparse_all,HB/sstmodel,sstmodel,3345,3345,22749,2,row-major,N,N,1.0,0.0,20260922,main,pass,pass,0,0,90996.0,0.01495,0.00885759964585,0.0238075996459,0.00960509964585,10.273212115952186,3.822140885827219,9.473717437102895,0.10590940325723903,0.03940351428687854,0.09766719007322572,AlphaSparse 248af573c867cf4c7e05d40c611c7c34ebac4715,CUDA,13040,13000,2026-10-06T20:26:02.856855+00:00,derived,csr-alg1,0,0,,,,5,20,4,true
3,A100-SXM4-80GB-suitesparse_all-fp64-n2-row-major-AlphaSparse-SpMM-CSR-pre-plus-solve,AlphaSparse-SpMM-CSR-best-pre-plus-solve,AlphaSparseLib CSR PER MATRIX BEST,per-matrix-best,AlphaSparse-SpMM-CSR,best,pre-plus-solve,"csr-alg1,csr-alg2,csr-alg3,csr-alg4,csr-alg5",manual-selection,csr,ALPHASPARSE_SPMM_CSR_ALG5,workspace-setup,spmm.csr.fp64,fp64,A100-SXM4-80GB,A100-SXM4-80GB,,9700.0,752b02ae-c4ef-54eb-ad5c-0957985c94ee,suitesparse_all,HB/steam2,steam2,600,600,13760,2,row-major,N,N,1.0,0.0,20260922,main,pass,pass,0,0,55040.0,0.01362,0.0131439998746,0.0267639998746,0.0138249998746,4.187461999779956,2.0564938072741117,3.9811935261657627,0.04316971133793769,0.02120096708530012,0.04104323222851302,AlphaSparse 248af573c867cf4c7e05d40c611c7c34ebac4715,CUDA,13040,13000,2026-10-08T07:55:28.726447+00:00,derived,csr-alg5,0,0,,,,5,20,4,true
3,A100-SXM4-80GB-suitesparse_all-fp64-n2-row-major-AlphaSparse-SpMM-CSR-pre-plus-solve,AlphaSparse-SpMM-CSR-best-pre-plus-solve,AlphaSparseLib CSR PER MATRIX BEST,per-matrix-best,AlphaSparse-SpMM-CSR,best,pre-plus-solve,"csr-alg1,csr-alg2,csr-alg3,csr-alg4,csr-alg5",manual-selection,csr,ALPHASPARSE_SPMM_CSR_ALG1,workspace-setup,spmm.csr.fp64,fp64,A100-SXM4-80GB,A100-SXM4-80GB,,9700.0,152f8cc9-7213-5fba-8430-8cd9341fa530,suitesparse_all,HB/steam3,steam3,80,80,928,2,row-major,N,N,1.0,0.0,20260922,main,pass,pass,0,0,3712.0,0.02098,0.00690879970789,0.0278887997079,0.00795779970789,0.5372858031708192,0.13310002721087022,0.4664605966797111,0.005539028898668239,0.0013721652289780436,0.004808872130718672,AlphaSparse 248af573c867cf4c7e05d40c611c7c34ebac4715,CUDA,13040,13000,2026-10-07T22:24:41.121473+00:00,derived,csr-alg1,0,0,,,,5,20,4,true
3,A100-SXM4-80GB-suitesparse_all-fp64-n2-row-major-AlphaSparse-SpMM-CSR-pre-plus-solve,AlphaSparse-SpMM-CSR-best-pre-plus-solve,AlphaSparseLib CSR PER MATRIX BEST,per-matrix-best,AlphaSparse-SpMM-CSR,best,pre-plus-solve,"csr-alg1,csr-alg2,csr-alg3,csr-alg4,csr-alg5",manual-selection,csr,ALPHASPARSE_SPMM_CSR_ALG1,workspace-setup,spmm.csr.fp64,fp64,A100-SXM4-80GB,A100-SXM4-80GB,,9700.0,a0827285-e98d-55a9-b486-73107367c8f5,suitesparse_all,HB/str_0,str_0,363,363,2454,2,row-major,N,N,1.0,0.0,20260922,main,pass,pass,0,0,9816.0,0.01513,0.0113151997328,0.0264451997328,0.0120716997328,0.8675056765940962,0.3711826758421192,0.8131414976574475,0.008943357490660785,0.003826625524145559,0.008382902037705645,AlphaSparse 248af573c867cf4c7e05d40c611c7c34ebac4715,CUDA,13040,13000,2026-10-06T07:03:13.086532+00:00,derived,csr-alg1,0,0,,,,5,20,4,true
3,A100-SXM4-80GB-suitesparse_all-fp64-n2-row-major-AlphaSparse-SpMM-CSR-pre-plus-solve,AlphaSparse-SpMM-CSR-best-pre-plus-solve,AlphaSparseLib CSR PER MATRIX BEST,per-matrix-best,AlphaSparse-SpMM-CSR,best,pre-plus-solve,"csr-alg1,csr-alg2,csr-alg3,csr-alg4,csr-alg5",manual-selection,csr,ALPHASPARSE_SPMM_CSR_ALG1,workspace-setup,spmm.csr.fp64,fp64,A100-SXM4-80GB,A100-SXM4-80GB,,9700.0,dd6a9a30-d69d-5ea7-834e-7b0f3242a57c,suitesparse_all,HB/str_200,str_200,363,363,3068,2,row-major,N,N,1.0,0.0,20260922,main,pass,pass,0,0,12272.0,0.01387,0.01064959988,0.02451959988,0.01134309988,1.1523437629846427,0.5004975635842228,1.0818912052108283,0.0118798326080891,0.005159768696744565,0.011153517579493075,AlphaSparse 248af573c867cf4c7e05d40c611c7c34ebac4715,CUDA,13040,13000,2026-10-06T19:48:15.346662+00:00,derived,csr-alg1,0,0,,,,5,20,4,true
3,A100-SXM4-80GB-suitesparse_all-fp64-n2-row-major-AlphaSparse-SpMM-CSR-pre-plus-solve,AlphaSparse-SpMM-CSR-best-pre-plus-solve,AlphaSparseLib CSR PER MATRIX BEST,per-matrix-best,AlphaSparse-SpMM-CSR,best,pre-plus-solve,"csr-alg1,csr-alg2,csr-alg3,csr-alg4,csr-alg5",manual-selection,csr,ALPHASPARSE_SPMM_CSR_ALG1,workspace-setup,spmm.csr.fp64,fp64,A100-SXM4-80GB,A100-SXM4-80GB,,9700.0,005fdebf-9ece-5bc0-9d3c-6fda0356699d,suitesparse_all,HB/str_400,str_400,363,363,3157,2,row-major,N,N,1.0,0.0,20260922,main,pass,pass,0,0,12628.0,0.0129,0.00930079966784,0.0222007996678,0.00994579966784,1.3577327166463635,0.5688083397426278,1.2696817170803234,0.013997244501508903,0.005864003502501317,0.01308950223794148,AlphaSparse 248af573c867cf4c7e05d40c611c7c34ebac4715,CUDA,13040,13000,2026-10-08T13:53:00.284136+00:00,derived,csr-alg1,0,0,,,,5,20,4,true
3,A100-SXM4-80GB-suitesparse_all-fp64-n2-row-major-AlphaSparse-SpMM-CSR-pre-plus-solve,AlphaSparse-SpMM-CSR-best-pre-plus-solve,AlphaSparseLib CSR PER MATRIX BEST,per-matrix-best,AlphaSparse-SpMM-CSR,best,pre-plus-solve,"csr-alg1,csr-alg2,csr-alg3,csr-alg4,csr-alg5",manual-selection,csr,ALPHASPARSE_SPMM_CSR_ALG5,workspace-setup,spmm.csr.fp64,fp64,A100-SXM4-80GB,A100-SXM4-80GB,,9700.0,d94c6f41-d28e-5f45-abb9-189a8a3b4f78,suitesparse_all,HB/str_600,str_600,363,363,3279,2,row-major,N,N,1.0,0.0,20260922,main,pass,pass,0,0,13116.0,0.01222,0.0108464002609,0.0230664002609,0.0114574002609,1.209249122704944,0.5686192839648678,1.1447623109371683,0.012466485801081896,0.005862054473864617,0.0118016733086306,AlphaSparse 248af573c867cf4c7e05d40c611c7c34ebac4715,CUDA,13040,13000,2026-10-06T03:31:54.083469+00:00,derived,csr-alg5,0,0,,,,5,20,4,true
3,A100-SXM4-80GB-suitesparse_all-fp64-n2-row-major-AlphaSparse-SpMM-CSR-pre-plus-solve,AlphaSparse-SpMM-CSR-best-pre-plus-solve,AlphaSparseLib CSR PER MATRIX BEST,per-matrix-best,AlphaSparse-SpMM-CSR,best,pre-plus-solve,"csr-alg1,csr-alg2,csr-alg3,csr-alg4,csr-alg5",manual-selection,csr,ALPHASPARSE_SPMM_CSR_ALG1,workspace-setup,spmm.csr.fp64,fp64,A100-SXM4-80GB,A100-SXM4-80GB,,9700.0,018f64fd-81d1-5f6a-986f-7d386c913e5c,suitesparse_all,HB/watt_1,watt_1,1856,1856,11360,2,row-major,N,N,1.0,0.0,20260922,main,pass,pass,0,0,45440.0,0.01693,0.00563200004399,0.022562000044,0.00647850004399,8.068181755163474,2.014005846617487,7.013969235387126,0.08317713149653065,0.020762946872345225,0.072308961189558,AlphaSparse 248af573c867cf4c7e05d40c611c7c34ebac4715,CUDA,13040,13000,2026-10-06T20:26:03.506669+00:00,derived,csr-alg1,0,0,,,,5,20,4,true
3,A100-SXM4-80GB-suitesparse_all-fp64-n2-row-major-AlphaSparse-SpMM-CSR-pre-plus-solve,AlphaSparse-SpMM-CSR-best-pre-plus-solve,AlphaSparseLib CSR PER MATRIX BEST,per-matrix-best,AlphaSparse-SpMM-CSR,best,pre-plus-solve,"csr-alg1,csr-alg2,csr-alg3,csr-alg4,csr-alg5",manual-selection,csr,ALPHASPARSE_SPMM_CSR_ALG1,workspace-setup,spmm.csr.fp64,fp64,A100-SXM4-80GB,A100-SXM4-80GB,,9700.0,752b02ae-c4ef-54eb-ad5c-0957985c94ee,suitesparse_all,HB/well1033,well1033,1033,320,4732,2,row-major,N,N,1.0,0.0,20260922,main,pass,pass,0,0,18928.0,0.01771,0.00573440007865,0.0234444000787,0.00661990007865,3.3007812047282292,0.8073569780613284,2.859257658743997,0.03402867221369309,0.008323267815065242,0.02947688307983502,AlphaSparse 248af573c867cf4c7e05d40c611c7c34ebac4715,CUDA,13040,13000,2026-10-08T03:31:15.424688+00:00,derived,csr-alg1,0,0,,,,5,20,4,true
3,A100-SXM4-80GB-suitesparse_all-fp64-n2-row-major-AlphaSparse-SpMM-CSR-pre-plus-solve,AlphaSparse-SpMM-CSR-best-pre-plus-solve,AlphaSparseLib CSR PER MATRIX BEST,per-matrix-best,AlphaSparse-SpMM-CSR,best,pre-plus-solve,"csr-alg1,csr-alg2,csr-alg3,csr-alg4,csr-alg5",manual-selection,csr,ALPHASPARSE_SPMM_CSR_ALG1,workspace-setup,spmm.csr.fp64,fp64,A100-SXM4-80GB,A100-SXM4-80GB,,9700.0,152f8cc9-7213-5fba-8430-8cd9341fa530,suitesparse_all,HB/well1850,well1850,1850,712,8758,2,row-major,N,N,1.0,0.0,20260922,main,pass,pass,0,0,35032.0,0.02253,0.00560959987342,0.0281395998734,0.00673609987342,6.245008697677767,1.2449359677326222,5.200635480217995,0.06438153296575017,0.01283439141992394,0.05361479876513397,AlphaSparse 248af573c867cf4c7e05d40c611c7c34ebac4715,CUDA,13040,13000,2026-10-07T22:24:41.909069+00:00,derived,csr-alg1,0,0,,,,5,20,4,true
3,A100-SXM4-80GB-suitesparse_all-fp64-n2-row-major-AlphaSparse-SpMM-CSR-pre-plus-solve,AlphaSparse-SpMM-CSR-best-pre-plus-solve,AlphaSparseLib CSR PER MATRIX BEST,per-matrix-best,AlphaSparse-SpMM-CSR,best,pre-plus-solve,"csr-alg1,csr-alg2,csr-alg3,csr-alg4,csr-alg5",manual-selection,csr,ALPHASPARSE_SPMM_CSR_ALG1,workspace-setup,spmm.csr.fp64,fp64,A100-SXM4-80GB,A100-SXM4-80GB,,9700.0,a0827285-e98d-55a9-b486-73107367c8f5,suitesparse_all,HB/west0067,west0067,67,67,294,2,row-major,N,N,1.0,0.0,20260922,main,pass,pass,0,0,1176.0,0.01693,0.00501759983599,0.021947599836,0.00586409983599,0.2343750076610023,0.05358216883793561,0.20054228831209236,0.002416237192381467,0.0005523934931745939,0.002067446271258684,AlphaSparse 248af573c867cf4c7e05d40c611c7c34ebac4715,CUDA,13040,13000,2026-10-06T07:03:14.013431+00:00,derived,csr-alg1,0,0,,,,5,20,4,true
3,A100-SXM4-80GB-suitesparse_all-fp64-n2-row-major-AlphaSparse-SpMM-CSR-pre-plus-solve,AlphaSparse-SpMM-CSR-best-pre-plus-solve,AlphaSparseLib CSR PER MATRIX BEST,per-matrix-best,AlphaSparse-SpMM-CSR,best,pre-plus-solve,"csr-alg1,csr-alg2,csr-alg3,csr-alg4,csr-alg5",manual-selection,csr,ALPHASPARSE_SPMM_CSR_ALG1,workspace-setup,spmm.csr.fp64,fp64,A100-SXM4-80GB,A100-SXM4-80GB,,9700.0,dd6a9a30-d69d-5ea7-834e-7b0f3242a57c,suitesparse_all,HB/west0132,west0132,132,132,414,2,row-major,N,N,1.0,0.0,20260922,main,pass,pass,0,0,1656.0,0.01334,0.00706560015678,0.0204056001568,0.00773260015678,0.23437499479940677,0.08115419234303439,0.21415823480126633,0.0024162370597876986,0.0008366411581756123,0.0022078168536213026,AlphaSparse 248af573c867cf4c7e05d40c611c7c34ebac4715,CUDA,13040,13000,2026-10-06T19:48:16.465788+00:00,derived,csr-alg1,0,0,,,,5,20,4,true
3,A100-SXM4-80GB-suitesparse_all-fp64-n2-row-major-AlphaSparse-SpMM-CSR-pre-plus-solve,AlphaSparse-SpMM-CSR-best-pre-plus-solve,AlphaSparseLib CSR PER MATRIX BEST,per-matrix-best,AlphaSparse-SpMM-CSR,best,pre-plus-solve,"csr-alg1,csr-alg2,csr-alg3,csr-alg4,csr-alg5",manual-selection,csr,ALPHASPARSE_SPMM_CSR_ALG1,workspace-setup,spmm.csr.fp64,fp64,A100-SXM4-80GB,A100-SXM4-80GB,,9700.0,005fdebf-9ece-5bc0-9d3c-6fda0356699d,suitesparse_all,HB/west0156,west0156,156,156,371,2,row-major,N,N,1.0,0.0,20260922,main,pass,pass,0,0,1484.0,0.01224,0.00448159985244,0.0167215998524,0.00509359985244,0.33113174956752073,0.0887474890619994,0.29134601126728,0.00341372937698475,0.0009149225676494783,0.003003567126466804,AlphaSparse 248af573c867cf4c7e05d40c611c7c34ebac4715,CUDA,13040,13000,2026-10-08T13:53:01.183199+00:00,derived,csr-alg1,0,0,,,,5,20,4,true
3,A100-SXM4-80GB-suitesparse_all-fp64-n2-row-major-AlphaSparse-SpMM-CSR-pre-plus-solve,AlphaSparse-SpMM-CSR-best-pre-plus-solve,AlphaSparseLib CSR PER MATRIX BEST,per-matrix-best,AlphaSparse-SpMM-CSR,best,pre-plus-solve,"csr-alg1,csr-alg2,csr-alg3,csr-alg4,csr-alg5",manual-selection,csr,ALPHASPARSE_SPMM_CSR_ALG1,workspace-setup,spmm.csr.fp64,fp64,A100-SXM4-80GB,A100-SXM4-80GB,,9700.0,d94c6f41-d28e-5f45-abb9-189a8a3b4f78,suitesparse_all,HB/west0167,west0167,167,167,507,2,row-major,N,N,1.0,0.0,20260922,main,pass,pass,0,0,2028.0,0.01265,0.00762879997492,0.0202787999749,0.00826129997492,0.265834732417567,0.10000591763369374,0.24548194668595585,0.0027405642517274948,0.0010309888415844714,0.002530741718411916,AlphaSparse 248af573c867cf4c7e05d40c611c7c34ebac4715,CUDA,13040,13000,2026-10-06T01:49:27.100246+00:00,derived,csr-alg1,0,0,,,,5,20,4,true
3,A100-SXM4-80GB-suitesparse_all-fp64-n2-row-major-AlphaSparse-SpMM-CSR-pre-plus-solve,AlphaSparse-SpMM-CSR-best-pre-plus-solve,AlphaSparseLib CSR PER MATRIX BEST,per-matrix-best,AlphaSparse-SpMM-CSR,best,pre-plus-solve,"csr-alg1,csr-alg2,csr-alg3,csr-alg4,csr-alg5",manual-selection,csr,ALPHASPARSE_SPMM_CSR_ALG1,workspace-setup,spmm.csr.fp64,fp64,A100-SXM4-80GB,A100-SXM4-80GB,,9700.0,018f64fd-81d1-5f6a-986f-7d386c913e5c,suitesparse_all,HB/west0381,west0381,381,381,2157,2,row-major,N,N,1.0,0.0,20260922,main,pass,pass,0,0,8628.0,0.01462,0.0105471998453,0.0251671998453,0.0112781998453,0.8180370265615831,0.3428271739818241,0.7650157044872347,0.008433371407851373,0.0035343007626992174,0.007886759840074585,AlphaSparse 248af573c867cf4c7e05d40c611c7c34ebac4715,CUDA,13040,13000,2026-10-06T20:26:04.146871+00:00,derived,csr-alg1,0,0,,,,5,20,4,true
3,A100-SXM4-80GB-suitesparse_all-fp64-n2-row-major-AlphaSparse-SpMM-CSR-pre-plus-solve,AlphaSparse-SpMM-CSR-best-pre-plus-solve,AlphaSparseLib CSR PER MATRIX BEST,per-matrix-best,AlphaSparse-SpMM-CSR,best,pre-plus-solve,"csr-alg1,csr-alg2,csr-alg3,csr-alg4,csr-alg5",manual-selection,csr,ALPHASPARSE_SPMM_CSR_ALG4,workspace-setup,spmm.csr.fp64,fp64,A100-SXM4-80GB,A100-SXM4-80GB,,9700.0,752b02ae-c4ef-54eb-ad5c-0957985c94ee,suitesparse_all,HB/west0497,west0497,497,497,1727,2,row-major,N,N,1.0,0.0,20260922,main,pass,pass,0,0,6908.0,0.01145,0.0149504005909,0.0264004005909,0.0155229005909,0.4620611974909058,0.2616626962236751,0.4450199213444478,0.004763517499906246,0.002697553569316238,0.00458783424066441,AlphaSparse 248af573c867cf4c7e05d40c611c7c34ebac4715,CUDA,13040,13000,2026-10-08T06:54:30.097522+00:00,derived,csr-alg4,0,0,,,,5,20,4,true
3,A100-SXM4-80GB-suitesparse_all-fp64-n2-row-major-AlphaSparse-SpMM-CSR-pre-plus-solve,AlphaSparse-SpMM-CSR-best-pre-plus-solve,AlphaSparseLib CSR PER MATRIX BEST,per-matrix-best,AlphaSparse-SpMM-CSR,best,pre-plus-solve,"csr-alg1,csr-alg2,csr-alg3,csr-alg4,csr-alg5",manual-selection,csr,ALPHASPARSE_SPMM_CSR_ALG1,workspace-setup,spmm.csr.fp64,fp64,A100-SXM4-80GB,A100-SXM4-80GB,,9700.0,152f8cc9-7213-5fba-8430-8cd9341fa530,suitesparse_all,HB/west0655,west0655,655,655,2854,2,row-major,N,N,1.0,0.0,20260922,main,pass,pass,0,0,11416.0,0.022931,0.00732000023127,0.0302510002313,0.00846655023127,1.5595627922568187,0.3773759516284732,1.3483649996945188,0.01607796693048267,0.0038904737281285893,0.013900670099943493,AlphaSparse 248af573c867cf4c7e05d40c611c7c34ebac4715,CUDA,13040,13000,2026-10-07T22:24:42.789117+00:00,derived,csr-alg1,0,0,,,,5,20,4,true
3,A100-SXM4-80GB-suitesparse_all-fp64-n2-row-major-AlphaSparse-SpMM-CSR-pre-plus-solve,AlphaSparse-SpMM-CSR-best-pre-plus-solve,AlphaSparseLib CSR PER MATRIX BEST,per-matrix-best,AlphaSparse-SpMM-CSR,best,pre-plus-solve,"csr-alg1,csr-alg2,csr-alg3,csr-alg4,csr-alg5",manual-selection,csr,ALPHASPARSE_SPMM_CSR_ALG5,workspace-setup,spmm.csr.fp64,fp64,A100-SXM4-80GB,A100-SXM4-80GB,,9700.0,a0827285-e98d-55a9-b486-73107367c8f5,suitesparse_all,HB/west0989,west0989,989,989,3537,2,row-major,N,N,1.0,0.0,20260922,main,pass,pass,0,0,14148.0,0.0164,0.0117968000472,0.0281968000472,0.0126168000472,1.1993082821945484,0.5017590640185047,1.1213619893373687,0.01236400290922215,0.005172773855860873,0.011560432879766689,AlphaSparse 248af573c867cf4c7e05d40c611c7c34ebac4715,CUDA,13040,13000,2026-10-06T08:56:06.562556+00:00,derived,csr-alg5,0,0,,,,5,20,4,true
3,A100-SXM4-80GB-suitesparse_all-fp64-n2-row-major-AlphaSparse-SpMM-CSR-pre-plus-solve,AlphaSparse-SpMM-CSR-best-pre-plus-solve,AlphaSparseLib CSR PER MATRIX BEST,per-matrix-best,AlphaSparse-SpMM-CSR,best,pre-plus-solve,"csr-alg1,csr-alg2,csr-alg3,csr-alg4,csr-alg5",manual-selection,csr,ALPHASPARSE_SPMM_CSR_ALG1,workspace-setup,spmm.csr.fp64,fp64,A100-SXM4-80GB,A100-SXM4-80GB,,9700.0,dd6a9a30-d69d-5ea7-834e-7b0f3242a57c,suitesparse_all,HB/west1505,west1505,1505,1505,5445,2,row-major,N,N,1.0,0.0,20260922,main,pass,pass,0,0,21780.0,0.01407,0.00783360004425,0.0219036000443,0.00853710004425,2.780330866647564,0.9943570899737934,2.551217613370889,0.02866320481079963,0.010251104020348385,0.026301212508978235,AlphaSparse 248af573c867cf4c7e05d40c611c7c34ebac4715,CUDA,13040,13000,2026-10-06T19:48:18.406396+00:00,derived,csr-alg1,0,0,,,,5,20,4,true
3,A100-SXM4-80GB-suitesparse_all-fp64-n2-row-major-AlphaSparse-SpMM-CSR-pre-plus-solve,AlphaSparse-SpMM-CSR-best-pre-plus-solve,AlphaSparseLib CSR PER MATRIX BEST,per-matrix-best,AlphaSparse-SpMM-CSR,best,pre-plus-solve,"csr-alg1,csr-alg2,csr-alg3,csr-alg4,csr-alg5",manual-selection,csr,ALPHASPARSE_SPMM_CSR_ALG1,workspace-setup,spmm.csr.fp64,fp64,A100-SXM4-80GB,A100-SXM4-80GB,,9700.0,005fdebf-9ece-5bc0-9d3c-6fda0356699d,suitesparse_all,HB/west2021,west2021,2021,2021,7353,2,row-major,N,N,1.0,0.0,20260922,main,pass,pass,0,0,29412.0,0.01234,0.00624639987946,0.0185863998795,0.00686339987946,4.70863226299605,1.5824473911400223,4.285339702852063,0.048542600649443816,0.016313890630309507,0.044178759823217145,AlphaSparse 248af573c867cf4c7e05d40c611c7c34ebac4715,CUDA,13040,13000,2026-10-08T13:53:01.914993+00:00,derived,csr-alg1,0,0,,,,5,20,4,true
3,A100-SXM4-80GB-suitesparse_all-fp64-n2-row-major-AlphaSparse-SpMM-CSR-pre-plus-solve,AlphaSparse-SpMM-CSR-best-pre-plus-solve,AlphaSparseLib CSR PER MATRIX BEST,per-matrix-best,AlphaSparse-SpMM-CSR,best,pre-plus-solve,"csr-alg1,csr-alg2,csr-alg3,csr-alg4,csr-alg5",manual-selection,csr,ALPHASPARSE_SPMM_CSR_ALG1,workspace-setup,spmm.csr.fp64,fp64,A100-SXM4-80GB,A100-SXM4-80GB,,9700.0,d94c6f41-d28e-5f45-abb9-189a8a3b4f78,suitesparse_all,HB/will199,will199,199,199,701,2,row-major,N,N,1.0,0.0,20260922,main,pass,pass,0,0,2804.0,0.01473,0.00573440007865,0.0204644000787,0.00647090007865,0.48897878793628247,0.13701843148182452,0.43332457091270493,0.005041018432332809,0.00141256114929716,0.004467263617656751,AlphaSparse 248af573c867cf4c7e05d40c611c7c34ebac4715,CUDA,13040,13000,2026-10-06T01:49:27.730744+00:00,derived,csr-alg1,0,0,,,,5,20,4,true
3,A100-SXM4-80GB-suitesparse_all-fp64-n2-row-major-AlphaSparse-SpMM-CSR-pre-plus-solve,AlphaSparse-SpMM-CSR-best-pre-plus-solve,AlphaSparseLib CSR PER MATRIX BEST,per-matrix-best,AlphaSparse-SpMM-CSR,best,pre-plus-solve,"csr-alg1,csr-alg2,csr-alg3,csr-alg4,csr-alg5",manual-selection,csr,ALPHASPARSE_SPMM_CSR_ALG1,workspace-setup,spmm.csr.fp64,fp64,A100-SXM4-80GB,A100-SXM4-80GB,,9700.0,018f64fd-81d1-5f6a-986f-7d386c913e5c,suitesparse_all,HB/will57,will57,57,57,281,2,row-major,N,N,1.0,0.0,20260922,main,pass,pass,0,0,1124.0,0.01515,0.00609279982746,0.0212427998275,0.00685029982746,0.1844800472410365,0.05291204592272808,0.16408040937045587,0.0019018561571240878,0.0005454850095126606,0.0016915506120665552,AlphaSparse 248af573c867cf4c7e05d40c611c7c34ebac4715,CUDA,13040,13000,2026-10-06T20:26:04.789013+00:00,derived,csr-alg1,0,0,,,,5,20,4,true
3,A100-SXM4-80GB-suitesparse_all-fp64-n2-row-major-AlphaSparse-SpMM-CSR-pre-plus-solve,AlphaSparse-SpMM-CSR-best-pre-plus-solve,AlphaSparseLib CSR PER MATRIX BEST,per-matrix-best,AlphaSparse-SpMM-CSR,best,pre-plus-solve,"csr-alg1,csr-alg2,csr-alg3,csr-alg4,csr-alg5",manual-selection,csr,ALPHASPARSE_SPMM_CSR_ALG2,workspace-setup,spmm.csr.fp64,fp64,A100-SXM4-80GB,A100-SXM4-80GB,,9700.0,752b02ae-c4ef-54eb-ad5c-0957985c94ee,suitesparse_all,HB/wm2,wm2,207,260,2942,2,row-major,N,N,1.0,0.0,20260922,main,pass,pass,0,0,11768.0,0.0123,0.0138751998544,0.0261751998544,0.0144901998544,0.8481319277190966,0.4495858700395681,0.8121351063647756,0.008743628120815429,0.004634905876696579,0.008372526869739955,AlphaSparse 248af573c867cf4c7e05d40c611c7c34ebac4715,CUDA,13040,13000,2026-10-08T04:50:57.918146+00:00,derived,csr-alg2,0,0,,,,5,20,4,true
3,A100-SXM4-80GB-suitesparse_all-fp64-n2-row-major-AlphaSparse-SpMM-CSR-pre-plus-solve,AlphaSparse-SpMM-CSR-best-pre-plus-solve,AlphaSparseLib CSR PER MATRIX BEST,per-matrix-best,AlphaSparse-SpMM-CSR,best,pre-plus-solve,"csr-alg1,csr-alg2,csr-alg3,csr-alg4,csr-alg5",manual-selection,csr,ALPHASPARSE_SPMM_CSR_ALG2,workspace-setup,spmm.csr.fp64,fp64,A100-SXM4-80GB,A100-SXM4-80GB,,9700.0,152f8cc9-7213-5fba-8430-8cd9341fa530,suitesparse_all,HB/wm3,wm3,207,260,2948,2,row-major,N,N,1.0,0.0,20260922,main,pass,pass,0,0,11792.0,0.01643,0.0140799999237,0.0305099999237,0.0149014999237,0.8375000045384411,0.3864962317105756,0.7913297359580216,0.008634020665344752,0.003984497234129645,0.00815803851503115,AlphaSparse 248af573c867cf4c7e05d40c611c7c34ebac4715,CUDA,13040,13000,2026-10-07T23:22:56.858627+00:00,derived,csr-alg2,0,0,,,,5,20,4,true
3,A100-SXM4-80GB-suitesparse_all-fp64-n2-row-major-AlphaSparse-SpMM-CSR-pre-plus-solve,AlphaSparse-SpMM-CSR-best-pre-plus-solve,AlphaSparseLib CSR PER MATRIX BEST,per-matrix-best,AlphaSparse-SpMM-CSR,best,pre-plus-solve,"csr-alg1,csr-alg2,csr-alg3,csr-alg4,csr-alg5",manual-selection,csr,ALPHASPARSE_SPMM_CSR_ALG1,workspace-setup,spmm.csr.fp64,fp64,A100-SXM4-80GB,A100-SXM4-80GB,,9700.0,a0827285-e98d-55a9-b486-73107367c8f5,suitesparse_all,HB/young1c,young1c,841,841,4089,2,row-major,N,N,1.0,0.0,20260922,main,pass,pass,0,0,16356.0,0.01594,0.00547839999199,0.021418399992,0.00627539999199,2.9855432286642456,0.7636424759136601,2.6063677249063018,0.03077879617179635,0.007872602844470722,0.02686977035985878,AlphaSparse 248af573c867cf4c7e05d40c611c7c34ebac4715,CUDA,13040,13000,2026-10-06T07:03:15.517081+00:00,derived,csr-alg1,0,0,,,,5,20,4,true
3,A100-SXM4-80GB-suitesparse_all-fp64-n2-row-major-AlphaSparse-SpMM-CSR-pre-plus-solve,AlphaSparse-SpMM-CSR-best-pre-plus-solve,AlphaSparseLib CSR PER MATRIX BEST,per-matrix-best,AlphaSparse-SpMM-CSR,best,pre-plus-solve,"csr-alg1,csr-alg2,csr-alg3,csr-alg4,csr-alg5",manual-selection,csr,ALPHASPARSE_SPMM_CSR_ALG1,workspace-setup,spmm.csr.fp64,fp64,A100-SXM4-80GB,A100-SXM4-80GB,,9700.0,dd6a9a30-d69d-5ea7-834e-7b0f3242a57c,suitesparse_all,HB/young2c,young2c,841,841,4089,2,row-major,N,N,1.0,0.0,20260922,main,pass,pass,0,0,16356.0,0.01752,0.00547839999199,0.022998399992,0.00635439999199,2.9855432286642456,0.7111799084149089,2.5739645002860154,0.03077879617179635,0.007331751633143389,0.026535716497793977,AlphaSparse 248af573c867cf4c7e05d40c611c7c34ebac4715,CUDA,13040,13000,2026-10-06T19:48:20.020051+00:00,derived,csr-alg1,0,0,,,,5,20,4,true
3,A100-SXM4-80GB-suitesparse_all-fp64-n2-row-major-AlphaSparse-SpMM-CSR-pre-plus-solve,AlphaSparse-SpMM-CSR-best-pre-plus-solve,AlphaSparseLib CSR PER MATRIX BEST,per-matrix-best,AlphaSparse-SpMM-CSR,best,pre-plus-solve,"csr-alg1,csr-alg2,csr-alg3,csr-alg4,csr-alg5",manual-selection,csr,ALPHASPARSE_SPMM_CSR_ALG1,workspace-setup,spmm.csr.fp64,fp64,A100-SXM4-80GB,A100-SXM4-80GB,,9700.0,005fdebf-9ece-5bc0-9d3c-6fda0356699d,suitesparse_all,HB/young3c,young3c,841,841,3988,2,row-major,N,N,1.0,0.0,20260922,main,pass,pass,0,0,15952.0,0.01388,0.00583680011332,0.0197168001133,0.00653080011332,2.7330043329043225,0.809056231656959,2.4425797334487145,0.02817530240107549,0.00834078589337071,0.025181234365450667,AlphaSparse 248af573c867cf4c7e05d40c611c7c34ebac4715,CUDA,13040,13000,2026-10-08T13:53:02.553495+00:00,derived,csr-alg1,0,0,,,,5,20,4,true
3,A100-SXM4-80GB-suitesparse_all-fp64-n2-row-major-AlphaSparse-SpMM-CSR-pre-plus-solve,AlphaSparse-SpMM-CSR-best-pre-plus-solve,AlphaSparseLib CSR PER MATRIX BEST,per-matrix-best,AlphaSparse-SpMM-CSR,best,pre-plus-solve,"csr-alg1,csr-alg2,csr-alg3,csr-alg4,csr-alg5",manual-selection,csr,ALPHASPARSE_SPMM_CSR_ALG1,workspace-setup,spmm.csr.fp64,fp64,A100-SXM4-80GB,A100-SXM4-80GB,,9700.0,d94c6f41-d28e-5f45-abb9-189a8a3b4f78,suitesparse_all,HB/young4c,young4c,841,841,4089,2,row-major,N,N,1.0,0.0,20260922,main,pass,pass,0,0,16356.0,0.01366,0.00537599995732,0.0190359999573,0.00605899995732,3.0424107384393766,0.8592141225408931,2.699455374684396,0.03136505915916883,0.00885787755196797,0.027829436852416452,AlphaSparse 248af573c867cf4c7e05d40c611c7c34ebac4715,CUDA,13040,13000,2026-10-06T01:49:28.334471+00:00,derived,csr-alg1,0,0,,,,5,20,4,true
3,A100-SXM4-80GB-suitesparse_all-fp64-n2-row-major-AlphaSparse-SpMM-CSR-pre-plus-solve,AlphaSparse-SpMM-CSR-best-pre-plus-solve,AlphaSparseLib CSR PER MATRIX BEST,per-matrix-best,AlphaSparse-SpMM-CSR,best,pre-plus-solve,"csr-alg1,csr-alg2,csr-alg3,csr-alg4,csr-alg5",manual-selection,csr,ALPHASPARSE_SPMM_CSR_ALG5,workspace-setup,spmm.csr.fp64,fp64,A100-SXM4-80GB,A100-SXM4-80GB,,9700.0,018f64fd-81d1-5f6a-986f-7d386c913e5c,suitesparse_all,HB/zenios,zenios,2873,2873,27191,2,row-major,N,N,1.0,0.0,20260922,main,pass,pass,0,0,108764.0,0.0146,0.0146944001317,0.0292944001317,0.0154244001317,7.401731205438262,3.71279150660281,7.051424954703413,0.0763065072725594,0.03827620109899804,0.07269510262580837,AlphaSparse 248af573c867cf4c7e05d40c611c7c34ebac4715,CUDA,13040,13000,2026-10-06T23:06:13.963488+00:00,derived,csr-alg5,0,0,,,,5,20,4,true
3,A100-SXM4-80GB-suitesparse_all-fp64-n2-row-major-AlphaSparse-SpMM-CSR-pre-plus-solve,AlphaSparse-SpMM-CSR-best-pre-plus-solve,AlphaSparseLib CSR PER MATRIX BEST,per-matrix-best,AlphaSparse-SpMM-CSR,best,pre-plus-solve,"csr-alg1,csr-alg2,csr-alg3,csr-alg4,csr-alg5",manual-selection,csr,ALPHASPARSE_SPMM_CSR_ALG1,workspace-setup,spmm.csr.fp64,fp64,A100-SXM4-80GB,A100-SXM4-80GB,,9700.0,152f8cc9-7213-5fba-8430-8cd9341fa530,suitesparse_all,Hohn/fd12,fd12,7500,7500,28462,2,row-major,N,N,1.0,0.0,20260922,main,pass,pass,0,0,113848.0,0.01951,0.00634879991412,0.0258587999141,0.00732429991412,17.932207903858686,4.402679179938363,15.543874682209626,0.18486812272019262,0.04538844515400374,0.16024613074442912,AlphaSparse 248af573c867cf4c7e05d40c611c7c34ebac4715,CUDA,13040,13000,2026-10-07T22:25:55.311473+00:00,derived,csr-alg1,0,0,,,,5,20,4,true
3,A100-SXM4-80GB-suitesparse_all-fp64-n2-row-major-AlphaSparse-SpMM-CSR-pre-plus-solve,AlphaSparse-SpMM-CSR-best-pre-plus-solve,AlphaSparseLib CSR PER MATRIX BEST,per-matrix-best,AlphaSparse-SpMM-CSR,best,pre-plus-solve,"csr-alg1,csr-alg2,csr-alg3,csr-alg4,csr-alg5",manual-selection,csr,ALPHASPARSE_SPMM_CSR_ALG1,workspace-setup,spmm.csr.fp64,fp64,A100-SXM4-80GB,A100-SXM4-80GB,,9700.0,a0827285-e98d-55a9-b486-73107367c8f5,suitesparse_all,Hohn/fd15,fd15,11532,11532,44206,2,row-major,N,N,1.0,0.0,20260922,main,pass,pass,0,0,176824.0,0.02046,0.00536319985986,0.0258231998599,0.00638619985986,32.96986959658366,6.847486018747978,27.688453834872053,0.33989556285137795,0.07059263936853585,0.2854479776790933,AlphaSparse 248af573c867cf4c7e05d40c611c7c34ebac4715,CUDA,13040,13000,2026-10-06T07:04:51.422341+00:00,derived,csr-alg1,0,0,,,,5,20,4,true
3,A100-SXM4-80GB-suitesparse_all-fp64-n2-row-major-AlphaSparse-SpMM-CSR-pre-plus-solve,AlphaSparse-SpMM-CSR-best-pre-plus-solve,AlphaSparseLib CSR PER MATRIX BEST,per-matrix-best,AlphaSparse-SpMM-CSR,best,pre-plus-solve,"csr-alg1,csr-alg2,csr-alg3,csr-alg4,csr-alg5",manual-selection,csr,ALPHASPARSE_SPMM_CSR_ALG1,workspace-setup,spmm.csr.fp64,fp64,A100-SXM4-80GB,A100-SXM4-80GB,,9700.0,dd6a9a30-d69d-5ea7-834e-7b0f3242a57c,suitesparse_all,Hohn/fd18,fd18,16428,16428,63406,2,row-major,N,N,1.0,0.0,20260922,main,pass,pass,0,0,253624.0,0.01393,0.0055856000632,0.0195156000632,0.0062821000632,45.40675972684989,12.995962162508722,40.372486501083856,0.46811092501907103,0.1339789913660693,0.41621120104210163,AlphaSparse 248af573c867cf4c7e05d40c611c7c34ebac4715,CUDA,13040,13000,2026-10-06T19:50:22.397071+00:00,derived,csr-alg1,0,0,,,,5,20,4,true
3,A100-SXM4-80GB-suitesparse_all-fp64-n2-row-major-AlphaSparse-SpMM-CSR-pre-plus-solve,AlphaSparse-SpMM-CSR-best-pre-plus-solve,AlphaSparseLib CSR PER MATRIX BEST,per-matrix-best,AlphaSparse-SpMM-CSR,best,pre-plus-solve,"csr-alg1,csr-alg2,csr-alg3,csr-alg4,csr-alg5",manual-selection,csr,ALPHASPARSE_SPMM_CSR_ALG2,workspace-setup,spmm.csr.fp64,fp64,A100-SXM4-80GB,A100-SXM4-80GB,,9700.0,005fdebf-9ece-5bc0-9d3c-6fda0356699d,suitesparse_all,Hohn/sinc12,sinc12,7500,7500,294986,2,row-major,N,N,1.0,0.0,20260922,main,pass,pass,0,0,1179944.0,0.01418,0.0183807998896,0.0325607998896,0.0190897998896,64.19437712651566,36.238176089060914,61.81018171085313,0.661797702335213,0.37358944421712287,0.637218368153125,AlphaSparse 248af573c867cf4c7e05d40c611c7c34ebac4715,CUDA,13040,13000,2026-10-08T14:20:32.751350+00:00,derived,csr-alg2,0,0,,,,5,20,4,true
3,A100-SXM4-80GB-suitesparse_all-fp64-n2-row-major-AlphaSparse-SpMM-CSR-pre-plus-solve,AlphaSparse-SpMM-CSR-best-pre-plus-solve,AlphaSparseLib CSR PER MATRIX BEST,per-matrix-best,AlphaSparse-SpMM-CSR,best,pre-plus-solve,"csr-alg1,csr-alg2,csr-alg3,csr-alg4,csr-alg5",manual-selection,csr,ALPHASPARSE_SPMM_CSR_ALG5,workspace-setup,spmm.csr.fp64,fp64,A100-SXM4-80GB,A100-SXM4-80GB,,9700.0,d94c6f41-d28e-5f45-abb9-189a8a3b4f78,suitesparse_all,Hohn/sinc15,sinc15,11532,11532,568526,2,row-major,N,N,1.0,0.0,20260922,main,pass,pass,0,0,2274104.0,0.01388,0.0265215992928,0.0404015992928,0.0272155992928,85.74535701613465,56.28747474868574,83.55884342409553,0.8839727527436562,0.5802832448318118,0.8614313755061394,AlphaSparse 248af573c867cf4c7e05d40c611c7c34ebac4715,CUDA,13040,13000,2026-10-06T03:33:30.825770+00:00,derived,csr-alg5,0,0,,,,5,20,4,true
3,A100-SXM4-80GB-suitesparse_all-fp64-n2-row-major-AlphaSparse-SpMM-CSR-pre-plus-solve,AlphaSparse-SpMM-CSR-best-pre-plus-solve,AlphaSparseLib CSR PER MATRIX BEST,per-matrix-best,AlphaSparse-SpMM-CSR,best,pre-plus-solve,"csr-alg1,csr-alg2,csr-alg3,csr-alg4,csr-alg5",manual-selection,csr,ALPHASPARSE_SPMM_CSR_ALG5,workspace-setup,spmm.csr.fp64,fp64,A100-SXM4-80GB,A100-SXM4-80GB,,9700.0,018f64fd-81d1-5f6a-986f-7d386c913e5c,suitesparse_all,Hohn/sinc18,sinc18,16428,16428,973826,2,row-major,N,N,1.0,0.0,20260922,main,pass,pass,0,0,3895304.0,0.01599,0.0366079986095,0.0525979986095,0.0374074986095,106.40581697872838,74.05802697778788,104.131635228097,1.0969671853477152,0.7634848142039987,1.0735220126607938,AlphaSparse 248af573c867cf4c7e05d40c611c7c34ebac4715,CUDA,13040,13000,2026-10-06T23:07:45.953454+00:00,derived,csr-alg5,0,0,,,,5,20,4,true
3,A100-SXM4-80GB-suitesparse_all-fp64-n2-row-major-AlphaSparse-SpMM-CSR-pre-plus-solve,AlphaSparse-SpMM-CSR-best-pre-plus-solve,AlphaSparseLib CSR PER MATRIX BEST,per-matrix-best,AlphaSparse-SpMM-CSR,best,pre-plus-solve,"csr-alg1,csr-alg2,csr-alg3,csr-alg4,csr-alg5",manual-selection,csr,ALPHASPARSE_SPMM_CSR_ALG1,workspace-setup,spmm.csr.fp64,fp64,A100-SXM4-80GB,A100-SXM4-80GB,,9700.0,d94c6f41-d28e-5f45-abb9-189a8a3b4f78,suitesparse_all,Hollinger/g7jac010,g7jac010,2880,2880,19635,2,row-major,N,N,1.0,0.0,20260922,main,pass,pass,0,0,78540.0,0.012011,0.0108032003045,0.0228142003045,0.0114037503045,7.270067923047274,3.442592725220718,6.8872079713116445,0.07494915384584819,0.03549064665175998,0.07100214403414067,AlphaSparse 248af573c867cf4c7e05d40c611c7c34ebac4715,CUDA,13040,13000,2026-10-06T01:49:58.257949+00:00,derived,csr-alg1,0,0,,,,5,20,4,true
3,A100-SXM4-80GB-suitesparse_all-fp64-n2-row-major-AlphaSparse-SpMM-CSR-pre-plus-solve,AlphaSparse-SpMM-CSR-best-pre-plus-solve,AlphaSparseLib CSR PER MATRIX BEST,per-matrix-best,AlphaSparse-SpMM-CSR,best,pre-plus-solve,"csr-alg1,csr-alg2,csr-alg3,csr-alg4,csr-alg5",manual-selection,csr,ALPHASPARSE_SPMM_CSR_ALG3,workspace-setup,spmm.csr.fp64,fp64,A100-SXM4-80GB,A100-SXM4-80GB,,9700.0,018f64fd-81d1-5f6a-986f-7d386c913e5c,suitesparse_all,Hollinger/g7jac010sc,g7jac010sc,2880,2880,19635,2,row-major,N,N,1.0,0.0,20260922,main,pass,pass,0,0,78540.0,0.01104,0.0150015994906,0.0260415994906,0.0155535994906,5.235441730677661,3.015943779810832,5.049634976615321,0.05397362608946043,0.03109220391557559,0.052058092542425986,AlphaSparse 248af573c867cf4c7e05d40c611c7c34ebac4715,CUDA,13040,13000,2026-10-06T21:51:53.163008+00:00,derived,csr-alg3,0,0,,,,5,20,4,true
3,A100-SXM4-80GB-suitesparse_all-fp64-n2-row-major-AlphaSparse-SpMM-CSR-pre-plus-solve,AlphaSparse-SpMM-CSR-best-pre-plus-solve,AlphaSparseLib CSR PER MATRIX BEST,per-matrix-best,AlphaSparse-SpMM-CSR,best,pre-plus-solve,"csr-alg1,csr-alg2,csr-alg3,csr-alg4,csr-alg5",manual-selection,csr,ALPHASPARSE_SPMM_CSR_ALG5,workspace-setup,spmm.csr.fp64,fp64,A100-SXM4-80GB,A100-SXM4-80GB,,9700.0,752b02ae-c4ef-54eb-ad5c-0957985c94ee,suitesparse_all,Hollinger/g7jac020sc,g7jac020sc,5850,5850,45465,2,row-major,N,N,1.0,0.0,20260922,main,pass,pass,0,0,181860.0,0.01229,0.014591999352,0.026881999352,0.015206499352,12.462993974507956,6.76512180581054,11.959359994059465,0.12848447396399956,0.06974352377124268,0.12329237107277799,AlphaSparse 248af573c867cf4c7e05d40c611c7c34ebac4715,CUDA,13040,13000,2026-10-08T07:55:59.919818+00:00,derived,csr-alg5,0,0,,,,5,20,4,true
3,A100-SXM4-80GB-suitesparse_all-fp64-n2-row-major-AlphaSparse-SpMM-CSR-pre-plus-solve,AlphaSparse-SpMM-CSR-best-pre-plus-solve,AlphaSparseLib CSR PER MATRIX BEST,per-matrix-best,AlphaSparse-SpMM-CSR,best,pre-plus-solve,"csr-alg1,csr-alg2,csr-alg3,csr-alg4,csr-alg5",manual-selection,csr,ALPHASPARSE_SPMM_CSR_ALG3,workspace-setup,spmm.csr.fp64,fp64,A100-SXM4-80GB,A100-SXM4-80GB,,9700.0,152f8cc9-7213-5fba-8430-8cd9341fa530,suitesparse_all,Hollinger/g7jac040,g7jac040,11790,11790,114671,2,row-major,N,N,1.0,0.0,20260922,main,pass,pass,0,0,458684.0,0.01958,0.0174592003226,0.0370392003226,0.0184382003226,26.271764543892544,12.383744681445712,24.876831359608538,0.2708429334421912,0.1276674709427393,0.2564621789650365,AlphaSparse 248af573c867cf4c7e05d40c611c7c34ebac4715,CUDA,13040,13000,2026-10-08T00:21:56.239361+00:00,derived,csr-alg3,0,0,,,,5,20,4,true
3,A100-SXM4-80GB-suitesparse_all-fp64-n2-row-major-AlphaSparse-SpMM-CSR-pre-plus-solve,AlphaSparse-SpMM-CSR-best-pre-plus-solve,AlphaSparseLib CSR PER MATRIX BEST,per-matrix-best,AlphaSparse-SpMM-CSR,best,pre-plus-solve,"csr-alg1,csr-alg2,csr-alg3,csr-alg4,csr-alg5",manual-selection,csr,ALPHASPARSE_SPMM_CSR_ALG5,workspace-setup,spmm.csr.fp64,fp64,A100-SXM4-80GB,A100-SXM4-80GB,,9700.0,a0827285-e98d-55a9-b486-73107367c8f5,suitesparse_all,Hollinger/g7jac040sc,g7jac040sc,11790,11790,114671,2,row-major,N,N,1.0,0.0,20260922,main,pass,pass,0,0,458684.0,0.01816,0.0158720001578,0.0340320001578,0.0167800001578,28.898941244943742,13.478020623917734,27.335160648779006,0.297927229329317,0.13894866622595603,0.28180577988431965,AlphaSparse 248af573c867cf4c7e05d40c611c7c34ebac4715,CUDA,13040,13000,2026-10-06T08:56:40.360854+00:00,derived,csr-alg5,0,0,,,,5,20,4,true
3,A100-SXM4-80GB-suitesparse_all-fp64-n2-row-major-AlphaSparse-SpMM-CSR-pre-plus-solve,AlphaSparse-SpMM-CSR-best-pre-plus-solve,AlphaSparseLib CSR PER MATRIX BEST,per-matrix-best,AlphaSparse-SpMM-CSR,best,pre-plus-solve,"csr-alg1,csr-alg2,csr-alg3,csr-alg4,csr-alg5",manual-selection,csr,ALPHASPARSE_SPMM_CSR_ALG5,workspace-setup,spmm.csr.fp64,fp64,A100-SXM4-80GB,A100-SXM4-80GB,,9700.0,dd6a9a30-d69d-5ea7-834e-7b0f3242a57c,suitesparse_all,Hollinger/g7jac050sc,g7jac050sc,14760,14760,157990,2,row-major,N,N,1.0,0.0,20260922,main,pass,pass,0,0,631960.0,0.01452,0.0163328006864,0.0308528006864,0.0170588006864,38.69269038017592,20.483067531647777,37.04598064175903,0.39889371525954553,0.21116564465616267,0.38191732620370133,AlphaSparse 248af573c867cf4c7e05d40c611c7c34ebac4715,CUDA,13040,13000,2026-10-06T22:20:39.499703+00:00,derived,csr-alg5,0,0,,,,5,20,4,true
3,A100-SXM4-80GB-suitesparse_all-fp64-n2-row-major-AlphaSparse-SpMM-CSR-pre-plus-solve,AlphaSparse-SpMM-CSR-best-pre-plus-solve,AlphaSparseLib CSR PER MATRIX BEST,per-matrix-best,AlphaSparse-SpMM-CSR,best,pre-plus-solve,"csr-alg1,csr-alg2,csr-alg3,csr-alg4,csr-alg5",manual-selection,csr,ALPHASPARSE_SPMM_CSR_ALG5,workspace-setup,spmm.csr.fp64,fp64,A100-SXM4-80GB,A100-SXM4-80GB,,9700.0,005fdebf-9ece-5bc0-9d3c-6fda0356699d,suitesparse_all,Hollinger/g7jac060,g7jac060,17730,17730,203316,2,row-major,N,N,1.0,0.0,20260922,main,pass,pass,0,0,813264.0,0.01439,0.0174592003226,0.0318492003226,0.0181787003226,46.58082758505687,25.53483264139956,44.73719163459334,0.48021471737172033,0.2632456973340161,0.4612081611813746,AlphaSparse 248af573c867cf4c7e05d40c611c7c34ebac4715,CUDA,13040,13000,2026-10-08T15:31:01.844197+00:00,derived,csr-alg5,0,0,,,,5,20,4,true
3,A100-SXM4-80GB-suitesparse_all-fp64-n2-row-major-AlphaSparse-SpMM-CSR-pre-plus-solve,AlphaSparse-SpMM-CSR-best-pre-plus-solve,AlphaSparseLib CSR PER MATRIX BEST,per-matrix-best,AlphaSparse-SpMM-CSR,best,pre-plus-solve,"csr-alg1,csr-alg2,csr-alg3,csr-alg4,csr-alg5",manual-selection,csr,ALPHASPARSE_SPMM_CSR_ALG5,workspace-setup,spmm.csr.fp64,fp64,A100-SXM4-80GB,A100-SXM4-80GB,,9700.0,d94c6f41-d28e-5f45-abb9-189a8a3b4f78,suitesparse_all,Hollinger/g7jac060sc,g7jac060sc,17730,17730,203316,2,row-major,N,N,1.0,0.0,20260922,main,pass,pass,0,0,813264.0,0.01359,0.0173567995429,0.0309467995429,0.0180362995429,46.85564282688713,26.279421846921935,45.09040216734157,0.4830478641947127,0.2709218747105354,0.46484950687980997,AlphaSparse 248af573c867cf4c7e05d40c611c7c34ebac4715,CUDA,13040,13000,2026-10-06T03:32:38.141565+00:00,derived,csr-alg5,0,0,,,,5,20,4,true
3,A100-SXM4-80GB-suitesparse_all-fp64-n2-row-major-AlphaSparse-SpMM-CSR-pre-plus-solve,AlphaSparse-SpMM-CSR-best-pre-plus-solve,AlphaSparseLib CSR PER MATRIX BEST,per-matrix-best,AlphaSparse-SpMM-CSR,best,pre-plus-solve,"csr-alg1,csr-alg2,csr-alg3,csr-alg4,csr-alg5",manual-selection,csr,ALPHASPARSE_SPMM_CSR_ALG5,workspace-setup,spmm.csr.fp64,fp64,A100-SXM4-80GB,A100-SXM4-80GB,,9700.0,018f64fd-81d1-5f6a-986f-7d386c913e5c,suitesparse_all,Hollinger/g7jac080,g7jac080,23670,23670,293976,2,row-major,N,N,1.0,0.0,20260922,main,pass,pass,0,0,1175904.0,0.014529,0.0219648003578,0.0364938003578,0.0226912503578,53.535838288756416,32.22202095892894,51.82191291612933,0.5519158586469733,0.3321857830817416,0.5342465249085498,AlphaSparse 248af573c867cf4c7e05d40c611c7c34ebac4715,CUDA,13040,13000,2026-10-06T23:06:47.015364+00:00,derived,csr-alg5,0,0,,,,5,20,4,true
3,A100-SXM4-80GB-suitesparse_all-fp64-n2-row-major-AlphaSparse-SpMM-CSR-pre-plus-solve,AlphaSparse-SpMM-CSR-best-pre-plus-solve,AlphaSparseLib CSR PER MATRIX BEST,per-matrix-best,AlphaSparse-SpMM-CSR,best,pre-plus-solve,"csr-alg1,csr-alg2,csr-alg3,csr-alg4,csr-alg5",manual-selection,csr,ALPHASPARSE_SPMM_CSR_ALG5,workspace-setup,spmm.csr.fp64,fp64,A100-SXM4-80GB,A100-SXM4-80GB,,9700.0,752b02ae-c4ef-54eb-ad5c-0957985c94ee,suitesparse_all,Hollinger/g7jac100,g7jac100,29610,29610,384636,2,row-major,N,N,1.0,0.0,20260922,main,pass,pass,0,0,1538544.0,0.014271,0.0231424003839,0.0374134003839,0.0238559503839,66.48160841043757,41.1228058453109,64.49309188026895,0.6853774062931708,0.42394645201351444,0.6648772358790613,AlphaSparse 248af573c867cf4c7e05d40c611c7c34ebac4715,CUDA,13040,13000,2026-10-08T07:56:00.979490+00:00,derived,csr-alg5,0,0,,,,5,20,4,true
3,A100-SXM4-80GB-suitesparse_all-fp64-n2-row-major-AlphaSparse-SpMM-CSR-pre-plus-solve,AlphaSparse-SpMM-CSR-best-pre-plus-solve,AlphaSparseLib CSR PER MATRIX BEST,per-matrix-best,AlphaSparse-SpMM-CSR,best,pre-plus-solve,"csr-alg1,csr-alg2,csr-alg3,csr-alg4,csr-alg5",manual-selection,csr,ALPHASPARSE_SPMM_CSR_ALG5,workspace-setup,spmm.csr.fp64,fp64,A100-SXM4-80GB,A100-SXM4-80GB,,9700.0,152f8cc9-7213-5fba-8430-8cd9341fa530,suitesparse_all,Hollinger/g7jac100sc,g7jac100sc,29610,29610,384636,2,row-major,N,N,1.0,0.0,20260922,main,pass,pass,0,0,1538544.0,0.0196,0.0228351995349,0.0424351995349,0.0238151995349,67.37598231399635,36.25631590902865,64.60344780002114,0.6945977558143953,0.37377645267039844,0.6660149257734138,AlphaSparse 248af573c867cf4c7e05d40c611c7c34ebac4715,CUDA,13040,13000,2026-10-08T02:19:30.246522+00:00,derived,csr-alg5,0,0,,,,5,20,4,true
3,A100-SXM4-80GB-suitesparse_all-fp64-n2-row-major-AlphaSparse-SpMM-CSR-pre-plus-solve,AlphaSparse-SpMM-CSR-best-pre-plus-solve,AlphaSparseLib CSR PER MATRIX BEST,per-matrix-best,AlphaSparse-SpMM-CSR,best,pre-plus-solve,"csr-alg1,csr-alg2,csr-alg3,csr-alg4,csr-alg5",manual-selection,csr,ALPHASPARSE_SPMM_CSR_ALG5,workspace-setup,spmm.csr.fp64,fp64,A100-SXM4-80GB,A100-SXM4-80GB,,9700.0,a0827285-e98d-55a9-b486-73107367c8f5,suitesparse_all,Hollinger/g7jac120,g7jac120,35550,35550,475296,2,row-major,N,N,1.0,0.0,20260922,main,pass,pass,0,0,1901184.0,0.0191,0.0260096013546,0.0451096013546,0.0269646013546,73.09546863407658,42.14588342413114,70.50666075119517,0.7535615323100678,0.4344936435477438,0.7268727912494347,AlphaSparse 248af573c867cf4c7e05d40c611c7c34ebac4715,CUDA,13040,13000,2026-10-06T08:56:41.262621+00:00,derived,csr-alg5,0,0,,,,5,20,4,true
3,A100-SXM4-80GB-suitesparse_all-fp64-n2-row-major-AlphaSparse-SpMM-CSR-pre-plus-solve,AlphaSparse-SpMM-CSR-best-pre-plus-solve,AlphaSparseLib CSR PER MATRIX BEST,per-matrix-best,AlphaSparse-SpMM-CSR,best,pre-plus-solve,"csr-alg1,csr-alg2,csr-alg3,csr-alg4,csr-alg5",manual-selection,csr,ALPHASPARSE_SPMM_CSR_ALG5,workspace-setup,spmm.csr.fp64,fp64,A100-SXM4-80GB,A100-SXM4-80GB,,9700.0,dd6a9a30-d69d-5ea7-834e-7b0f3242a57c,suitesparse_all,Hollinger/g7jac120sc,g7jac120sc,35550,35550,475296,2,row-major,N,N,1.0,0.0,20260922,main,pass,pass,0,0,1901184.0,0.01459,0.0255488008261,0.0401388008261,0.0262783008261,74.41382524919914,47.36524163332172,72.34805677053959,0.7671528376206096,0.4883014601373374,0.7458562553663874,AlphaSparse 248af573c867cf4c7e05d40c611c7c34ebac4715,CUDA,13040,13000,2026-10-06T22:20:40.426794+00:00,derived,csr-alg5,0,0,,,,5,20,4,true
3,A100-SXM4-80GB-suitesparse_all-fp64-n2-row-major-AlphaSparse-SpMM-CSR-pre-plus-solve,AlphaSparse-SpMM-CSR-best-pre-plus-solve,AlphaSparseLib CSR PER MATRIX BEST,per-matrix-best,AlphaSparse-SpMM-CSR,best,pre-plus-solve,"csr-alg1,csr-alg2,csr-alg3,csr-alg4,csr-alg5",manual-selection,csr,ALPHASPARSE_SPMM_CSR_ALG5,workspace-setup,spmm.csr.fp64,fp64,A100-SXM4-80GB,A100-SXM4-80GB,,9700.0,005fdebf-9ece-5bc0-9d3c-6fda0356699d,suitesparse_all,Hollinger/g7jac140,g7jac140,41490,41490,565956,2,row-major,N,N,1.0,0.0,20260922,main,pass,pass,0,0,2263824.0,0.01471,0.0247807994485,0.0394907994485,0.0255162994485,91.35395347937538,57.32535252805544,88.72070201908063,0.9417933348389215,0.5909830157531488,0.9146464125678415,AlphaSparse 248af573c867cf4c7e05d40c611c7c34ebac4715,CUDA,13040,13000,2026-10-08T15:31:02.847253+00:00,derived,csr-alg5,0,0,,,,5,20,4,true
3,A100-SXM4-80GB-suitesparse_all-fp64-n2-row-major-AlphaSparse-SpMM-CSR-pre-plus-solve,AlphaSparse-SpMM-CSR-best-pre-plus-solve,AlphaSparseLib CSR PER MATRIX BEST,per-matrix-best,AlphaSparse-SpMM-CSR,best,pre-plus-solve,"csr-alg1,csr-alg2,csr-alg3,csr-alg4,csr-alg5",manual-selection,csr,ALPHASPARSE_SPMM_CSR_ALG5,workspace-setup,spmm.csr.fp64,fp64,A100-SXM4-80GB,A100-SXM4-80GB,,9700.0,d94c6f41-d28e-5f45-abb9-189a8a3b4f78,suitesparse_all,Hollinger/g7jac140sc,g7jac140sc,41490,41490,565956,2,row-major,N,N,1.0,0.0,20260922,main,pass,pass,0,0,2263824.0,0.01487,0.0274432003498,0.0423132003498,0.0281867003498,82.49125361271862,53.50160189456576,80.31532502583485,0.8504252949764807,0.551562906129544,0.827993041503452,AlphaSparse 248af573c867cf4c7e05d40c611c7c34ebac4715,CUDA,13040,13000,2026-10-06T03:32:39.188120+00:00,derived,csr-alg5,0,0,,,,5,20,4,true
3,A100-SXM4-80GB-suitesparse_all-fp64-n2-row-major-AlphaSparse-SpMM-CSR-pre-plus-solve,AlphaSparse-SpMM-CSR-best-pre-plus-solve,AlphaSparseLib CSR PER MATRIX BEST,per-matrix-best,AlphaSparse-SpMM-CSR,best,pre-plus-solve,"csr-alg1,csr-alg2,csr-alg3,csr-alg4,csr-alg5",manual-selection,csr,ALPHASPARSE_SPMM_CSR_ALG5,workspace-setup,spmm.csr.fp64,fp64,A100-SXM4-80GB,A100-SXM4-80GB,,9700.0,018f64fd-81d1-5f6a-986f-7d386c913e5c,suitesparse_all,Hollinger/g7jac160,g7jac160,47430,47430,656616,2,row-major,N,N,1.0,0.0,20260922,main,pass,pass,0,0,2626464.0,0.01475,0.029183998704,0.043933998704,0.029921498704,89.99671452288041,59.78203845489875,87.77849084307017,0.9278011806482517,0.6163096747927707,0.9049328952893833,AlphaSparse 248af573c867cf4c7e05d40c611c7c34ebac4715,CUDA,13040,13000,2026-10-06T23:06:48.931618+00:00,derived,csr-alg5,0,0,,,,5,20,4,true
3,A100-SXM4-80GB-suitesparse_all-fp64-n2-row-major-AlphaSparse-SpMM-CSR-pre-plus-solve,AlphaSparse-SpMM-CSR-best-pre-plus-solve,AlphaSparseLib CSR PER MATRIX BEST,per-matrix-best,AlphaSparse-SpMM-CSR,best,pre-plus-solve,"csr-alg1,csr-alg2,csr-alg3,csr-alg4,csr-alg5",manual-selection,csr,ALPHASPARSE_SPMM_CSR_ALG5,workspace-setup,spmm.csr.fp64,fp64,A100-SXM4-80GB,A100-SXM4-80GB,,9700.0,752b02ae-c4ef-54eb-ad5c-0957985c94ee,suitesparse_all,Hollinger/g7jac180,g7jac180,53370,53370,747276,2,row-major,N,N,1.0,0.0,20260922,main,pass,pass,0,0,2989104.0,0.01429,0.032563200593,0.046853200593,0.033277700593,91.79392521515706,63.797221153907266,89.82303304419902,0.9463291259294543,0.6577033108650233,0.9260106499401961,AlphaSparse 248af573c867cf4c7e05d40c611c7c34ebac4715,CUDA,13040,13000,2026-10-08T07:56:02.062316+00:00,derived,csr-alg5,0,0,,,,5,20,4,true
3,A100-SXM4-80GB-suitesparse_all-fp64-n2-row-major-AlphaSparse-SpMM-CSR-pre-plus-solve,AlphaSparse-SpMM-CSR-best-pre-plus-solve,AlphaSparseLib CSR PER MATRIX BEST,per-matrix-best,AlphaSparse-SpMM-CSR,best,pre-plus-solve,"csr-alg1,csr-alg2,csr-alg3,csr-alg4,csr-alg5",manual-selection,csr,ALPHASPARSE_SPMM_CSR_ALG5,workspace-setup,spmm.csr.fp64,fp64,A100-SXM4-80GB,A100-SXM4-80GB,,9700.0,152f8cc9-7213-5fba-8430-8cd9341fa530,suitesparse_all,Hollinger/g7jac180sc,g7jac180sc,53370,53370,747276,2,row-major,N,N,1.0,0.0,20260922,main,pass,pass,0,0,2989104.0,0.0211,0.0321024000645,0.0532024000645,0.0331574000645,93.11154287512166,56.18363074553321,90.14892585623102,0.9599128131455841,0.5792126880982805,0.929370369651866,AlphaSparse 248af573c867cf4c7e05d40c611c7c34ebac4715,CUDA,13040,13000,2026-10-08T02:19:31.403487+00:00,derived,csr-alg5,0,0,,,,5,20,4,true
3,A100-SXM4-80GB-suitesparse_all-fp64-n2-row-major-AlphaSparse-SpMM-CSR-pre-plus-solve,AlphaSparse-SpMM-CSR-best-pre-plus-solve,AlphaSparseLib CSR PER MATRIX BEST,per-matrix-best,AlphaSparse-SpMM-CSR,best,pre-plus-solve,"csr-alg1,csr-alg2,csr-alg3,csr-alg4,csr-alg5",manual-selection,csr,ALPHASPARSE_SPMM_CSR_ALG5,workspace-setup,spmm.csr.fp64,fp64,A100-SXM4-80GB,A100-SXM4-80GB,,9700.0,a0827285-e98d-55a9-b486-73107367c8f5,suitesparse_all,Hollinger/g7jac200,g7jac200,59310,59310,837936,2,row-major,N,N,1.0,0.0,20260922,main,pass,pass,0,0,3351744.0,0.01863,0.0346112012863,0.0532412012863,0.0355427012863,96.83986326492246,62.95395143276884,94.3018926164719,0.9983491058239428,0.6490098085852458,0.9721844599636278,AlphaSparse 248af573c867cf4c7e05d40c611c7c34ebac4715,CUDA,13040,13000,2026-10-06T08:56:42.385442+00:00,derived,csr-alg5,0,0,,,,5,20,4,true
3,A100-SXM4-80GB-suitesparse_all-fp64-n2-row-major-AlphaSparse-SpMM-CSR-pre-plus-solve,AlphaSparse-SpMM-CSR-best-pre-plus-solve,AlphaSparseLib CSR PER MATRIX BEST,per-matrix-best,AlphaSparse-SpMM-CSR,best,pre-plus-solve,"csr-alg1,csr-alg2,csr-alg3,csr-alg4,csr-alg5",manual-selection,csr,ALPHASPARSE_SPMM_CSR_ALG5,workspace-setup,spmm.csr.fp64,fp64,A100-SXM4-80GB,A100-SXM4-80GB,,9700.0,dd6a9a30-d69d-5ea7-834e-7b0f3242a57c,suitesparse_all,Hollinger/g7jac200sc,g7jac200sc,59310,59310,837936,2,row-major,N,N,1.0,0.0,20260922,main,pass,pass,0,0,3351744.0,0.01735,0.0338943988085,0.0512443988085,0.0347618988085,98.88784335538806,65.40703136210938,96.42004938983452,1.0194623026328664,0.6742992923928802,0.9940211277302528,AlphaSparse 248af573c867cf4c7e05d40c611c7c34ebac4715,CUDA,13040,13000,2026-10-06T22:20:41.757414+00:00,derived,csr-alg5,0,0,,,,5,20,4,true
3,A100-SXM4-80GB-suitesparse_all-fp64-n2-row-major-AlphaSparse-SpMM-CSR-pre-plus-solve,AlphaSparse-SpMM-CSR-best-pre-plus-solve,AlphaSparseLib CSR PER MATRIX BEST,per-matrix-best,AlphaSparse-SpMM-CSR,best,pre-plus-solve,"csr-alg1,csr-alg2,csr-alg3,csr-alg4,csr-alg5",manual-selection,csr,ALPHASPARSE_SPMM_CSR_ALG5,workspace-setup,spmm.csr.fp64,fp64,A100-SXM4-80GB,A100-SXM4-80GB,,9700.0,005fdebf-9ece-5bc0-9d3c-6fda0356699d,suitesparse_all,Hollinger/jan99jac020,jan99jac020,6774,6774,38692,2,row-major,N,N,1.0,0.0,20260922,main,pass,pass,0,0,154768.0,0.01421,0.0123392000794,0.0265492000794,0.0130497000794,12.542790375721477,5.829478836919357,11.859889427214785,0.12930711727547914,0.060097719968240794,0.12226690131149262,AlphaSparse 248af573c867cf4c7e05d40c611c7c34ebac4715,CUDA,13040,13000,2026-10-08T15:31:03.473126+00:00,derived,csr-alg5,0,0,,,,5,20,4,true
3,A100-SXM4-80GB-suitesparse_all-fp64-n2-row-major-AlphaSparse-SpMM-CSR-pre-plus-solve,AlphaSparse-SpMM-CSR-best-pre-plus-solve,AlphaSparseLib CSR PER MATRIX BEST,per-matrix-best,AlphaSparse-SpMM-CSR,best,pre-plus-solve,"csr-alg1,csr-alg2,csr-alg3,csr-alg4,csr-alg5",manual-selection,csr,ALPHASPARSE_SPMM_CSR_ALG5,workspace-setup,spmm.csr.fp64,fp64,A100-SXM4-80GB,A100-SXM4-80GB,,9700.0,d94c6f41-d28e-5f45-abb9-189a8a3b4f78,suitesparse_all,Hollinger/jan99jac020sc,jan99jac020sc,6774,6774,38692,2,row-major,N,N,1.0,0.0,20260922,main,pass,pass,0,0,154768.0,0.01286,0.0142959997058,0.0271559997058,0.0149389997058,10.82596552776994,5.699219387122933,10.35999752646839,0.11160789203886537,0.05875483904250446,0.10680409821101433,AlphaSparse 248af573c867cf4c7e05d40c611c7c34ebac4715,CUDA,13040,13000,2026-10-06T03:32:40.186565+00:00,derived,csr-alg5,0,0,,,,5,20,4,true
3,A100-SXM4-80GB-suitesparse_all-fp64-n2-row-major-AlphaSparse-SpMM-CSR-pre-plus-solve,AlphaSparse-SpMM-CSR-best-pre-plus-solve,AlphaSparseLib CSR PER MATRIX BEST,per-matrix-best,AlphaSparse-SpMM-CSR,best,pre-plus-solve,"csr-alg1,csr-alg2,csr-alg3,csr-alg4,csr-alg5",manual-selection,csr,ALPHASPARSE_SPMM_CSR_ALG2,workspace-setup,spmm.csr.fp64,fp64,A100-SXM4-80GB,A100-SXM4-80GB,,9700.0,018f64fd-81d1-5f6a-986f-7d386c913e5c,suitesparse_all,Hollinger/jan99jac040,jan99jac040,13694,13694,82842,2,row-major,N,N,1.0,0.0,20260922,main,pass,pass,0,0,331368.0,0.01392,0.0175104007125,0.0314304007125,0.0182064007125,18.924067212433876,10.542913627830828,18.200632032255122,0.19509347641684407,0.10868983121475079,0.187635381775826,AlphaSparse 248af573c867cf4c7e05d40c611c7c34ebac4715,CUDA,13040,13000,2026-10-06T21:14:08.504129+00:00,derived,csr-alg2,0,0,,,,5,20,4,true
3,A100-SXM4-80GB-suitesparse_all-fp64-n2-row-major-AlphaSparse-SpMM-CSR-pre-plus-solve,AlphaSparse-SpMM-CSR-best-pre-plus-solve,AlphaSparseLib CSR PER MATRIX BEST,per-matrix-best,AlphaSparse-SpMM-CSR,best,pre-plus-solve,"csr-alg1,csr-alg2,csr-alg3,csr-alg4,csr-alg5",manual-selection,csr,ALPHASPARSE_SPMM_CSR_ALG5,workspace-setup,spmm.csr.fp64,fp64,A100-SXM4-80GB,A100-SXM4-80GB,,9700.0,752b02ae-c4ef-54eb-ad5c-0957985c94ee,suitesparse_all,Hollinger/jan99jac060,jan99jac060,20614,20614,127182,2,row-major,N,N,1.0,0.0,20260922,main,pass,pass,0,0,508728.0,0.01327,0.0160255998373,0.0292955998373,0.0166890998373,31.744708788742017,17.36533823595832,30.48265064979701,0.3272650390591961,0.1790241055253435,0.31425413041027844,AlphaSparse 248af573c867cf4c7e05d40c611c7c34ebac4715,CUDA,13040,13000,2026-10-08T07:56:02.811498+00:00,derived,csr-alg5,0,0,,,,5,20,4,true
3,A100-SXM4-80GB-suitesparse_all-fp64-n2-row-major-AlphaSparse-SpMM-CSR-pre-plus-solve,AlphaSparse-SpMM-CSR-best-pre-plus-solve,AlphaSparseLib CSR PER MATRIX BEST,per-matrix-best,AlphaSparse-SpMM-CSR,best,pre-plus-solve,"csr-alg1,csr-alg2,csr-alg3,csr-alg4,csr-alg5",manual-selection,csr,ALPHASPARSE_SPMM_CSR_ALG5,workspace-setup,spmm.csr.fp64,fp64,A100-SXM4-80GB,A100-SXM4-80GB,,9700.0,152f8cc9-7213-5fba-8430-8cd9341fa530,suitesparse_all,Hollinger/jan99jac060sc,jan99jac060sc,20614,20614,127182,2,row-major,N,N,1.0,0.0,20260922,main,pass,pass,0,0,508728.0,0.0198,0.015820799768,0.035620799768,0.016810799768,32.15564367542155,14.281768048818956,30.261974862634624,0.3315014811899129,0.14723472215277272,0.3119791222952023,AlphaSparse 248af573c867cf4c7e05d40c611c7c34ebac4715,CUDA,13040,13000,2026-10-08T02:19:32.104720+00:00,derived,csr-alg5,0,0,,,,5,20,4,true
3,A100-SXM4-80GB-suitesparse_all-fp64-n2-row-major-AlphaSparse-SpMM-CSR-pre-plus-solve,AlphaSparse-SpMM-CSR-best-pre-plus-solve,AlphaSparseLib CSR PER MATRIX BEST,per-matrix-best,AlphaSparse-SpMM-CSR,best,pre-plus-solve,"csr-alg1,csr-alg2,csr-alg3,csr-alg4,csr-alg5",manual-selection,csr,ALPHASPARSE_SPMM_CSR_ALG5,workspace-setup,spmm.csr.fp64,fp64,A100-SXM4-80GB,A100-SXM4-80GB,,9700.0,a0827285-e98d-55a9-b486-73107367c8f5,suitesparse_all,Hollinger/jan99jac080,jan99jac080,27534,27534,171522,2,row-major,N,N,1.0,0.0,20260922,main,pass,pass,0,0,686088.0,0.01773,0.0169983997941,0.0347283997941,0.0178848997941,40.36191690456271,19.755819561734008,38.361299638163565,0.4161022361295125,0.2036682429044743,0.3954773158573563,AlphaSparse 248af573c867cf4c7e05d40c611c7c34ebac4715,CUDA,13040,13000,2026-10-06T08:56:43.101437+00:00,derived,csr-alg5,0,0,,,,5,20,4,true
3,A100-SXM4-80GB-suitesparse_all-fp64-n2-row-major-AlphaSparse-SpMM-CSR-pre-plus-solve,AlphaSparse-SpMM-CSR-best-pre-plus-solve,AlphaSparseLib CSR PER MATRIX BEST,per-matrix-best,AlphaSparse-SpMM-CSR,best,pre-plus-solve,"csr-alg1,csr-alg2,csr-alg3,csr-alg4,csr-alg5",manual-selection,csr,ALPHASPARSE_SPMM_CSR_ALG3,workspace-setup,spmm.csr.fp64,fp64,A100-SXM4-80GB,A100-SXM4-80GB,,9700.0,dd6a9a30-d69d-5ea7-834e-7b0f3242a57c,suitesparse_all,Hollinger/jan99jac080sc,jan99jac080sc,27534,27534,171522,2,row-major,N,N,1.0,0.0,20260922,main,pass,pass,0,0,686088.0,0.01415,0.019148799777,0.033298799777,0.019856299777,35.82929520335127,20.603985867199082,34.55266125638933,0.3693741773541368,0.2124122254350421,0.35621300264318895,AlphaSparse 248af573c867cf4c7e05d40c611c7c34ebac4715,CUDA,13040,13000,2026-10-06T21:06:01.513308+00:00,derived,csr-alg3,0,0,,,,5,20,4,true
3,A100-SXM4-80GB-suitesparse_all-fp64-n2-row-major-AlphaSparse-SpMM-CSR-pre-plus-solve,AlphaSparse-SpMM-CSR-best-pre-plus-solve,AlphaSparseLib CSR PER MATRIX BEST,per-matrix-best,AlphaSparse-SpMM-CSR,best,pre-plus-solve,"csr-alg1,csr-alg2,csr-alg3,csr-alg4,csr-alg5",manual-selection,csr,ALPHASPARSE_SPMM_CSR_ALG5,workspace-setup,spmm.csr.fp64,fp64,A100-SXM4-80GB,A100-SXM4-80GB,,9700.0,005fdebf-9ece-5bc0-9d3c-6fda0356699d,suitesparse_all,Hollinger/jan99jac100,jan99jac100,34454,34454,215862,2,row-major,N,N,1.0,0.0,20260922,main,pass,pass,0,0,863448.0,0.01523,0.01520639956,0.03043639956,0.01596789956,56.781882956125614,28.368927090008274,54.073987424304676,0.5853802366610888,0.292463165876374,0.5574637878794296,AlphaSparse 248af573c867cf4c7e05d40c611c7c34ebac4715,CUDA,13040,13000,2026-10-08T15:31:04.189598+00:00,derived,csr-alg5,0,0,,,,5,20,4,true
3,A100-SXM4-80GB-suitesparse_all-fp64-n2-row-major-AlphaSparse-SpMM-CSR-pre-plus-solve,AlphaSparse-SpMM-CSR-best-pre-plus-solve,AlphaSparseLib CSR PER MATRIX BEST,per-matrix-best,AlphaSparse-SpMM-CSR,best,pre-plus-solve,"csr-alg1,csr-alg2,csr-alg3,csr-alg4,csr-alg5",manual-selection,csr,ALPHASPARSE_SPMM_CSR_ALG5,workspace-setup,spmm.csr.fp64,fp64,A100-SXM4-80GB,A100-SXM4-80GB,,9700.0,d94c6f41-d28e-5f45-abb9-189a8a3b4f78,suitesparse_all,Hollinger/jan99jac100sc,jan99jac100sc,34454,34454,215862,2,row-major,N,N,1.0,0.0,20260922,main,pass,pass,0,0,863448.0,0.01471,0.0175040006638,0.0322140006638,0.0182395006638,49.32860873261366,26.80350103085106,47.33945385433101,0.508542358068182,0.27632475289537173,0.48803560674568053,AlphaSparse 248af573c867cf4c7e05d40c611c7c34ebac4715,CUDA,13040,13000,2026-10-06T03:32:41.223202+00:00,derived,csr-alg5,0,0,,,,5,20,4,true
3,A100-SXM4-80GB-suitesparse_all-fp64-n2-row-major-AlphaSparse-SpMM-CSR-pre-plus-solve,AlphaSparse-SpMM-CSR-best-pre-plus-solve,AlphaSparseLib CSR PER MATRIX BEST,per-matrix-best,AlphaSparse-SpMM-CSR,best,pre-plus-solve,"csr-alg1,csr-alg2,csr-alg3,csr-alg4,csr-alg5",manual-selection,csr,ALPHASPARSE_SPMM_CSR_ALG5,workspace-setup,spmm.csr.fp64,fp64,A100-SXM4-80GB,A100-SXM4-80GB,,9700.0,018f64fd-81d1-5f6a-986f-7d386c913e5c,suitesparse_all,Hollinger/jan99jac120,jan99jac120,41374,41374,260202,2,row-major,N,N,1.0,0.0,20260922,main,pass,pass,0,0,1040808.0,0.01433,0.0205824002624,0.0349124002624,0.0212989002624,50.567863161292784,29.811986348040662,48.86674838500417,0.5213181769205442,0.30734006544371817,0.5037809111856101,AlphaSparse 248af573c867cf4c7e05d40c611c7c34ebac4715,CUDA,13040,13000,2026-10-06T23:06:50.743602+00:00,derived,csr-alg5,0,0,,,,5,20,4,true
3,A100-SXM4-80GB-suitesparse_all-fp64-n2-row-major-AlphaSparse-SpMM-CSR-pre-plus-solve,AlphaSparse-SpMM-CSR-best-pre-plus-solve,AlphaSparseLib CSR PER MATRIX BEST,per-matrix-best,AlphaSparse-SpMM-CSR,best,pre-plus-solve,"csr-alg1,csr-alg2,csr-alg3,csr-alg4,csr-alg5",manual-selection,csr,ALPHASPARSE_SPMM_CSR_ALG5,workspace-setup,spmm.csr.fp64,fp64,A100-SXM4-80GB,A100-SXM4-80GB,,9700.0,752b02ae-c4ef-54eb-ad5c-0957985c94ee,suitesparse_all,Hollinger/mark3jac020,mark3jac020,9129,9129,56175,2,row-major,N,N,1.0,0.0,20260922,main,pass,pass,0,0,224700.0,0.0131,0.0146431997418,0.0277431997418,0.0152981997418,15.345006826518844,8.09928206159472,14.68800275800044,0.15819594666514272,0.08349775321231669,0.15142270884536535,AlphaSparse 248af573c867cf4c7e05d40c611c7c34ebac4715,CUDA,13040,13000,2026-10-08T07:56:03.695738+00:00,derived,csr-alg5,0,0,,,,5,20,4,true
3,A100-SXM4-80GB-suitesparse_all-fp64-n2-row-major-AlphaSparse-SpMM-CSR-pre-plus-solve,AlphaSparse-SpMM-CSR-best-pre-plus-solve,AlphaSparseLib CSR PER MATRIX BEST,per-matrix-best,AlphaSparse-SpMM-CSR,best,pre-plus-solve,"csr-alg1,csr-alg2,csr-alg3,csr-alg4,csr-alg5",manual-selection,csr,ALPHASPARSE_SPMM_CSR_ALG5,workspace-setup,spmm.csr.fp64,fp64,A100-SXM4-80GB,A100-SXM4-80GB,,9700.0,152f8cc9-7213-5fba-8430-8cd9341fa530,suitesparse_all,Hollinger/mark3jac020sc,mark3jac020sc,9129,9129,56175,2,row-major,N,N,1.0,0.0,20260922,main,pass,pass,0,0,224700.0,0.01326,0.014591999352,0.027851999352,0.015254999352,15.398849368041008,8.067643444917167,14.729597479172675,0.1587510244127939,0.08317158190636255,0.151851520403842,AlphaSparse 248af573c867cf4c7e05d40c611c7c34ebac4715,CUDA,13040,13000,2026-10-08T02:19:32.995045+00:00,derived,csr-alg5,0,0,,,,5,20,4,true
3,A100-SXM4-80GB-suitesparse_all-fp64-n2-row-major-AlphaSparse-SpMM-CSR-pre-plus-solve,AlphaSparse-SpMM-CSR-best-pre-plus-solve,AlphaSparseLib CSR PER MATRIX BEST,per-matrix-best,AlphaSparse-SpMM-CSR,best,pre-plus-solve,"csr-alg1,csr-alg2,csr-alg3,csr-alg4,csr-alg5",manual-selection,csr,ALPHASPARSE_SPMM_CSR_ALG5,workspace-setup,spmm.csr.fp64,fp64,A100-SXM4-80GB,A100-SXM4-80GB,,9700.0,a0827285-e98d-55a9-b486-73107367c8f5,suitesparse_all,Hollinger/mark3jac040,mark3jac040,18289,18289,113435,2,row-major,N,N,1.0,0.0,20260922,main,pass,pass,0,0,453740.0,0.02124,0.0145408004522,0.0357808004522,0.0156028004522,31.204609504929277,12.681102554040306,29.080676984241155,0.32169700520545647,0.1307330160210341,0.2998007936519707,AlphaSparse 248af573c867cf4c7e05d40c611c7c34ebac4715,CUDA,13040,13000,2026-10-06T08:56:43.779163+00:00,derived,csr-alg5,0,0,,,,5,20,4,true
3,A100-SXM4-80GB-suitesparse_all-fp64-n2-row-major-AlphaSparse-SpMM-CSR-pre-plus-solve,AlphaSparse-SpMM-CSR-best-pre-plus-solve,AlphaSparseLib CSR PER MATRIX BEST,per-matrix-best,AlphaSparse-SpMM-CSR,best,pre-plus-solve,"csr-alg1,csr-alg2,csr-alg3,csr-alg4,csr-alg5",manual-selection,csr,ALPHASPARSE_SPMM_CSR_ALG5,workspace-setup,spmm.csr.fp64,fp64,A100-SXM4-80GB,A100-SXM4-80GB,,9700.0,dd6a9a30-d69d-5ea7-834e-7b0f3242a57c,suitesparse_all,Hollinger/mark3jac040sc,mark3jac040sc,18289,18289,113435,2,row-major,N,N,1.0,0.0,20260922,main,pass,pass,0,0,453740.0,0.01413,0.0157184004784,0.0298484004784,0.0164249004784,28.866804903178473,15.20148459306394,27.625129333155037,0.29759592683689146,0.15671633601096846,0.2847951477644849,AlphaSparse 248af573c867cf4c7e05d40c611c7c34ebac4715,CUDA,13040,13000,2026-10-06T22:20:43.287382+00:00,derived,csr-alg5,0,0,,,,5,20,4,true
3,A100-SXM4-80GB-suitesparse_all-fp64-n2-row-major-AlphaSparse-SpMM-CSR-pre-plus-solve,AlphaSparse-SpMM-CSR-best-pre-plus-solve,AlphaSparseLib CSR PER MATRIX BEST,per-matrix-best,AlphaSparse-SpMM-CSR,best,pre-plus-solve,"csr-alg1,csr-alg2,csr-alg3,csr-alg4,csr-alg5",manual-selection,csr,ALPHASPARSE_SPMM_CSR_ALG1,workspace-setup,spmm.csr.fp64,fp64,A100-SXM4-80GB,A100-SXM4-80GB,,9700.0,005fdebf-9ece-5bc0-9d3c-6fda0356699d,suitesparse_all,Hollinger/mark3jac060,mark3jac060,27449,27449,170695,2,row-major,N,N,1.0,0.0,20260922,main,pass,pass,0,0,682780.0,0.01305,0.0150943994522,0.0281443994522,0.0157468994522,45.233995705638044,24.259888762580374,43.35964689890801,0.46632985263544374,0.25010194600598323,0.44700666906090736,AlphaSparse 248af573c867cf4c7e05d40c611c7c34ebac4715,CUDA,13040,13000,2026-10-08T13:53:36.169700+00:00,derived,csr-alg1,0,0,,,,5,20,4,true
3,A100-SXM4-80GB-suitesparse_all-fp64-n2-row-major-AlphaSparse-SpMM-CSR-pre-plus-solve,AlphaSparse-SpMM-CSR-best-pre-plus-solve,AlphaSparseLib CSR PER MATRIX BEST,per-matrix-best,AlphaSparse-SpMM-CSR,best,pre-plus-solve,"csr-alg1,csr-alg2,csr-alg3,csr-alg4,csr-alg5",manual-selection,csr,ALPHASPARSE_SPMM_CSR_ALG5,workspace-setup,spmm.csr.fp64,fp64,A100-SXM4-80GB,A100-SXM4-80GB,,9700.0,d94c6f41-d28e-5f45-abb9-189a8a3b4f78,suitesparse_all,Hollinger/mark3jac060sc,mark3jac060sc,27449,27449,170695,2,row-major,N,N,1.0,0.0,20260922,main,pass,pass,0,0,682780.0,0.0133,0.0167311996222,0.0300311996222,0.0173961996222,40.808789292911484,22.735688503607683,39.24880231476975,0.4207091679681596,0.23438854127430603,0.40462682798731703,AlphaSparse 248af573c867cf4c7e05d40c611c7c34ebac4715,CUDA,13040,13000,2026-10-06T03:32:41.965690+00:00,derived,csr-alg5,0,0,,,,5,20,4,true
3,A100-SXM4-80GB-suitesparse_all-fp64-n2-row-major-AlphaSparse-SpMM-CSR-pre-plus-solve,AlphaSparse-SpMM-CSR-best-pre-plus-solve,AlphaSparseLib CSR PER MATRIX BEST,per-matrix-best,AlphaSparse-SpMM-CSR,best,pre-plus-solve,"csr-alg1,csr-alg2,csr-alg3,csr-alg4,csr-alg5",manual-selection,csr,ALPHASPARSE_SPMM_CSR_ALG5,workspace-setup,spmm.csr.fp64,fp64,A100-SXM4-80GB,A100-SXM4-80GB,,9700.0,018f64fd-81d1-5f6a-986f-7d386c913e5c,suitesparse_all,Hollinger/mark3jac080,mark3jac080,36609,36609,227955,2,row-major,N,N,1.0,0.0,20260922,main,pass,pass,0,0,911820.0,0.01461,0.019763199985,0.034373199985,0.020493699985,46.13726525522481,26.52706179226566,44.492697788461356,0.47564190984767846,0.2734748638377903,0.4586876060666119,AlphaSparse 248af573c867cf4c7e05d40c611c7c34ebac4715,CUDA,13040,13000,2026-10-06T23:06:51.549076+00:00,derived,csr-alg5,0,0,,,,5,20,4,true
3,A100-SXM4-80GB-suitesparse_all-fp64-n2-row-major-AlphaSparse-SpMM-CSR-pre-plus-solve,AlphaSparse-SpMM-CSR-best-pre-plus-solve,AlphaSparseLib CSR PER MATRIX BEST,per-matrix-best,AlphaSparse-SpMM-CSR,best,pre-plus-solve,"csr-alg1,csr-alg2,csr-alg3,csr-alg4,csr-alg5",manual-selection,csr,ALPHASPARSE_SPMM_CSR_ALG5,workspace-setup,spmm.csr.fp64,fp64,A100-SXM4-80GB,A100-SXM4-80GB,,9700.0,752b02ae-c4ef-54eb-ad5c-0957985c94ee,suitesparse_all,Hollinger/mark3jac100,mark3jac100,45769,45769,285215,2,row-major,N,N,1.0,0.0,20260922,main,pass,pass,0,0,1140860.0,0.01507,0.0211456000805,0.0362156000805,0.0218991000805,53.95259513358884,31.50189414131196,52.09620467536362,0.5562123209648334,0.3247617952712573,0.5370742750037486,AlphaSparse 248af573c867cf4c7e05d40c611c7c34ebac4715,CUDA,13040,13000,2026-10-08T07:56:04.729565+00:00,derived,csr-alg5,0,0,,,,5,20,4,true
3,A100-SXM4-80GB-suitesparse_all-fp64-n2-row-major-AlphaSparse-SpMM-CSR-pre-plus-solve,AlphaSparse-SpMM-CSR-best-pre-plus-solve,AlphaSparseLib CSR PER MATRIX BEST,per-matrix-best,AlphaSparse-SpMM-CSR,best,pre-plus-solve,"csr-alg1,csr-alg2,csr-alg3,csr-alg4,csr-alg5",manual-selection,csr,ALPHASPARSE_SPMM_CSR_ALG5,workspace-setup,spmm.csr.fp64,fp64,A100-SXM4-80GB,A100-SXM4-80GB,,9700.0,152f8cc9-7213-5fba-8430-8cd9341fa530,suitesparse_all,Hollinger/mark3jac100sc,mark3jac100sc,45769,45769,285215,2,row-major,N,N,1.0,0.0,20260922,main,pass,pass,0,0,1140860.0,0.019009,0.0208895996213,0.0398985996213,0.0218400496213,54.613780095465614,28.59398602528767,52.237060802616064,0.563028660777996,0.2947833610854399,0.5385264000269697,AlphaSparse 248af573c867cf4c7e05d40c611c7c34ebac4715,CUDA,13040,13000,2026-10-08T02:19:33.809343+00:00,derived,csr-alg5,0,0,,,,5,20,4,true
3,A100-SXM4-80GB-suitesparse_all-fp64-n2-row-major-AlphaSparse-SpMM-CSR-pre-plus-solve,AlphaSparse-SpMM-CSR-best-pre-plus-solve,AlphaSparseLib CSR PER MATRIX BEST,per-matrix-best,AlphaSparse-SpMM-CSR,best,pre-plus-solve,"csr-alg1,csr-alg2,csr-alg3,csr-alg4,csr-alg5",manual-selection,csr,ALPHASPARSE_SPMM_CSR_ALG1,workspace-setup,spmm.csr.fp64,fp64,A100-SXM4-80GB,A100-SXM4-80GB,,9700.0,a0827285-e98d-55a9-b486-73107367c8f5,suitesparse_all,Hollinger/mark3jac120,mark3jac120,54929,54929,342475,2,row-major,N,N,1.0,0.0,20260922,main,pass,pass,0,0,1369900.0,0.01958,0.0174592003226,0.0370392003226,0.0184382003226,78.46292926868693,36.985139745690894,74.29683895563774,0.8088961780277003,0.3812901004710401,0.76594679335709,AlphaSparse 248af573c867cf4c7e05d40c611c7c34ebac4715,CUDA,13040,13000,2026-10-06T07:04:09.847861+00:00,derived,csr-alg1,0,0,,,,5,20,4,true
3,A100-SXM4-80GB-suitesparse_all-fp64-n2-row-major-AlphaSparse-SpMM-CSR-pre-plus-solve,AlphaSparse-SpMM-CSR-best-pre-plus-solve,AlphaSparseLib CSR PER MATRIX BEST,per-matrix-best,AlphaSparse-SpMM-CSR,best,pre-plus-solve,"csr-alg1,csr-alg2,csr-alg3,csr-alg4,csr-alg5",manual-selection,csr,ALPHASPARSE_SPMM_CSR_ALG1,workspace-setup,spmm.csr.fp64,fp64,A100-SXM4-80GB,A100-SXM4-80GB,,9700.0,dd6a9a30-d69d-5ea7-834e-7b0f3242a57c,suitesparse_all,Hollinger/mark3jac120sc,mark3jac120sc,54929,54929,342475,2,row-major,N,N,1.0,0.0,20260922,main,pass,pass,0,0,1369900.0,0.01452,0.0215039998293,0.0360239998293,0.0222299998293,63.70442758902278,38.02742634053081,61.62393209713024,0.6567466761754925,0.39203532309825573,0.6352982690425798,AlphaSparse 248af573c867cf4c7e05d40c611c7c34ebac4715,CUDA,13040,13000,2026-10-06T19:49:23.997416+00:00,derived,csr-alg1,0,0,,,,5,20,4,true
3,A100-SXM4-80GB-suitesparse_all-fp64-n2-row-major-AlphaSparse-SpMM-CSR-pre-plus-solve,AlphaSparse-SpMM-CSR-best-pre-plus-solve,AlphaSparseLib CSR PER MATRIX BEST,per-matrix-best,AlphaSparse-SpMM-CSR,best,pre-plus-solve,"csr-alg1,csr-alg2,csr-alg3,csr-alg4,csr-alg5",manual-selection,csr,ALPHASPARSE_SPMM_CSR_ALG1,workspace-setup,spmm.csr.fp64,fp64,A100-SXM4-80GB,A100-SXM4-80GB,,9700.0,005fdebf-9ece-5bc0-9d3c-6fda0356699d,suitesparse_all,Hollinger/mark3jac140,mark3jac140,64089,64089,399735,2,row-major,N,N,1.0,0.0,20260922,main,pass,pass,0,0,1598940.0,0.01446,0.0207824006677,0.0352424006677,0.0215054006677,76.9372136340857,45.369780994103614,74.35062590586955,0.7931671508668627,0.4677297009701403,0.7665012979986552,AlphaSparse 248af573c867cf4c7e05d40c611c7c34ebac4715,CUDA,13040,13000,2026-10-08T13:53:37.084466+00:00,derived,csr-alg1,0,0,,,,5,20,4,true
3,A100-SXM4-80GB-suitesparse_all-fp64-n2-row-major-AlphaSparse-SpMM-CSR-pre-plus-solve,AlphaSparse-SpMM-CSR-best-pre-plus-solve,AlphaSparseLib CSR PER MATRIX BEST,per-matrix-best,AlphaSparse-SpMM-CSR,best,pre-plus-solve,"csr-alg1,csr-alg2,csr-alg3,csr-alg4,csr-alg5",manual-selection,csr,ALPHASPARSE_SPMM_CSR_ALG5,workspace-setup,spmm.csr.fp64,fp64,A100-SXM4-80GB,A100-SXM4-80GB,,9700.0,d94c6f41-d28e-5f45-abb9-189a8a3b4f78,suitesparse_all,Hollinger/mark3jac140sc,mark3jac140sc,64089,64089,399735,2,row-major,N,N,1.0,0.0,20260922,main,pass,pass,0,0,1598940.0,0.01452,0.0196608006954,0.0341808006954,0.0203868006954,81.3262910688119,46.778892462141265,78.43015801693586,0.8384153718434216,0.482256623321044,0.8085583300715037,AlphaSparse 248af573c867cf4c7e05d40c611c7c34ebac4715,CUDA,13040,13000,2026-10-06T03:32:42.946470+00:00,derived,csr-alg5,0,0,,,,5,20,4,true
3,A100-SXM4-80GB-suitesparse_all-fp64-n2-row-major-AlphaSparse-SpMM-CSR-pre-plus-solve,AlphaSparse-SpMM-CSR-best-pre-plus-solve,AlphaSparseLib CSR PER MATRIX BEST,per-matrix-best,AlphaSparse-SpMM-CSR,best,pre-plus-solve,"csr-alg1,csr-alg2,csr-alg3,csr-alg4,csr-alg5",manual-selection,csr,ALPHASPARSE_SPMM_CSR_ALG3,workspace-setup,spmm.csr.fp64,fp64,A100-SXM4-80GB,A100-SXM4-80GB,,9700.0,018f64fd-81d1-5f6a-986f-7d386c913e5c,suitesparse_all,HVDC/hvdc1,hvdc1,24842,24842,159981,2,row-major,N,N,1.0,0.0,20260922,main,pass,pass,0,0,639924.0,0.01173,0.0188927993178,0.0306227993178,0.0194792993178,33.87131727996976,20.89697918726959,32.85148965369835,0.34918883793783256,0.21543277512649064,0.33867515106905516,AlphaSparse 248af573c867cf4c7e05d40c611c7c34ebac4715,CUDA,13040,13000,2026-10-06T21:56:43.568714+00:00,derived,csr-alg3,0,0,,,,5,20,4,true
3,A100-SXM4-80GB-suitesparse_all-fp64-n2-row-major-AlphaSparse-SpMM-CSR-pre-plus-solve,AlphaSparse-SpMM-CSR-best-pre-plus-solve,AlphaSparseLib CSR PER MATRIX BEST,per-matrix-best,AlphaSparse-SpMM-CSR,best,pre-plus-solve,"csr-alg1,csr-alg2,csr-alg3,csr-alg4,csr-alg5",manual-selection,csr,ALPHASPARSE_SPMM_CSR_ALG5,workspace-setup,spmm.csr.fp64,fp64,A100-SXM4-80GB,A100-SXM4-80GB,,9700.0,dd6a9a30-d69d-5ea7-834e-7b0f3242a57c,suitesparse_all,IBM_Austin/coupled,coupled,11341,11341,98523,2,row-major,N,N,1.0,0.0,20260922,main,pass,pass,0,0,394092.0,0.01442,0.0161791995168,0.0305991995168,0.0169001995168,24.357941787588846,12.87916044286159,23.318777959292404,0.25111280193390567,0.13277484992640814,0.24039977277621033,AlphaSparse 248af573c867cf4c7e05d40c611c7c34ebac4715,CUDA,13040,13000,2026-10-06T22:22:06.827671+00:00,derived,csr-alg5,0,0,,,,5,20,4,true
3,A100-SXM4-80GB-suitesparse_all-fp64-n2-row-major-AlphaSparse-SpMM-CSR-pre-plus-solve,AlphaSparse-SpMM-CSR-best-pre-plus-solve,AlphaSparseLib CSR PER MATRIX BEST,per-matrix-best,AlphaSparse-SpMM-CSR,best,pre-plus-solve,"csr-alg1,csr-alg2,csr-alg3,csr-alg4,csr-alg5",manual-selection,csr,ALPHASPARSE_SPMM_CSR_ALG2,workspace-setup,spmm.csr.fp64,fp64,A100-SXM4-80GB,A100-SXM4-80GB,,9700.0,152f8cc9-7213-5fba-8430-8cd9341fa530,suitesparse_all,IBM_EDA/ckt11752_dc_1,ckt11752_dc_1,49702,49702,333029,2,row-major,N,N,1.0,0.0,20260922,main,pass,pass,0,0,1332116.0,0.01625,0.0252927988768,0.0415427988768,0.0261052988768,52.667797126315385,32.0661109991781,51.028567276196284,0.5429669806836637,0.33057846390905254,0.5260677038783121,AlphaSparse 248af573c867cf4c7e05d40c611c7c34ebac4715,CUDA,13040,13000,2026-10-07T23:25:37.270354+00:00,derived,csr-alg2,0,0,,,,5,20,4,true
3,A100-SXM4-80GB-suitesparse_all-fp64-n2-row-major-AlphaSparse-SpMM-CSR-pre-plus-solve,AlphaSparse-SpMM-CSR-best-pre-plus-solve,AlphaSparseLib CSR PER MATRIX BEST,per-matrix-best,AlphaSparse-SpMM-CSR,best,pre-plus-solve,"csr-alg1,csr-alg2,csr-alg3,csr-alg4,csr-alg5",manual-selection,csr,ALPHASPARSE_SPMM_CSR_ALG5,workspace-setup,spmm.csr.fp64,fp64,A100-SXM4-80GB,A100-SXM4-80GB,,9700.0,a0827285-e98d-55a9-b486-73107367c8f5,suitesparse_all,IBM_EDA/ckt11752_tr_0,ckt11752_tr_0,49702,49702,333029,2,row-major,N,N,1.0,0.0,20260922,main,pass,pass,0,0,1332116.0,0.01672,0.0175968006253,0.0343168006253,0.0184328006253,75.70217043231911,38.81818746873215,72.26877928531381,0.7804347467249393,0.400187499677651,0.7450389617042661,AlphaSparse 248af573c867cf4c7e05d40c611c7c34ebac4715,CUDA,13040,13000,2026-10-06T08:58:57.612835+00:00,derived,csr-alg5,0,0,,,,5,20,4,true
3,A100-SXM4-80GB-suitesparse_all-fp64-n2-row-major-AlphaSparse-SpMM-CSR-pre-plus-solve,AlphaSparse-SpMM-CSR-best-pre-plus-solve,AlphaSparseLib CSR PER MATRIX BEST,per-matrix-best,AlphaSparse-SpMM-CSR,best,pre-plus-solve,"csr-alg1,csr-alg2,csr-alg3,csr-alg4,csr-alg5",manual-selection,csr,ALPHASPARSE_SPMM_CSR_ALG5,workspace-setup,spmm.csr.fp64,fp64,A100-SXM4-80GB,A100-SXM4-80GB,,9700.0,005fdebf-9ece-5bc0-9d3c-6fda0356699d,suitesparse_all,IBM_EDA/dc1,dc1,116835,116835,766396,2,row-major,N,N,1.0,0.0,20260922,main,pass,pass,0,0,3065584.0,0.01553,0.0369664013386,0.0524964013386,0.0377429013386,82.92892705244054,58.3960790041033,81.22279663923982,0.8549373922932014,0.6020214330319928,0.8373484189612352,AlphaSparse 248af573c867cf4c7e05d40c611c7c34ebac4715,CUDA,13040,13000,2026-10-08T15:32:59.111568+00:00,derived,csr-alg5,0,0,,,,5,20,4,true
3,A100-SXM4-80GB-suitesparse_all-fp64-n2-row-major-AlphaSparse-SpMM-CSR-pre-plus-solve,AlphaSparse-SpMM-CSR-best-pre-plus-solve,AlphaSparseLib CSR PER MATRIX BEST,per-matrix-best,AlphaSparse-SpMM-CSR,best,pre-plus-solve,"csr-alg1,csr-alg2,csr-alg3,csr-alg4,csr-alg5",manual-selection,csr,ALPHASPARSE_SPMM_CSR_ALG5,workspace-setup,spmm.csr.fp64,fp64,A100-SXM4-80GB,A100-SXM4-80GB,,9700.0,d94c6f41-d28e-5f45-abb9-189a8a3b4f78,suitesparse_all,IBM_EDA/dc2,dc2,116835,116835,766396,2,row-major,N,N,1.0,0.0,20260922,main,pass,pass,0,0,3065584.0,0.016129,0.0366591989994,0.0527881989994,0.0374656489994,83.62386750594781,58.073282629605224,81.82385950525224,0.8621017268654415,0.5986936353567549,0.843544943353116,AlphaSparse 248af573c867cf4c7e05d40c611c7c34ebac4715,CUDA,13040,13000,2026-10-06T03:34:45.399848+00:00,derived,csr-alg5,0,0,,,,5,20,4,true
3,A100-SXM4-80GB-suitesparse_all-fp64-n2-row-major-AlphaSparse-SpMM-CSR-pre-plus-solve,AlphaSparse-SpMM-CSR-best-pre-plus-solve,AlphaSparseLib CSR PER MATRIX BEST,per-matrix-best,AlphaSparse-SpMM-CSR,best,pre-plus-solve,"csr-alg1,csr-alg2,csr-alg3,csr-alg4,csr-alg5",manual-selection,csr,ALPHASPARSE_SPMM_CSR_ALG5,workspace-setup,spmm.csr.fp64,fp64,A100-SXM4-80GB,A100-SXM4-80GB,,9700.0,018f64fd-81d1-5f6a-986f-7d386c913e5c,suitesparse_all,IBM_EDA/dc3,dc3,116835,116835,766396,2,row-major,N,N,1.0,0.0,20260922,main,pass,pass,0,0,3065584.0,0.01603,0.0370687991381,0.0530987991381,0.0378702991381,82.69984653614354,57.73358437027911,80.94955861903456,0.8525757374860159,0.5951915914461764,0.8345315321549954,AlphaSparse 248af573c867cf4c7e05d40c611c7c34ebac4715,CUDA,13040,13000,2026-10-06T23:09:08.900484+00:00,derived,csr-alg5,0,0,,,,5,20,4,true
3,A100-SXM4-80GB-suitesparse_all-fp64-n2-row-major-AlphaSparse-SpMM-CSR-pre-plus-solve,AlphaSparse-SpMM-CSR-best-pre-plus-solve,AlphaSparseLib CSR PER MATRIX BEST,per-matrix-best,AlphaSparse-SpMM-CSR,best,pre-plus-solve,"csr-alg1,csr-alg2,csr-alg3,csr-alg4,csr-alg5",manual-selection,csr,ALPHASPARSE_SPMM_CSR_ALG5,workspace-setup,spmm.csr.fp64,fp64,A100-SXM4-80GB,A100-SXM4-80GB,,9700.0,752b02ae-c4ef-54eb-ad5c-0957985c94ee,suitesparse_all,IBM_EDA/trans5,trans5,116835,116835,766396,2,row-major,N,N,1.0,0.0,20260922,main,pass,pass,0,0,3065584.0,0.01781,0.0370175987482,0.0548275987482,0.0379080987482,82.81423170780535,55.91315450598032,80.86884072880504,0.8537549660598489,0.5764242732575291,0.833699388956753,AlphaSparse 248af573c867cf4c7e05d40c611c7c34ebac4715,CUDA,13040,13000,2026-10-08T07:59:51.307830+00:00,derived,csr-alg5,0,0,,,,5,20,4,true
3,A100-SXM4-80GB-suitesparse_all-fp64-n2-row-major-AlphaSparse-SpMM-CSR-pre-plus-solve,AlphaSparse-SpMM-CSR-best-pre-plus-solve,AlphaSparseLib CSR PER MATRIX BEST,per-matrix-best,AlphaSparse-SpMM-CSR,best,pre-plus-solve,"csr-alg1,csr-alg2,csr-alg3,csr-alg4,csr-alg5",manual-selection,csr,ALPHASPARSE_SPMM_CSR_ALG1,workspace-setup,spmm.csr.fp64,fp64,A100-SXM4-80GB,A100-SXM4-80GB,,9700.0,752b02ae-c4ef-54eb-ad5c-0957985c94ee,suitesparse_all,INPRO/msdoor,msdoor,415863,415863,20240935,2,row-major,N,N,1.0,0.0,20260922,main,pass,pass,0,0,80963740.0,0.03732,0.350464010239,0.387784010239,0.352330010239,231.01869987958688,208.7856586714347,229.7951853294556,2.381636081232854,2.1524294708395333,2.369022529169645,AlphaSparse 248af573c867cf4c7e05d40c611c7c34ebac4715,CUDA,13040,13000,2026-10-08T03:36:23.545127+00:00,derived,csr-alg1,0,0,,,,5,20,4,true
3,A100-SXM4-80GB-suitesparse_all-fp64-n2-row-major-AlphaSparse-SpMM-CSR-pre-plus-solve,AlphaSparse-SpMM-CSR-best-pre-plus-solve,AlphaSparseLib CSR PER MATRIX BEST,per-matrix-best,AlphaSparse-SpMM-CSR,best,pre-plus-solve,"csr-alg1,csr-alg2,csr-alg3,csr-alg4,csr-alg5",manual-selection,csr,ALPHASPARSE_SPMM_CSR_ALG5,workspace-setup,spmm.csr.fp64,fp64,A100-SXM4-80GB,A100-SXM4-80GB,,9700.0,a0827285-e98d-55a9-b486-73107367c8f5,suitesparse_all,IPSO/HTC_336_4438,HTC_336_4438,226340,226340,904522,2,row-major,N,N,1.0,0.0,20260922,main,pass,pass,0,0,3618088.0,0.02236,0.0385024011135,0.0608624011135,0.0396204011135,93.97045107224233,59.447013818149635,91.31881299321817,0.9687675368272406,0.6128558125582437,0.9414310617857543,AlphaSparse 248af573c867cf4c7e05d40c611c7c34ebac4715,CUDA,13040,13000,2026-10-06T09:17:03.358835+00:00,derived,csr-alg5,0,0,,,,5,20,4,true
3,A100-SXM4-80GB-suitesparse_all-fp64-n2-row-major-AlphaSparse-SpMM-CSR-pre-plus-solve,AlphaSparse-SpMM-CSR-best-pre-plus-solve,AlphaSparseLib CSR PER MATRIX BEST,per-matrix-best,AlphaSparse-SpMM-CSR,best,pre-plus-solve,"csr-alg1,csr-alg2,csr-alg3,csr-alg4,csr-alg5",manual-selection,csr,ALPHASPARSE_SPMM_CSR_ALG5,workspace-setup,spmm.csr.fp64,fp64,A100-SXM4-80GB,A100-SXM4-80GB,,9700.0,dd6a9a30-d69d-5ea7-834e-7b0f3242a57c,suitesparse_all,IPSO/HTC_336_9129,HTC_336_9129,226340,226340,883422,2,row-major,N,N,1.0,0.0,20260922,main,pass,pass,0,0,3533688.0,0.01881,0.0356352001429,0.0544452001429,0.0365757001429,99.16284981786629,64.90357259639563,96.61299677638439,1.022297420802745,0.6691089958391303,0.9960102760451999,AlphaSparse 248af573c867cf4c7e05d40c611c7c34ebac4715,CUDA,13040,13000,2026-10-06T22:35:15.711286+00:00,derived,csr-alg5,0,0,,,,5,20,4,true
3,A100-SXM4-80GB-suitesparse_all-fp64-n2-row-major-AlphaSparse-SpMM-CSR-pre-plus-solve,AlphaSparse-SpMM-CSR-best-pre-plus-solve,AlphaSparseLib CSR PER MATRIX BEST,per-matrix-best,AlphaSparse-SpMM-CSR,best,pre-plus-solve,"csr-alg1,csr-alg2,csr-alg3,csr-alg4,csr-alg5",manual-selection,csr,ALPHASPARSE_SPMM_CSR_ALG1,workspace-setup,spmm.csr.fp64,fp64,A100-SXM4-80GB,A100-SXM4-80GB,,9700.0,005fdebf-9ece-5bc0-9d3c-6fda0356699d,suitesparse_all,IPSO/OPF_10000,OPF_10000,43887,43887,467711,2,row-major,N,N,1.0,0.0,20260922,main,pass,pass,0,0,1870844.0,0.01394,0.0196608006954,0.0336008006954,0.0203578006954,95.15604318382199,55.67855412017373,91.89813909626943,0.9809901359156906,0.5740057125791107,0.9474034958378292,AlphaSparse 248af573c867cf4c7e05d40c611c7c34ebac4715,CUDA,13040,13000,2026-10-08T14:06:00.017529+00:00,derived,csr-alg1,0,0,,,,5,20,4,true
3,A100-SXM4-80GB-suitesparse_all-fp64-n2-row-major-AlphaSparse-SpMM-CSR-pre-plus-solve,AlphaSparse-SpMM-CSR-best-pre-plus-solve,AlphaSparseLib CSR PER MATRIX BEST,per-matrix-best,AlphaSparse-SpMM-CSR,best,pre-plus-solve,"csr-alg1,csr-alg2,csr-alg3,csr-alg4,csr-alg5",manual-selection,csr,ALPHASPARSE_SPMM_CSR_ALG5,workspace-setup,spmm.csr.fp64,fp64,A100-SXM4-80GB,A100-SXM4-80GB,,9700.0,d94c6f41-d28e-5f45-abb9-189a8a3b4f78,suitesparse_all,IPSO/OPF_3754,OPF_3754,15435,15435,158273,2,row-major,N,N,1.0,0.0,20260922,main,pass,pass,0,0,633092.0,0.01332,0.0154624000192,0.0287824000192,0.0161284000192,40.94396725048348,21.995802976043716,39.25324268038601,0.42210275515962353,0.2267608554231311,0.40467260495243307,AlphaSparse 248af573c867cf4c7e05d40c611c7c34ebac4715,CUDA,13040,13000,2026-10-06T03:51:55.556500+00:00,derived,csr-alg5,0,0,,,,5,20,4,true
3,A100-SXM4-80GB-suitesparse_all-fp64-n2-row-major-AlphaSparse-SpMM-CSR-pre-plus-solve,AlphaSparse-SpMM-CSR-best-pre-plus-solve,AlphaSparseLib CSR PER MATRIX BEST,per-matrix-best,AlphaSparse-SpMM-CSR,best,pre-plus-solve,"csr-alg1,csr-alg2,csr-alg3,csr-alg4,csr-alg5",manual-selection,csr,ALPHASPARSE_SPMM_CSR_ALG5,workspace-setup,spmm.csr.fp64,fp64,A100-SXM4-80GB,A100-SXM4-80GB,,9700.0,018f64fd-81d1-5f6a-986f-7d386c913e5c,suitesparse_all,IPSO/OPF_6000,OPF_6000,29902,29902,302418,2,row-major,N,N,1.0,0.0,20260922,main,pass,pass,0,0,1209672.0,0.01509,0.0204288005829,0.0355188005829,0.0211833005829,59.2140490623106,34.05723110431771,57.10498207141975,0.6104541140444392,0.35110547530224445,0.5887111553754613,AlphaSparse 248af573c867cf4c7e05d40c611c7c34ebac4715,CUDA,13040,13000,2026-10-06T23:18:03.235482+00:00,derived,csr-alg5,0,0,,,,5,20,4,true
3,A100-SXM4-80GB-suitesparse_all-fp64-n2-row-major-AlphaSparse-SpMM-CSR-pre-plus-solve,AlphaSparse-SpMM-CSR-best-pre-plus-solve,AlphaSparseLib CSR PER MATRIX BEST,per-matrix-best,AlphaSparse-SpMM-CSR,best,pre-plus-solve,"csr-alg1,csr-alg2,csr-alg3,csr-alg4,csr-alg5",manual-selection,csr,ALPHASPARSE_SPMM_CSR_ALG5,workspace-setup,spmm.csr.fp64,fp64,A100-SXM4-80GB,A100-SXM4-80GB,,9700.0,752b02ae-c4ef-54eb-ad5c-0957985c94ee,suitesparse_all,IPSO/TSC_OPF_300,TSC_OPF_300,9774,9774,820804,2,row-major,N,N,1.0,0.0,20260922,main,pass,pass,0,0,3283216.0,0.01513,0.0311295986176,0.0462595986176,0.0318860986176,105.46926866393133,70.97372433211866,102.96700262313624,1.0873120480817664,0.7316878797125635,1.0615154909601674,AlphaSparse 248af573c867cf4c7e05d40c611c7c34ebac4715,CUDA,13040,13000,2026-10-08T08:13:29.103210+00:00,derived,csr-alg5,0,0,,,,5,20,4,true
3,A100-SXM4-80GB-suitesparse_all-fp64-n2-row-major-AlphaSparse-SpMM-CSR-pre-plus-solve,AlphaSparse-SpMM-CSR-best-pre-plus-solve,AlphaSparseLib CSR PER MATRIX BEST,per-matrix-best,AlphaSparse-SpMM-CSR,best,pre-plus-solve,"csr-alg1,csr-alg2,csr-alg3,csr-alg4,csr-alg5",manual-selection,csr,ALPHASPARSE_SPMM_CSR_ALG1,workspace-setup,spmm.csr.fp64,fp64,A100-SXM4-80GB,A100-SXM4-80GB,,9700.0,dd6a9a30-d69d-5ea7-834e-7b0f3242a57c,suitesparse_all,Janna/CoupCons3D,CoupCons3D,416800,416800,22322336,2,row-major,N,N,1.0,0.0,20260922,main,pass,pass,0,0,89289344.0,0.03072,0.351641607285,0.382361607285,0.353177607285,253.92144203126793,233.520683820765,252.81711568974737,2.617746825064618,2.4074297301109793,2.606362017420076,AlphaSparse 248af573c867cf4c7e05d40c611c7c34ebac4715,CUDA,13040,13000,2026-10-06T20:06:25.421408+00:00,derived,csr-alg1,0,0,,,,5,20,4,true
3,A100-SXM4-80GB-suitesparse_all-fp64-n2-row-major-AlphaSparse-SpMM-CSR-pre-plus-solve,AlphaSparse-SpMM-CSR-best-pre-plus-solve,AlphaSparseLib CSR PER MATRIX BEST,per-matrix-best,AlphaSparse-SpMM-CSR,best,pre-plus-solve,"csr-alg1,csr-alg2,csr-alg3,csr-alg4,csr-alg5",manual-selection,csr,ALPHASPARSE_SPMM_CSR_ALG1,workspace-setup,spmm.csr.fp64,fp64,A100-SXM4-80GB,A100-SXM4-80GB,,9700.0,752b02ae-c4ef-54eb-ad5c-0957985c94ee,suitesparse_all,Janna/Cube_Coup_dt0,Cube_Coup_dt0,2164760,2164760,127206144,2,row-major,N,N,1.0,0.0,20260922,main,pass,pass,0,0,508824576.0,0.44568,1.86777591705,2.31345591705,1.89005991705,272.42270946701524,219.9413320349008,269.21081782114715,2.8084815408970645,2.267436412730936,2.775369255888115,AlphaSparse 248af573c867cf4c7e05d40c611c7c34ebac4715,CUDA,13040,13000,2026-10-08T03:50:44.295677+00:00,derived,csr-alg1,0,0,,,,5,20,4,true
3,A100-SXM4-80GB-suitesparse_all-fp64-n2-row-major-AlphaSparse-SpMM-CSR-pre-plus-solve,AlphaSparse-SpMM-CSR-best-pre-plus-solve,AlphaSparseLib CSR PER MATRIX BEST,per-matrix-best,AlphaSparse-SpMM-CSR,best,pre-plus-solve,"csr-alg1,csr-alg2,csr-alg3,csr-alg4,csr-alg5",manual-selection,csr,ALPHASPARSE_SPMM_CSR_ALG1,workspace-setup,spmm.csr.fp64,fp64,A100-SXM4-80GB,A100-SXM4-80GB,,9700.0,152f8cc9-7213-5fba-8430-8cd9341fa530,suitesparse_all,Janna/Cube_Coup_dt6,Cube_Coup_dt6,2164760,2164760,127206144,2,row-major,N,N,1.0,0.0,20260922,main,pass,pass,0,0,508824576.0,0.3644,1.86782722473,2.23222722473,1.88604722473,272.4152262389002,227.94479449176376,269.7835819423035,2.8084043942154655,2.3499463349666367,2.781274040642304,AlphaSparse 248af573c867cf4c7e05d40c611c7c34ebac4715,CUDA,13040,13000,2026-10-07T22:37:16.643477+00:00,derived,csr-alg1,0,0,,,,5,20,4,true
3,A100-SXM4-80GB-suitesparse_all-fp64-n2-row-major-AlphaSparse-SpMM-CSR-pre-plus-solve,AlphaSparse-SpMM-CSR-best-pre-plus-solve,AlphaSparseLib CSR PER MATRIX BEST,per-matrix-best,AlphaSparse-SpMM-CSR,best,pre-plus-solve,"csr-alg1,csr-alg2,csr-alg3,csr-alg4,csr-alg5",manual-selection,csr,ALPHASPARSE_SPMM_CSR_ALG4,workspace-setup,spmm.csr.fp64,fp64,A100-SXM4-80GB,A100-SXM4-80GB,,9700.0,a0827285-e98d-55a9-b486-73107367c8f5,suitesparse_all,Janna/Emilia_923,Emilia_923,923136,923136,41005206,2,row-major,N,N,1.0,0.0,20260922,main,pass,pass,0,0,164020824.0,0.44206,0.967731189728,1.40979118973,0.989834189728,169.49006680884318,116.34405520112017,165.70535318149786,1.7473202763798263,1.1994232494960841,1.7083026101185346,AlphaSparse 248af573c867cf4c7e05d40c611c7c34ebac4715,CUDA,13040,13000,2026-10-06T08:49:37.838005+00:00,derived,csr-alg4,0,0,,,,5,20,4,true
3,A100-SXM4-80GB-suitesparse_all-fp64-n2-row-major-AlphaSparse-SpMM-CSR-pre-plus-solve,AlphaSparse-SpMM-CSR-best-pre-plus-solve,AlphaSparseLib CSR PER MATRIX BEST,per-matrix-best,AlphaSparse-SpMM-CSR,best,pre-plus-solve,"csr-alg1,csr-alg2,csr-alg3,csr-alg4,csr-alg5",manual-selection,csr,ALPHASPARSE_SPMM_CSR_ALG1,workspace-setup,spmm.csr.fp64,fp64,A100-SXM4-80GB,A100-SXM4-80GB,,9700.0,dd6a9a30-d69d-5ea7-834e-7b0f3242a57c,suitesparse_all,Janna/Fault_639,Fault_639,638802,638802,28614564,2,row-major,N,N,1.0,0.0,20260922,main,pass,pass,0,0,114458256.0,0.44052,0.483891201019,0.924411201019,0.505917201019,236.53717149427106,123.81746983791412,226.2391074457685,2.4385275411780523,1.2764687612156096,2.332361932430603,AlphaSparse 248af573c867cf4c7e05d40c611c7c34ebac4715,CUDA,13040,13000,2026-10-06T20:05:27.181493+00:00,derived,csr-alg1,0,0,,,,5,20,4,true
3,A100-SXM4-80GB-suitesparse_all-fp64-n2-row-major-AlphaSparse-SpMM-CSR-pre-plus-solve,AlphaSparse-SpMM-CSR-best-pre-plus-solve,AlphaSparseLib CSR PER MATRIX BEST,per-matrix-best,AlphaSparse-SpMM-CSR,best,pre-plus-solve,"csr-alg1,csr-alg2,csr-alg3,csr-alg4,csr-alg5",manual-selection,csr,ALPHASPARSE_SPMM_CSR_ALG1,workspace-setup,spmm.csr.fp64,fp64,A100-SXM4-80GB,A100-SXM4-80GB,,9700.0,005fdebf-9ece-5bc0-9d3c-6fda0356699d,suitesparse_all,Janna/Flan_1565,Flan_1565,1564794,1564794,117406044,2,row-major,N,N,1.0,0.0,20260922,main,pass,pass,0,0,469624176.0,0.674541,1.62754554749,2.30208654749,1.66127259749,288.54748595162465,203.9993572405166,282.6894133506749,2.9747163500167493,2.1030861571187276,2.91432384897603,AlphaSparse 248af573c867cf4c7e05d40c611c7c34ebac4715,CUDA,13040,13000,2026-10-08T14:06:47.568799+00:00,derived,csr-alg1,0,0,,,,5,20,4,true
3,A100-SXM4-80GB-suitesparse_all-fp64-n2-row-major-AlphaSparse-SpMM-CSR-pre-plus-solve,AlphaSparse-SpMM-CSR-best-pre-plus-solve,AlphaSparseLib CSR PER MATRIX BEST,per-matrix-best,AlphaSparse-SpMM-CSR,best,pre-plus-solve,"csr-alg1,csr-alg2,csr-alg3,csr-alg4,csr-alg5",manual-selection,csr,ALPHASPARSE_SPMM_CSR_ALG5,workspace-setup,spmm.csr.fp64,fp64,A100-SXM4-80GB,A100-SXM4-80GB,,9700.0,d94c6f41-d28e-5f45-abb9-189a8a3b4f78,suitesparse_all,Janna/Geo_1438,Geo_1438,1437960,1437960,63156690,2,row-major,N,N,1.0,0.0,20260922,main,pass,pass,0,0,252626760.0,0.423251,1.66328315735,2.08653415735,1.68444570735,151.8843973641227,121.07482597881277,149.97619626306442,1.565818529527038,1.2481940822558018,1.5461463532274682,AlphaSparse 248af573c867cf4c7e05d40c611c7c34ebac4715,CUDA,13040,13000,2026-10-06T03:52:19.681810+00:00,derived,csr-alg5,0,0,,,,5,20,4,true
3,A100-SXM4-80GB-suitesparse_all-fp64-n2-row-major-AlphaSparse-SpMM-CSR-pre-plus-solve,AlphaSparse-SpMM-CSR-best-pre-plus-solve,AlphaSparseLib CSR PER MATRIX BEST,per-matrix-best,AlphaSparse-SpMM-CSR,best,pre-plus-solve,"csr-alg1,csr-alg2,csr-alg3,csr-alg4,csr-alg5",manual-selection,csr,ALPHASPARSE_SPMM_CSR_ALG1,workspace-setup,spmm.csr.fp64,fp64,A100-SXM4-80GB,A100-SXM4-80GB,,9700.0,018f64fd-81d1-5f6a-986f-7d386c913e5c,suitesparse_all,Janna/Hook_1498,Hook_1498,1498023,1498023,60917445,2,row-major,N,N,1.0,0.0,20260922,main,pass,pass,0,0,243669780.0,0.35163,1.14483203888,1.49646203888,1.16241353888,212.84325711078498,162.83057883805074,209.62400372141127,2.194260382585412,1.678665761217018,2.161072203313518,AlphaSparse 248af573c867cf4c7e05d40c611c7c34ebac4715,CUDA,13040,13000,2026-10-06T20:37:58.330799+00:00,derived,csr-alg1,0,0,,,,5,20,4,true
3,A100-SXM4-80GB-suitesparse_all-fp64-n2-row-major-AlphaSparse-SpMM-CSR-pre-plus-solve,AlphaSparse-SpMM-CSR-best-pre-plus-solve,AlphaSparseLib CSR PER MATRIX BEST,per-matrix-best,AlphaSparse-SpMM-CSR,best,pre-plus-solve,"csr-alg1,csr-alg2,csr-alg3,csr-alg4,csr-alg5",manual-selection,csr,ALPHASPARSE_SPMM_CSR_ALG1,workspace-setup,spmm.csr.fp64,fp64,A100-SXM4-80GB,A100-SXM4-80GB,,9700.0,a0827285-e98d-55a9-b486-73107367c8f5,suitesparse_all,Janna/Long_Coup_dt0,Long_Coup_dt0,1470152,1470152,87088992,2,row-major,N,N,1.0,0.0,20260922,main,pass,pass,0,0,348355968.0,0.56182,1.494835186,2.056655186,1.522926186,233.03971652698306,169.3798602562637,228.74120308809242,2.402471304401887,1.746184126353234,2.358156732866932,AlphaSparse 248af573c867cf4c7e05d40c611c7c34ebac4715,CUDA,13040,13000,2026-10-06T07:26:09.646246+00:00,derived,csr-alg1,0,0,,,,5,20,4,true
3,A100-SXM4-80GB-suitesparse_all-fp64-n2-row-major-AlphaSparse-SpMM-CSR-pre-plus-solve,AlphaSparse-SpMM-CSR-best-pre-plus-solve,AlphaSparseLib CSR PER MATRIX BEST,per-matrix-best,AlphaSparse-SpMM-CSR,best,pre-plus-solve,"csr-alg1,csr-alg2,csr-alg3,csr-alg4,csr-alg5",manual-selection,csr,ALPHASPARSE_SPMM_CSR_ALG4,workspace-setup,spmm.csr.fp64,fp64,A100-SXM4-80GB,A100-SXM4-80GB,,9700.0,dd6a9a30-d69d-5ea7-834e-7b0f3242a57c,suitesparse_all,Janna/Long_Coup_dt6,Long_Coup_dt6,1470152,1470152,87088992,2,row-major,N,N,1.0,0.0,20260922,main,pass,pass,0,0,348355968.0,0.871891,1.65913600922,2.53102700922,1.70273055922,209.96227317359626,137.63423571973448,204.58666587835108,2.16455951725357,1.4189096465952007,2.109140885343826,AlphaSparse 248af573c867cf4c7e05d40c611c7c34ebac4715,CUDA,13040,13000,2026-10-06T21:58:54.300653+00:00,derived,csr-alg4,0,0,,,,5,20,4,true
3,A100-SXM4-80GB-suitesparse_all-fp64-n2-row-major-AlphaSparse-SpMM-CSR-pre-plus-solve,AlphaSparse-SpMM-CSR-best-pre-plus-solve,AlphaSparseLib CSR PER MATRIX BEST,per-matrix-best,AlphaSparse-SpMM-CSR,best,pre-plus-solve,"csr-alg1,csr-alg2,csr-alg3,csr-alg4,csr-alg5",manual-selection,csr,ALPHASPARSE_SPMM_CSR_ALG1,workspace-setup,spmm.csr.fp64,fp64,A100-SXM4-80GB,A100-SXM4-80GB,,9700.0,018f64fd-81d1-5f6a-986f-7d386c913e5c,suitesparse_all,Janna/ML_Geer,ML_Geer,1504002,1504002,110879972,2,row-major,N,N,1.0,0.0,20260922,main,pass,pass,0,0,443519888.0,0.37792,1.52980957031,1.90772957031,1.54870557031,289.9183640942482,232.48572276831115,286.3810245812068,2.988849114373693,2.39676002853929,2.9523816967134726,AlphaSparse 248af573c867cf4c7e05d40c611c7c34ebac4715,CUDA,13040,13000,2026-10-06T20:39:32.245068+00:00,derived,csr-alg1,0,0,,,,5,20,4,true
3,A100-SXM4-80GB-suitesparse_all-fp64-n2-row-major-AlphaSparse-SpMM-CSR-pre-plus-solve,AlphaSparse-SpMM-CSR-best-pre-plus-solve,AlphaSparseLib CSR PER MATRIX BEST,per-matrix-best,AlphaSparse-SpMM-CSR,best,pre-plus-solve,"csr-alg1,csr-alg2,csr-alg3,csr-alg4,csr-alg5",manual-selection,csr,ALPHASPARSE_SPMM_CSR_ALG1,workspace-setup,spmm.csr.fp64,fp64,A100-SXM4-80GB,A100-SXM4-80GB,,9700.0,005fdebf-9ece-5bc0-9d3c-6fda0356699d,suitesparse_all,Janna/ML_Laplace,ML_Laplace,377002,377002,27689972,2,row-major,N,N,1.0,0.0,20260922,main,pass,pass,0,0,110759888.0,0.03659,0.399974393845,0.436564393845,0.401803893845,276.91744697767376,253.70802008036583,275.6565819711214,2.854819041006946,2.615546598766658,2.841820432691973,AlphaSparse 248af573c867cf4c7e05d40c611c7c34ebac4715,CUDA,13040,13000,2026-10-08T14:07:19.421651+00:00,derived,csr-alg1,0,0,,,,5,20,4,true
3,A100-SXM4-80GB-suitesparse_all-fp64-n2-row-major-AlphaSparse-SpMM-CSR-pre-plus-solve,AlphaSparse-SpMM-CSR-best-pre-plus-solve,AlphaSparseLib CSR PER MATRIX BEST,per-matrix-best,AlphaSparse-SpMM-CSR,best,pre-plus-solve,"csr-alg1,csr-alg2,csr-alg3,csr-alg4,csr-alg5",manual-selection,csr,ALPHASPARSE_SPMM_CSR_ALG1,workspace-setup,spmm.csr.fp64,fp64,A100-SXM4-80GB,A100-SXM4-80GB,,9700.0,152f8cc9-7213-5fba-8430-8cd9341fa530,suitesparse_all,Janna/PFlow_742,PFlow_742,742793,742793,37138461,2,row-major,N,N,1.0,0.0,20260922,main,pass,pass,0,0,148553844.0,0.39223,0.666982412338,1.05921241234,0.686593912338,222.72527918580084,140.2493421237545,216.3634738533323,2.2961368988226893,1.4458695064304588,2.230551276838477,AlphaSparse 248af573c867cf4c7e05d40c611c7c34ebac4715,CUDA,13040,13000,2026-10-07T22:38:06.788502+00:00,derived,csr-alg1,0,0,,,,5,20,4,true
3,A100-SXM4-80GB-suitesparse_all-fp64-n2-row-major-AlphaSparse-SpMM-CSR-pre-plus-solve,AlphaSparse-SpMM-CSR-best-pre-plus-solve,AlphaSparseLib CSR PER MATRIX BEST,per-matrix-best,AlphaSparse-SpMM-CSR,best,pre-plus-solve,"csr-alg1,csr-alg2,csr-alg3,csr-alg4,csr-alg5",manual-selection,csr,ALPHASPARSE_SPMM_CSR_ALG4,workspace-setup,spmm.csr.fp64,fp64,A100-SXM4-80GB,A100-SXM4-80GB,,9700.0,752b02ae-c4ef-54eb-ad5c-0957985c94ee,suitesparse_all,Janna/Queen_4147,Queen_4147,4147110,4147110,329499284,2,row-major,N,N,1.0,0.0,20260922,main,pass,pass,0,0,1317997136.0,0.36843,5.25199356079,5.62042356079,5.27041506079,250.95178064189176,234.5013897519752,250.07463753764412,2.5871317591947602,2.417540100535827,2.5780890467798363,AlphaSparse 248af573c867cf4c7e05d40c611c7c34ebac4715,CUDA,13040,13000,2026-10-08T07:15:44.396585+00:00,derived,csr-alg4,0,0,,,,5,20,4,true
3,A100-SXM4-80GB-suitesparse_all-fp64-n2-row-major-AlphaSparse-SpMM-CSR-pre-plus-solve,AlphaSparse-SpMM-CSR-best-pre-plus-solve,AlphaSparseLib CSR PER MATRIX BEST,per-matrix-best,AlphaSparse-SpMM-CSR,best,pre-plus-solve,"csr-alg1,csr-alg2,csr-alg3,csr-alg4,csr-alg5",manual-selection,csr,ALPHASPARSE_SPMM_CSR_ALG1,workspace-setup,spmm.csr.fp64,fp64,A100-SXM4-80GB,A100-SXM4-80GB,,9700.0,152f8cc9-7213-5fba-8430-8cd9341fa530,suitesparse_all,Janna/Serena,Serena,1391349,1391349,64531701,2,row-major,N,N,1.0,0.0,20260922,main,pass,pass,0,0,258126804.0,0.345201,1.13704957962,1.48225057962,1.15430962962,227.0145547094486,174.14518675120044,223.62007331167774,2.3403562341180266,1.7953112036206234,2.30536158053276,AlphaSparse 248af573c867cf4c7e05d40c611c7c34ebac4715,CUDA,13040,13000,2026-10-07T22:36:30.644397+00:00,derived,csr-alg1,0,0,,,,5,20,4,true
3,A100-SXM4-80GB-suitesparse_all-fp64-n2-row-major-AlphaSparse-SpMM-CSR-pre-plus-solve,AlphaSparse-SpMM-CSR-best-pre-plus-solve,AlphaSparseLib CSR PER MATRIX BEST,per-matrix-best,AlphaSparse-SpMM-CSR,best,pre-plus-solve,"csr-alg1,csr-alg2,csr-alg3,csr-alg4,csr-alg5",manual-selection,csr,ALPHASPARSE_SPMM_CSR_ALG1,workspace-setup,spmm.csr.fp64,fp64,A100-SXM4-80GB,A100-SXM4-80GB,,9700.0,d94c6f41-d28e-5f45-abb9-189a8a3b4f78,suitesparse_all,Janna/Transport,Transport,1602111,1602111,23500731,2,row-major,N,N,1.0,0.0,20260922,main,pass,pass,0,0,94002924.0,0.63944,0.368127989769,1.00756798977,0.400099989769,255.3539166065225,93.2968543606256,234.94857886468108,2.6325146041909537,0.9618232408311919,2.422150297574032,AlphaSparse 248af573c867cf4c7e05d40c611c7c34ebac4715,CUDA,13040,13000,2026-10-06T02:10:08.339249+00:00,derived,csr-alg1,0,0,,,,5,20,4,true
3,A100-SXM4-80GB-suitesparse_all-fp64-n2-row-major-AlphaSparse-SpMM-CSR-pre-plus-solve,AlphaSparse-SpMM-CSR-best-pre-plus-solve,AlphaSparseLib CSR PER MATRIX BEST,per-matrix-best,AlphaSparse-SpMM-CSR,best,pre-plus-solve,"csr-alg1,csr-alg2,csr-alg3,csr-alg4,csr-alg5",manual-selection,csr,ALPHASPARSE_SPMM_CSR_ALG3,workspace-setup,spmm.csr.fp64,fp64,A100-SXM4-80GB,A100-SXM4-80GB,,9700.0,018f64fd-81d1-5f6a-986f-7d386c913e5c,suitesparse_all,JGD_BIBD/bibd_11_5,bibd_11_5,55,462,4620,2,row-major,N,N,1.0,0.0,20260922,main,pass,pass,0,0,18480.0,0.01225,0.0138751998544,0.0261251998544,0.0144876998544,1.3318727077030001,0.7073630097756975,1.2755648022613828,0.01373064647116495,0.007292402162636057,0.013150152600632813,AlphaSparse 248af573c867cf4c7e05d40c611c7c34ebac4715,CUDA,13040,13000,2026-10-06T21:56:55.452537+00:00,derived,csr-alg3,0,0,,,,5,20,4,true
3,A100-SXM4-80GB-suitesparse_all-fp64-n2-row-major-AlphaSparse-SpMM-CSR-pre-plus-solve,AlphaSparse-SpMM-CSR-best-pre-plus-solve,AlphaSparseLib CSR PER MATRIX BEST,per-matrix-best,AlphaSparse-SpMM-CSR,best,pre-plus-solve,"csr-alg1,csr-alg2,csr-alg3,csr-alg4,csr-alg5",manual-selection,csr,ALPHASPARSE_SPMM_CSR_ALG2,workspace-setup,spmm.csr.fp64,fp64,A100-SXM4-80GB,A100-SXM4-80GB,,9700.0,752b02ae-c4ef-54eb-ad5c-0957985c94ee,suitesparse_all,JGD_BIBD/bibd_12_5,bibd_12_5,66,792,7920,2,row-major,N,N,1.0,0.0,20260922,main,pass,pass,0,0,31680.0,0.01119,0.0133632004261,0.0245532004261,0.0139227004261,2.3706895795804277,1.290259495716258,2.2754206461708764,0.02444009875856111,0.013301644285734618,0.023457944805885325,AlphaSparse 248af573c867cf4c7e05d40c611c7c34ebac4715,CUDA,13040,13000,2026-10-08T04:57:03.464006+00:00,derived,csr-alg2,0,0,,,,5,20,4,true
3,A100-SXM4-80GB-suitesparse_all-fp64-n2-row-major-AlphaSparse-SpMM-CSR-pre-plus-solve,AlphaSparse-SpMM-CSR-best-pre-plus-solve,AlphaSparseLib CSR PER MATRIX BEST,per-matrix-best,AlphaSparse-SpMM-CSR,best,pre-plus-solve,"csr-alg1,csr-alg2,csr-alg3,csr-alg4,csr-alg5",manual-selection,csr,ALPHASPARSE_SPMM_CSR_ALG5,workspace-setup,spmm.csr.fp64,fp64,A100-SXM4-80GB,A100-SXM4-80GB,,9700.0,152f8cc9-7213-5fba-8430-8cd9341fa530,suitesparse_all,JGD_BIBD/bibd_13_6,bibd_13_6,78,1716,25740,2,row-major,N,N,1.0,0.0,20260922,main,pass,pass,0,0,102960.0,0.01881,0.0147456005216,0.0335556005216,0.0156861005216,6.982421628008956,3.068340259138675,6.563772803713867,0.07198372812380367,0.03163237380555335,0.06766776086302956,AlphaSparse 248af573c867cf4c7e05d40c611c7c34ebac4715,CUDA,13040,13000,2026-10-08T02:23:54.140779+00:00,derived,csr-alg5,0,0,,,,5,20,4,true
3,A100-SXM4-80GB-suitesparse_all-fp64-n2-row-major-AlphaSparse-SpMM-CSR-pre-plus-solve,AlphaSparse-SpMM-CSR-best-pre-plus-solve,AlphaSparseLib CSR PER MATRIX BEST,per-matrix-best,AlphaSparse-SpMM-CSR,best,pre-plus-solve,"csr-alg1,csr-alg2,csr-alg3,csr-alg4,csr-alg5",manual-selection,csr,ALPHASPARSE_SPMM_CSR_ALG5,workspace-setup,spmm.csr.fp64,fp64,A100-SXM4-80GB,A100-SXM4-80GB,,9700.0,a0827285-e98d-55a9-b486-73107367c8f5,suitesparse_all,JGD_BIBD/bibd_14_7,bibd_14_7,91,3432,72072,2,row-major,N,N,1.0,0.0,20260922,main,pass,pass,0,0,288288.0,0.02001,0.0124416001141,0.0324516001141,0.0134421001141,23.1712960837959,8.883629743568202,21.44664877905516,0.2388793410700608,0.09158381178936291,0.22109947194902227,AlphaSparse 248af573c867cf4c7e05d40c611c7c34ebac4715,CUDA,13040,13000,2026-10-06T09:01:09.015299+00:00,derived,csr-alg5,0,0,,,,5,20,4,true
3,A100-SXM4-80GB-suitesparse_all-fp64-n2-row-major-AlphaSparse-SpMM-CSR-pre-plus-solve,AlphaSparse-SpMM-CSR-best-pre-plus-solve,AlphaSparseLib CSR PER MATRIX BEST,per-matrix-best,AlphaSparse-SpMM-CSR,best,pre-plus-solve,"csr-alg1,csr-alg2,csr-alg3,csr-alg4,csr-alg5",manual-selection,csr,ALPHASPARSE_SPMM_CSR_ALG1,workspace-setup,spmm.csr.fp64,fp64,A100-SXM4-80GB,A100-SXM4-80GB,,9700.0,dd6a9a30-d69d-5ea7-834e-7b0f3242a57c,suitesparse_all,JGD_BIBD/bibd_15_3,bibd_15_3,105,455,1365,2,row-major,N,N,1.0,0.0,20260922,main,pass,pass,0,0,5460.0,0.01292,0.00650240033865,0.0194224003386,0.00714840033865,0.8396899168982237,0.28111870339469924,0.7638072493616299,0.008656597081424987,0.002898130962831951,0.007874301539810617,AlphaSparse 248af573c867cf4c7e05d40c611c7c34ebac4715,CUDA,13040,13000,2026-10-06T19:55:14.937736+00:00,derived,csr-alg1,0,0,,,,5,20,4,true
3,A100-SXM4-80GB-suitesparse_all-fp64-n2-row-major-AlphaSparse-SpMM-CSR-pre-plus-solve,AlphaSparse-SpMM-CSR-best-pre-plus-solve,AlphaSparseLib CSR PER MATRIX BEST,per-matrix-best,AlphaSparse-SpMM-CSR,best,pre-plus-solve,"csr-alg1,csr-alg2,csr-alg3,csr-alg4,csr-alg5",manual-selection,csr,ALPHASPARSE_SPMM_CSR_ALG5,workspace-setup,spmm.csr.fp64,fp64,A100-SXM4-80GB,A100-SXM4-80GB,,9700.0,005fdebf-9ece-5bc0-9d3c-6fda0356699d,suitesparse_all,JGD_BIBD/bibd_15_7,bibd_15_7,105,6435,135135,2,row-major,N,N,1.0,0.0,20260922,main,pass,pass,0,0,540540.0,0.01349,0.0139264002442,0.0274164002442,0.0146009002442,38.814050330423434,19.715936271186894,37.02100493527595,0.4001448487672519,0.20325707496068962,0.38165984469356645,AlphaSparse 248af573c867cf4c7e05d40c611c7c34ebac4715,CUDA,13040,13000,2026-10-08T15:37:11.246158+00:00,derived,csr-alg5,0,0,,,,5,20,4,true
3,A100-SXM4-80GB-suitesparse_all-fp64-n2-row-major-AlphaSparse-SpMM-CSR-pre-plus-solve,AlphaSparse-SpMM-CSR-best-pre-plus-solve,AlphaSparseLib CSR PER MATRIX BEST,per-matrix-best,AlphaSparse-SpMM-CSR,best,pre-plus-solve,"csr-alg1,csr-alg2,csr-alg3,csr-alg4,csr-alg5",manual-selection,csr,ALPHASPARSE_SPMM_CSR_ALG5,workspace-setup,spmm.csr.fp64,fp64,A100-SXM4-80GB,A100-SXM4-80GB,,9700.0,d94c6f41-d28e-5f45-abb9-189a8a3b4f78,suitesparse_all,JGD_BIBD/bibd_16_8,bibd_16_8,120,12870,360360,2,row-major,N,N,1.0,0.0,20260922,main,pass,pass,0,0,1441440.0,0.01357,0.0243200004101,0.0378900004101,0.0249985004101,59.26973584265959,38.04275493266472,57.66105871765106,0.6110282045635009,0.3921933498212858,0.594443904305681,AlphaSparse 248af573c867cf4c7e05d40c611c7c34ebac4715,CUDA,13040,13000,2026-10-06T03:41:16.159472+00:00,derived,csr-alg5,0,0,,,,5,20,4,true
3,A100-SXM4-80GB-suitesparse_all-fp64-n2-row-major-AlphaSparse-SpMM-CSR-pre-plus-solve,AlphaSparse-SpMM-CSR-best-pre-plus-solve,AlphaSparseLib CSR PER MATRIX BEST,per-matrix-best,AlphaSparse-SpMM-CSR,best,pre-plus-solve,"csr-alg1,csr-alg2,csr-alg3,csr-alg4,csr-alg5",manual-selection,csr,ALPHASPARSE_SPMM_CSR_ALG1,workspace-setup,spmm.csr.fp64,fp64,A100-SXM4-80GB,A100-SXM4-80GB,,9700.0,018f64fd-81d1-5f6a-986f-7d386c913e5c,suitesparse_all,JGD_BIBD/bibd_17_3,bibd_17_3,136,680,2040,2,row-major,N,N,1.0,0.0,20260922,main,pass,pass,0,0,8160.0,0.01584,0.00803840011358,0.0238784001136,0.00883040011358,1.0151273741916094,0.34173143766664893,0.9240804374708895,0.010465230661769168,0.0035230045120273083,0.009526602448153499,AlphaSparse 248af573c867cf4c7e05d40c611c7c34ebac4715,CUDA,13040,13000,2026-10-06T20:31:55.872980+00:00,derived,csr-alg1,0,0,,,,5,20,4,true
3,A100-SXM4-80GB-suitesparse_all-fp64-n2-row-major-AlphaSparse-SpMM-CSR-pre-plus-solve,AlphaSparse-SpMM-CSR-best-pre-plus-solve,AlphaSparseLib CSR PER MATRIX BEST,per-matrix-best,AlphaSparse-SpMM-CSR,best,pre-plus-solve,"csr-alg1,csr-alg2,csr-alg3,csr-alg4,csr-alg5",manual-selection,csr,ALPHASPARSE_SPMM_CSR_ALG3,workspace-setup,spmm.csr.fp64,fp64,A100-SXM4-80GB,A100-SXM4-80GB,,9700.0,752b02ae-c4ef-54eb-ad5c-0957985c94ee,suitesparse_all,JGD_BIBD/bibd_17_4,bibd_17_4,136,2380,14280,2,row-major,N,N,1.0,0.0,20260922,main,pass,pass,0,0,57120.0,0.01113,0.0140799999237,0.0252099999237,0.0146364999237,4.0568182038022185,2.265767559416028,3.9025723566266715,0.04182286808043524,0.02335842844758792,0.040232704707491455,AlphaSparse 248af573c867cf4c7e05d40c611c7c34ebac4715,CUDA,13040,13000,2026-10-08T05:59:04.894283+00:00,derived,csr-alg3,0,0,,,,5,20,4,true
3,A100-SXM4-80GB-suitesparse_all-fp64-n2-row-major-AlphaSparse-SpMM-CSR-pre-plus-solve,AlphaSparse-SpMM-CSR-best-pre-plus-solve,AlphaSparseLib CSR PER MATRIX BEST,per-matrix-best,AlphaSparse-SpMM-CSR,best,pre-plus-solve,"csr-alg1,csr-alg2,csr-alg3,csr-alg4,csr-alg5",manual-selection,csr,ALPHASPARSE_SPMM_CSR_ALG5,workspace-setup,spmm.csr.fp64,fp64,A100-SXM4-80GB,A100-SXM4-80GB,,9700.0,152f8cc9-7213-5fba-8430-8cd9341fa530,suitesparse_all,JGD_BIBD/bibd_17_8,bibd_17_8,136,24310,680680,2,row-major,N,N,1.0,0.0,20260922,main,pass,pass,0,0,2722720.0,0.01993,0.0376832008362,0.0576132008362,0.0386797008362,72.25288562495057,47.25861365941047,70.39144412026656,0.7448751095355729,0.48720220267433473,0.725684990930583,AlphaSparse 248af573c867cf4c7e05d40c611c7c34ebac4715,CUDA,13040,13000,2026-10-08T02:23:55.111178+00:00,derived,csr-alg5,0,0,,,,5,20,4,true
3,A100-SXM4-80GB-suitesparse_all-fp64-n2-row-major-AlphaSparse-SpMM-CSR-pre-plus-solve,AlphaSparse-SpMM-CSR-best-pre-plus-solve,AlphaSparseLib CSR PER MATRIX BEST,per-matrix-best,AlphaSparse-SpMM-CSR,best,pre-plus-solve,"csr-alg1,csr-alg2,csr-alg3,csr-alg4,csr-alg5",manual-selection,csr,ALPHASPARSE_SPMM_CSR_ALG5,workspace-setup,spmm.csr.fp64,fp64,A100-SXM4-80GB,A100-SXM4-80GB,,9700.0,a0827285-e98d-55a9-b486-73107367c8f5,suitesparse_all,JGD_BIBD/bibd_18_9,bibd_18_9,153,48620,1750320,2,row-major,N,N,1.0,0.0,20260922,main,pass,pass,0,0,7001280.0,0.01858,0.0634880006313,0.0820680006313,0.0644170006313,110.2772166453817,85.31071728497518,108.68683626039711,1.136878522117337,0.8794919307729401,1.120482848045331,AlphaSparse 248af573c867cf4c7e05d40c611c7c34ebac4715,CUDA,13040,13000,2026-10-06T09:01:10.270753+00:00,derived,csr-alg5,0,0,,,,5,20,4,true
3,A100-SXM4-80GB-suitesparse_all-fp64-n2-row-major-AlphaSparse-SpMM-CSR-pre-plus-solve,AlphaSparse-SpMM-CSR-best-pre-plus-solve,AlphaSparseLib CSR PER MATRIX BEST,per-matrix-best,AlphaSparse-SpMM-CSR,best,pre-plus-solve,"csr-alg1,csr-alg2,csr-alg3,csr-alg4,csr-alg5",manual-selection,csr,ALPHASPARSE_SPMM_CSR_ALG5,workspace-setup,spmm.csr.fp64,fp64,A100-SXM4-80GB,A100-SXM4-80GB,,9700.0,dd6a9a30-d69d-5ea7-834e-7b0f3242a57c,suitesparse_all,JGD_BIBD/bibd_19_9,bibd_19_9,171,92378,3325608,2,row-major,N,N,1.0,0.0,20260922,main,pass,pass,0,0,13302432.0,0.02108,0.122675204277,0.143755204277,0.123729204277,108.43619196233963,92.53530727393854,107.51246706653869,1.117898886209687,0.9539722399375108,1.108375949139574,AlphaSparse 248af573c867cf4c7e05d40c611c7c34ebac4715,CUDA,13040,13000,2026-10-06T22:25:42.736716+00:00,derived,csr-alg5,0,0,,,,5,20,4,true
3,A100-SXM4-80GB-suitesparse_all-fp64-n2-row-major-AlphaSparse-SpMM-CSR-pre-plus-solve,AlphaSparse-SpMM-CSR-best-pre-plus-solve,AlphaSparseLib CSR PER MATRIX BEST,per-matrix-best,AlphaSparse-SpMM-CSR,best,pre-plus-solve,"csr-alg1,csr-alg2,csr-alg3,csr-alg4,csr-alg5",manual-selection,csr,ALPHASPARSE_SPMM_CSR_ALG5,workspace-setup,spmm.csr.fp64,fp64,A100-SXM4-80GB,A100-SXM4-80GB,,9700.0,005fdebf-9ece-5bc0-9d3c-6fda0356699d,suitesparse_all,JGD_BIBD/bibd_20_10,bibd_20_10,190,184756,8314020,2,row-major,N,N,1.0,0.0,20260922,main,pass,pass,0,0,33256080.0,0.03819,0.542515182495,0.580705182495,0.544424682495,61.299814407141504,57.268440169786736,61.08481314181678,0.6319568495581599,0.5903962904101725,0.6297403416682142,AlphaSparse 248af573c867cf4c7e05d40c611c7c34ebac4715,CUDA,13040,13000,2026-10-08T15:37:14.828037+00:00,derived,csr-alg5,0,0,,,,5,20,4,true
3,A100-SXM4-80GB-suitesparse_all-fp64-n2-row-major-AlphaSparse-SpMM-CSR-pre-plus-solve,AlphaSparse-SpMM-CSR-best-pre-plus-solve,AlphaSparseLib CSR PER MATRIX BEST,per-matrix-best,AlphaSparse-SpMM-CSR,best,pre-plus-solve,"csr-alg1,csr-alg2,csr-alg3,csr-alg4,csr-alg5",manual-selection,csr,ALPHASPARSE_SPMM_CSR_ALG5,workspace-setup,spmm.csr.fp64,fp64,A100-SXM4-80GB,A100-SXM4-80GB,,9700.0,d94c6f41-d28e-5f45-abb9-189a8a3b4f78,suitesparse_all,JGD_BIBD/bibd_22_8,bibd_22_8,231,319770,8953560,2,row-major,N,N,1.0,0.0,20260922,main,pass,pass,0,0,35814240.0,0.04827,0.381849598885,0.430119598885,0.384263098885,93.79148257475589,83.26577094566566,93.20239206918559,0.9669225007706793,0.8584100097491306,0.9608494027751092,AlphaSparse 248af573c867cf4c7e05d40c611c7c34ebac4715,CUDA,13040,13000,2026-10-06T03:41:19.983351+00:00,derived,csr-alg5,0,0,,,,5,20,4,true
3,A100-SXM4-80GB-suitesparse_all-fp64-n2-row-major-AlphaSparse-SpMM-CSR-pre-plus-solve,AlphaSparse-SpMM-CSR-best-pre-plus-solve,AlphaSparseLib CSR PER MATRIX BEST,per-matrix-best,AlphaSparse-SpMM-CSR,best,pre-plus-solve,"csr-alg1,csr-alg2,csr-alg3,csr-alg4,csr-alg5",manual-selection,csr,ALPHASPARSE_SPMM_CSR_ALG3,workspace-setup,spmm.csr.fp64,fp64,A100-SXM4-80GB,A100-SXM4-80GB,,9700.0,018f64fd-81d1-5f6a-986f-7d386c913e5c,suitesparse_all,JGD_BIBD/bibd_49_3,bibd_49_3,1176,18424,55272,2,row-major,N,N,1.0,0.0,20260922,main,pass,pass,0,0,221088.0,0.01098,0.0153600007296,0.0263400007296,0.0159090007296,14.393749316296907,8.393621635383965,13.897038774323997,0.14838916820924644,0.08653218180808211,0.14326844097241234,AlphaSparse 248af573c867cf4c7e05d40c611c7c34ebac4715,CUDA,13040,13000,2026-10-06T21:56:57.066887+00:00,derived,csr-alg3,0,0,,,,5,20,4,true
3,A100-SXM4-80GB-suitesparse_all-fp64-n2-row-major-AlphaSparse-SpMM-CSR-pre-plus-solve,AlphaSparse-SpMM-CSR-best-pre-plus-solve,AlphaSparseLib CSR PER MATRIX BEST,per-matrix-best,AlphaSparse-SpMM-CSR,best,pre-plus-solve,"csr-alg1,csr-alg2,csr-alg3,csr-alg4,csr-alg5",manual-selection,csr,ALPHASPARSE_SPMM_CSR_ALG5,workspace-setup,spmm.csr.fp64,fp64,A100-SXM4-80GB,A100-SXM4-80GB,,9700.0,752b02ae-c4ef-54eb-ad5c-0957985c94ee,suitesparse_all,JGD_BIBD/bibd_81_3,bibd_81_3,3240,85320,255960,2,row-major,N,N,1.0,0.0,20260922,main,pass,pass,0,0,1023840.0,0.01417,0.0197119995952,0.0338819995952,0.0204204995952,51.939936131558746,30.217815129926553,50.13785266255982,0.5354632590882344,0.3115238673188304,0.5168850789954621,AlphaSparse 248af573c867cf4c7e05d40c611c7c34ebac4715,CUDA,13040,13000,2026-10-08T08:01:54.214260+00:00,derived,csr-alg5,0,0,,,,5,20,4,true
3,A100-SXM4-80GB-suitesparse_all-fp64-n2-row-major-AlphaSparse-SpMM-CSR-pre-plus-solve,AlphaSparse-SpMM-CSR-best-pre-plus-solve,AlphaSparseLib CSR PER MATRIX BEST,per-matrix-best,AlphaSparse-SpMM-CSR,best,pre-plus-solve,"csr-alg1,csr-alg2,csr-alg3,csr-alg4,csr-alg5",manual-selection,csr,ALPHASPARSE_SPMM_CSR_ALG1,workspace-setup,spmm.csr.fp64,fp64,A100-SXM4-80GB,A100-SXM4-80GB,,9700.0,005fdebf-9ece-5bc0-9d3c-6fda0356699d,suitesparse_all,JGD_BIBD/bibd_9_3,bibd_9_3,36,84,252,2,row-major,N,N,1.0,0.0,20260922,main,pass,pass,0,0,1008.0,0.01357,0.00419839993119,0.0177683999312,0.00487689993119,0.2400914673496317,0.05672992525511688,0.2066886780992532,0.0024751697664910483,0.0005848445902589369,0.0021308111144252907,AlphaSparse 248af573c867cf4c7e05d40c611c7c34ebac4715,CUDA,13040,13000,2026-10-08T13:59:12.993268+00:00,derived,csr-alg1,0,0,,,,5,20,4,true
3,A100-SXM4-80GB-suitesparse_all-fp64-n2-row-major-AlphaSparse-SpMM-CSR-pre-plus-solve,AlphaSparse-SpMM-CSR-best-pre-plus-solve,AlphaSparseLib CSR PER MATRIX BEST,per-matrix-best,AlphaSparse-SpMM-CSR,best,pre-plus-solve,"csr-alg1,csr-alg2,csr-alg3,csr-alg4,csr-alg5",manual-selection,csr,ALPHASPARSE_SPMM_CSR_ALG5,workspace-setup,spmm.csr.fp64,fp64,A100-SXM4-80GB,A100-SXM4-80GB,,9700.0,d94c6f41-d28e-5f45-abb9-189a8a3b4f78,suitesparse_all,JGD_BIBD/bibd_9_5,bibd_9_5,36,126,1260,2,row-major,N,N,1.0,0.0,20260922,main,pass,pass,0,0,5040.0,0.01257,0.0120832003653,0.0246532003653,0.0127117003653,0.4171080382374233,0.20443593226516452,0.3964851164804068,0.004300082868427044,0.002107586930568706,0.00408747542763306,AlphaSparse 248af573c867cf4c7e05d40c611c7c34ebac4715,CUDA,13040,13000,2026-10-06T03:41:15.412283+00:00,derived,csr-alg5,0,0,,,,5,20,4,true
3,A100-SXM4-80GB-suitesparse_all-fp64-n2-row-major-AlphaSparse-SpMM-CSR-pre-plus-solve,AlphaSparse-SpMM-CSR-best-pre-plus-solve,AlphaSparseLib CSR PER MATRIX BEST,per-matrix-best,AlphaSparse-SpMM-CSR,best,pre-plus-solve,"csr-alg1,csr-alg2,csr-alg3,csr-alg4,csr-alg5",manual-selection,csr,ALPHASPARSE_SPMM_CSR_ALG5,workspace-setup,spmm.csr.fp64,fp64,A100-SXM4-80GB,A100-SXM4-80GB,,9700.0,152f8cc9-7213-5fba-8430-8cd9341fa530,suitesparse_all,JGD_CAG/CAG_mat1916,CAG_mat1916,1916,1916,195985,2,row-major,N,N,1.0,0.0,20260922,main,pass,pass,0,0,783940.0,0.01793,0.0171519994736,0.0350819994736,0.0180484994736,45.7054584922664,22.345932722276352,43.435189786646205,0.4711902937347052,0.23037044043583868,0.44778546171800215,AlphaSparse 248af573c867cf4c7e05d40c611c7c34ebac4715,CUDA,13040,13000,2026-10-08T02:23:56.187947+00:00,derived,csr-alg5,0,0,,,,5,20,4,true
3,A100-SXM4-80GB-suitesparse_all-fp64-n2-row-major-AlphaSparse-SpMM-CSR-pre-plus-solve,AlphaSparse-SpMM-CSR-best-pre-plus-solve,AlphaSparseLib CSR PER MATRIX BEST,per-matrix-best,AlphaSparse-SpMM-CSR,best,pre-plus-solve,"csr-alg1,csr-alg2,csr-alg3,csr-alg4,csr-alg5",manual-selection,csr,ALPHASPARSE_SPMM_CSR_ALG5,workspace-setup,spmm.csr.fp64,fp64,A100-SXM4-80GB,A100-SXM4-80GB,,9700.0,a0827285-e98d-55a9-b486-73107367c8f5,suitesparse_all,JGD_CAG/CAG_mat364,CAG_mat364,364,364,13585,2,row-major,N,N,1.0,0.0,20260922,main,pass,pass,0,0,54340.0,0.01825,0.0110592000186,0.0293092000186,0.0119717000186,4.913556125995357,1.8540253560491289,4.539037890656623,0.05065521779376656,0.01911366346442401,0.0467942050583157,AlphaSparse 248af573c867cf4c7e05d40c611c7c34ebac4715,CUDA,13040,13000,2026-10-06T09:01:10.905182+00:00,derived,csr-alg5,0,0,,,,5,20,4,true
3,A100-SXM4-80GB-suitesparse_all-fp64-n2-row-major-AlphaSparse-SpMM-CSR-pre-plus-solve,AlphaSparse-SpMM-CSR-best-pre-plus-solve,AlphaSparseLib CSR PER MATRIX BEST,per-matrix-best,AlphaSparse-SpMM-CSR,best,pre-plus-solve,"csr-alg1,csr-alg2,csr-alg3,csr-alg4,csr-alg5",manual-selection,csr,ALPHASPARSE_SPMM_CSR_ALG1,workspace-setup,spmm.csr.fp64,fp64,A100-SXM4-80GB,A100-SXM4-80GB,,9700.0,dd6a9a30-d69d-5ea7-834e-7b0f3242a57c,suitesparse_all,JGD_CAG/CAG_mat72,CAG_mat72,72,72,1012,2,row-major,N,N,1.0,0.0,20260922,main,pass,pass,0,0,4048.0,0.01322,0.00808959975839,0.0213095997584,0.00875059975839,0.5003955845654392,0.1899613341355379,0.46259686327429306,0.005158717366654013,0.001958364269438535,0.004769039827570032,AlphaSparse 248af573c867cf4c7e05d40c611c7c34ebac4715,CUDA,13040,13000,2026-10-06T19:55:18.461191+00:00,derived,csr-alg1,0,0,,,,5,20,4,true
3,A100-SXM4-80GB-suitesparse_all-fp64-n2-row-major-AlphaSparse-SpMM-CSR-pre-plus-solve,AlphaSparse-SpMM-CSR-best-pre-plus-solve,AlphaSparseLib CSR PER MATRIX BEST,per-matrix-best,AlphaSparse-SpMM-CSR,best,pre-plus-solve,"csr-alg1,csr-alg2,csr-alg3,csr-alg4,csr-alg5",manual-selection,csr,ALPHASPARSE_SPMM_CSR_ALG1,workspace-setup,spmm.csr.fp64,fp64,A100-SXM4-80GB,A100-SXM4-80GB,,9700.0,005fdebf-9ece-5bc0-9d3c-6fda0356699d,suitesparse_all,JGD_Forest/TF10,TF10,99,107,622,2,row-major,N,N,1.0,0.0,20260922,main,pass,pass,0,0,2488.0,0.013149,0.00574080012739,0.0188898001274,0.00639825012739,0.43338906507639474,0.13171129303751133,0.38885632015998023,0.004467928505942214,0.0013578483818300136,0.004008828042886394,AlphaSparse 248af573c867cf4c7e05d40c611c7c34ebac4715,CUDA,13040,13000,2026-10-08T13:59:18.764326+00:00,derived,csr-alg1,0,0,,,,5,20,4,true
3,A100-SXM4-80GB-suitesparse_all-fp64-n2-row-major-AlphaSparse-SpMM-CSR-pre-plus-solve,AlphaSparse-SpMM-CSR-best-pre-plus-solve,AlphaSparseLib CSR PER MATRIX BEST,per-matrix-best,AlphaSparse-SpMM-CSR,best,pre-plus-solve,"csr-alg1,csr-alg2,csr-alg3,csr-alg4,csr-alg5",manual-selection,csr,ALPHASPARSE_SPMM_CSR_ALG1,workspace-setup,spmm.csr.fp64,fp64,A100-SXM4-80GB,A100-SXM4-80GB,,9700.0,d94c6f41-d28e-5f45-abb9-189a8a3b4f78,suitesparse_all,JGD_Forest/TF11,TF11,216,236,1607,2,row-major,N,N,1.0,0.0,20260922,main,pass,pass,0,0,6428.0,0.01321,0.00711679980159,0.0203267998016,0.00777729980159,0.9032149532383766,0.31623275984122334,0.8265079351429725,0.009311494363282232,0.00326013154475488,0.008520700362298685,AlphaSparse 248af573c867cf4c7e05d40c611c7c34ebac4715,CUDA,13040,13000,2026-10-06T01:58:27.313147+00:00,derived,csr-alg1,0,0,,,,5,20,4,true
3,A100-SXM4-80GB-suitesparse_all-fp64-n2-row-major-AlphaSparse-SpMM-CSR-pre-plus-solve,AlphaSparse-SpMM-CSR-best-pre-plus-solve,AlphaSparseLib CSR PER MATRIX BEST,per-matrix-best,AlphaSparse-SpMM-CSR,best,pre-plus-solve,"csr-alg1,csr-alg2,csr-alg3,csr-alg4,csr-alg5",manual-selection,csr,ALPHASPARSE_SPMM_CSR_ALG3,workspace-setup,spmm.csr.fp64,fp64,A100-SXM4-80GB,A100-SXM4-80GB,,9700.0,018f64fd-81d1-5f6a-986f-7d386c913e5c,suitesparse_all,JGD_Forest/TF12,TF12,488,552,4231,2,row-major,N,N,1.0,0.0,20260922,main,pass,pass,0,0,16924.0,0.01149,0.0139264002442,0.0254164002442,0.0145009002442,1.215245842661202,0.6658692748538236,1.1670999534507644,0.012528307656301052,0.006864631699523956,0.012031958282997572,AlphaSparse 248af573c867cf4c7e05d40c611c7c34ebac4715,CUDA,13040,13000,2026-10-06T21:56:57.983208+00:00,derived,csr-alg3,0,0,,,,5,20,4,true
3,A100-SXM4-80GB-suitesparse_all-fp64-n2-row-major-AlphaSparse-SpMM-CSR-pre-plus-solve,AlphaSparse-SpMM-CSR-best-pre-plus-solve,AlphaSparseLib CSR PER MATRIX BEST,per-matrix-best,AlphaSparse-SpMM-CSR,best,pre-plus-solve,"csr-alg1,csr-alg2,csr-alg3,csr-alg4,csr-alg5",manual-selection,csr,ALPHASPARSE_SPMM_CSR_ALG3,workspace-setup,spmm.csr.fp64,fp64,A100-SXM4-80GB,A100-SXM4-80GB,,9700.0,752b02ae-c4ef-54eb-ad5c-0957985c94ee,suitesparse_all,JGD_Forest/TF14,TF14,2644,3160,29862,2,row-major,N,N,1.0,0.0,20260922,main,pass,pass,0,0,119448.0,0.01144,0.0149504005909,0.0263904005909,0.0155224005909,7.989618691067417,4.526191240961622,7.695201479984116,0.08236720300069501,0.04666176537073837,0.0793319740204548,AlphaSparse 248af573c867cf4c7e05d40c611c7c34ebac4715,CUDA,13040,13000,2026-10-08T05:59:06.269002+00:00,derived,csr-alg3,0,0,,,,5,20,4,true
3,A100-SXM4-80GB-suitesparse_all-fp64-n2-row-major-AlphaSparse-SpMM-CSR-pre-plus-solve,AlphaSparse-SpMM-CSR-best-pre-plus-solve,AlphaSparseLib CSR PER MATRIX BEST,per-matrix-best,AlphaSparse-SpMM-CSR,best,pre-plus-solve,"csr-alg1,csr-alg2,csr-alg3,csr-alg4,csr-alg5",manual-selection,csr,ALPHASPARSE_SPMM_CSR_ALG1,workspace-setup,spmm.csr.fp64,fp64,A100-SXM4-80GB,A100-SXM4-80GB,,9700.0,152f8cc9-7213-5fba-8430-8cd9341fa530,suitesparse_all,JGD_Forest/TF15,TF15,6334,7742,80057,2,row-major,N,N,1.0,0.0,20260922,main,pass,pass,0,0,320228.0,0.01716,0.0186880007386,0.0358480007386,0.0195460007386,17.135487336458105,8.93293889204785,16.383300312048213,0.17665450862327944,0.0920921535262665,0.1689000032169919,AlphaSparse 248af573c867cf4c7e05d40c611c7c34ebac4715,CUDA,13040,13000,2026-10-07T22:29:11.644616+00:00,derived,csr-alg1,0,0,,,,5,20,4,true
3,A100-SXM4-80GB-suitesparse_all-fp64-n2-row-major-AlphaSparse-SpMM-CSR-pre-plus-solve,AlphaSparse-SpMM-CSR-best-pre-plus-solve,AlphaSparseLib CSR PER MATRIX BEST,per-matrix-best,AlphaSparse-SpMM-CSR,best,pre-plus-solve,"csr-alg1,csr-alg2,csr-alg3,csr-alg4,csr-alg5",manual-selection,csr,ALPHASPARSE_SPMM_CSR_ALG5,workspace-setup,spmm.csr.fp64,fp64,A100-SXM4-80GB,A100-SXM4-80GB,,9700.0,a0827285-e98d-55a9-b486-73107367c8f5,suitesparse_all,JGD_Forest/TF16,TF16,15437,19321,216173,2,row-major,N,N,1.0,0.0,20260922,main,pass,pass,0,0,864692.0,0.01993,0.0171519994736,0.0370819994736,0.0181484994736,50.41348102481672,23.318375823170086,47.64537152274422,0.5197266085032651,0.24039562704299058,0.491189397141693,AlphaSparse 248af573c867cf4c7e05d40c611c7c34ebac4715,CUDA,13040,13000,2026-10-06T09:01:11.738935+00:00,derived,csr-alg5,0,0,,,,5,20,4,true
3,A100-SXM4-80GB-suitesparse_all-fp64-n2-row-major-AlphaSparse-SpMM-CSR-pre-plus-solve,AlphaSparse-SpMM-CSR-best-pre-plus-solve,AlphaSparseLib CSR PER MATRIX BEST,per-matrix-best,AlphaSparse-SpMM-CSR,best,pre-plus-solve,"csr-alg1,csr-alg2,csr-alg3,csr-alg4,csr-alg5",manual-selection,csr,ALPHASPARSE_SPMM_CSR_ALG1,workspace-setup,spmm.csr.fp64,fp64,A100-SXM4-80GB,A100-SXM4-80GB,,9700.0,dd6a9a30-d69d-5ea7-834e-7b0f3242a57c,suitesparse_all,JGD_Forest/TF17,TF17,38132,48630,586218,2,row-major,N,N,1.0,0.0,20260922,main,pass,pass,0,0,2344872.0,0.0146,0.024012799561,0.038612799561,0.024742799561,97.65092129484086,60.727842235204974,94.7698741292002,1.0067105288127924,0.6260602292289172,0.9770090116412392,AlphaSparse 248af573c867cf4c7e05d40c611c7c34ebac4715,CUDA,13040,13000,2026-10-06T19:55:20.077443+00:00,derived,csr-alg1,0,0,,,,5,20,4,true
3,A100-SXM4-80GB-suitesparse_all-fp64-n2-row-major-AlphaSparse-SpMM-CSR-pre-plus-solve,AlphaSparse-SpMM-CSR-best-pre-plus-solve,AlphaSparseLib CSR PER MATRIX BEST,per-matrix-best,AlphaSparse-SpMM-CSR,best,pre-plus-solve,"csr-alg1,csr-alg2,csr-alg3,csr-alg4,csr-alg5",manual-selection,csr,ALPHASPARSE_SPMM_CSR_ALG5,workspace-setup,spmm.csr.fp64,fp64,A100-SXM4-80GB,A100-SXM4-80GB,,9700.0,005fdebf-9ece-5bc0-9d3c-6fda0356699d,suitesparse_all,JGD_Forest/TF18,TF18,95368,123867,1597545,2,row-major,N,N,1.0,0.0,20260922,main,pass,pass,0,0,6390180.0,0.0141,0.0437247991562,0.0578247991562,0.0444297991562,146.1454397348306,110.50933324884436,143.8264435437646,1.5066540178848515,1.1392714767922099,1.482746840657367,AlphaSparse 248af573c867cf4c7e05d40c611c7c34ebac4715,CUDA,13040,13000,2026-10-08T15:37:16.970354+00:00,derived,csr-alg5,0,0,,,,5,20,4,true
3,A100-SXM4-80GB-suitesparse_all-fp64-n2-row-major-AlphaSparse-SpMM-CSR-pre-plus-solve,AlphaSparse-SpMM-CSR-best-pre-plus-solve,AlphaSparseLib CSR PER MATRIX BEST,per-matrix-best,AlphaSparse-SpMM-CSR,best,pre-plus-solve,"csr-alg1,csr-alg2,csr-alg3,csr-alg4,csr-alg5",manual-selection,csr,ALPHASPARSE_SPMM_CSR_ALG5,workspace-setup,spmm.csr.fp64,fp64,A100-SXM4-80GB,A100-SXM4-80GB,,9700.0,d94c6f41-d28e-5f45-abb9-189a8a3b4f78,suitesparse_all,JGD_Forest/TF19,TF19,241029,317955,4370721,2,row-major,N,N,1.0,0.0,20260922,main,pass,pass,0,0,17482884.0,0.03972,0.148736000061,0.188456000061,0.150722000061,117.5430561049771,92.76904950938727,115.99424100611955,1.211784083556465,0.9563819537050233,1.1958169175888613,AlphaSparse 248af573c867cf4c7e05d40c611c7c34ebac4715,CUDA,13040,13000,2026-10-06T03:41:24.138627+00:00,derived,csr-alg5,0,0,,,,5,20,4,true
3,A100-SXM4-80GB-suitesparse_all-fp64-n2-row-major-AlphaSparse-SpMM-CSR-pre-plus-solve,AlphaSparse-SpMM-CSR-best-pre-plus-solve,AlphaSparseLib CSR PER MATRIX BEST,per-matrix-best,AlphaSparse-SpMM-CSR,best,pre-plus-solve,"csr-alg1,csr-alg2,csr-alg3,csr-alg4,csr-alg5",manual-selection,csr,ALPHASPARSE_SPMM_CSR_ALG1,workspace-setup,spmm.csr.fp64,fp64,A100-SXM4-80GB,A100-SXM4-80GB,,9700.0,018f64fd-81d1-5f6a-986f-7d386c913e5c,suitesparse_all,JGD_Franz/Franz1,Franz1,2240,768,5120,2,row-major,N,N,1.0,0.0,20260922,main,pass,pass,0,0,20480.0,0.014829,0.00568320006132,0.0205122000613,0.00642465006132,3.603603564721817,0.9984301995298518,3.1877222579485065,0.037150552213626974,0.010293094840513935,0.03286311606132481,AlphaSparse 248af573c867cf4c7e05d40c611c7c34ebac4715,CUDA,13040,13000,2026-10-06T20:31:58.762381+00:00,derived,csr-alg1,0,0,,,,5,20,4,true
3,A100-SXM4-80GB-suitesparse_all-fp64-n2-row-major-AlphaSparse-SpMM-CSR-pre-plus-solve,AlphaSparse-SpMM-CSR-best-pre-plus-solve,AlphaSparseLib CSR PER MATRIX BEST,per-matrix-best,AlphaSparse-SpMM-CSR,best,pre-plus-solve,"csr-alg1,csr-alg2,csr-alg3,csr-alg4,csr-alg5",manual-selection,csr,ALPHASPARSE_SPMM_CSR_ALG1,workspace-setup,spmm.csr.fp64,fp64,A100-SXM4-80GB,A100-SXM4-80GB,,9700.0,752b02ae-c4ef-54eb-ad5c-0957985c94ee,suitesparse_all,JGD_Franz/Franz11,Franz11,47104,30144,329728,2,row-major,N,N,1.0,0.0,20260922,main,pass,pass,0,0,1318912.0,0.02038,0.00851040035486,0.0288904003549,0.00952940035486,154.97649287989304,45.652257628762975,138.40451139481763,1.5976958028854953,0.47064183122436054,1.4268506329362642,AlphaSparse 248af573c867cf4c7e05d40c611c7c34ebac4715,CUDA,13040,13000,2026-10-08T03:37:35.933996+00:00,derived,csr-alg1,0,0,,,,5,20,4,true
3,A100-SXM4-80GB-suitesparse_all-fp64-n2-row-major-AlphaSparse-SpMM-CSR-pre-plus-solve,AlphaSparse-SpMM-CSR-best-pre-plus-solve,AlphaSparseLib CSR PER MATRIX BEST,per-matrix-best,AlphaSparse-SpMM-CSR,best,pre-plus-solve,"csr-alg1,csr-alg2,csr-alg3,csr-alg4,csr-alg5",manual-selection,csr,ALPHASPARSE_SPMM_CSR_ALG4,workspace-setup,spmm.csr.fp64,fp64,A100-SXM4-80GB,A100-SXM4-80GB,,9700.0,752b02ae-c4ef-54eb-ad5c-0957985c94ee,suitesparse_all,JGD_Franz/Franz3,Franz3,1280,2800,11520,2,row-major,N,N,1.0,0.0,20260922,main,pass,pass,0,0,46080.0,0.01226,0.0117760002613,0.0240360002613,0.0123890002613,3.913043391433573,1.9171242926882768,3.7194284468571595,0.040340653519933746,0.019764167965858524,0.03834462316347587,AlphaSparse 248af573c867cf4c7e05d40c611c7c34ebac4715,CUDA,13040,13000,2026-10-08T07:00:29.403774+00:00,derived,csr-alg4,0,0,,,,5,20,4,true
3,A100-SXM4-80GB-suitesparse_all-fp64-n2-row-major-AlphaSparse-SpMM-CSR-pre-plus-solve,AlphaSparse-SpMM-CSR-best-pre-plus-solve,AlphaSparseLib CSR PER MATRIX BEST,per-matrix-best,AlphaSparse-SpMM-CSR,best,pre-plus-solve,"csr-alg1,csr-alg2,csr-alg3,csr-alg4,csr-alg5",manual-selection,csr,ALPHASPARSE_SPMM_CSR_ALG1,workspace-setup,spmm.csr.fp64,fp64,A100-SXM4-80GB,A100-SXM4-80GB,,9700.0,152f8cc9-7213-5fba-8430-8cd9341fa530,suitesparse_all,JGD_Franz/Franz4,Franz4,6784,5252,46528,2,row-major,N,N,1.0,0.0,20260922,main,pass,pass,0,0,186112.0,0.01743,0.00624639987946,0.0236763998795,0.00711789987946,29.795082542184176,7.860654531398729,26.147038192692225,0.30716579940396055,0.08103767558143019,0.26955709477002293,AlphaSparse 248af573c867cf4c7e05d40c611c7c34ebac4715,CUDA,13040,13000,2026-10-07T22:29:12.274760+00:00,derived,csr-alg1,0,0,,,,5,20,4,true
3,A100-SXM4-80GB-suitesparse_all-fp64-n2-row-major-AlphaSparse-SpMM-CSR-pre-plus-solve,AlphaSparse-SpMM-CSR-best-pre-plus-solve,AlphaSparseLib CSR PER MATRIX BEST,per-matrix-best,AlphaSparse-SpMM-CSR,best,pre-plus-solve,"csr-alg1,csr-alg2,csr-alg3,csr-alg4,csr-alg5",manual-selection,csr,ALPHASPARSE_SPMM_CSR_ALG1,workspace-setup,spmm.csr.fp64,fp64,A100-SXM4-80GB,A100-SXM4-80GB,,9700.0,a0827285-e98d-55a9-b486-73107367c8f5,suitesparse_all,JGD_Franz/Franz5,Franz5,7382,2882,44056,2,row-major,N,N,1.0,0.0,20260922,main,pass,pass,0,0,176224.0,0.01706,0.00499520003796,0.022055200038,0.00584820003796,35.27866725272698,7.990133832219835,30.133032190443227,0.36369760054357714,0.0823725137342251,0.31064981639632194,AlphaSparse 248af573c867cf4c7e05d40c611c7c34ebac4715,CUDA,13040,13000,2026-10-06T07:09:01.953453+00:00,derived,csr-alg1,0,0,,,,5,20,4,true
3,A100-SXM4-80GB-suitesparse_all-fp64-n2-row-major-AlphaSparse-SpMM-CSR-pre-plus-solve,AlphaSparse-SpMM-CSR-best-pre-plus-solve,AlphaSparseLib CSR PER MATRIX BEST,per-matrix-best,AlphaSparse-SpMM-CSR,best,pre-plus-solve,"csr-alg1,csr-alg2,csr-alg3,csr-alg4,csr-alg5",manual-selection,csr,ALPHASPARSE_SPMM_CSR_ALG1,workspace-setup,spmm.csr.fp64,fp64,A100-SXM4-80GB,A100-SXM4-80GB,,9700.0,dd6a9a30-d69d-5ea7-834e-7b0f3242a57c,suitesparse_all,JGD_Franz/Franz6,Franz6,7576,3016,45456,2,row-major,N,N,1.0,0.0,20260922,main,pass,pass,0,0,181824.0,0.01381,0.00496639981866,0.0187763998187,0.00565689981866,36.61082607905267,9.683645520741193,32.14198692369105,0.3774311966912647,0.09983139712104322,0.33136068993495926,AlphaSparse 248af573c867cf4c7e05d40c611c7c34ebac4715,CUDA,13040,13000,2026-10-06T19:55:21.240006+00:00,derived,csr-alg1,0,0,,,,5,20,4,true
3,A100-SXM4-80GB-suitesparse_all-fp64-n2-row-major-AlphaSparse-SpMM-CSR-pre-plus-solve,AlphaSparse-SpMM-CSR-best-pre-plus-solve,AlphaSparseLib CSR PER MATRIX BEST,per-matrix-best,AlphaSparse-SpMM-CSR,best,pre-plus-solve,"csr-alg1,csr-alg2,csr-alg3,csr-alg4,csr-alg5",manual-selection,csr,ALPHASPARSE_SPMM_CSR_ALG1,workspace-setup,spmm.csr.fp64,fp64,A100-SXM4-80GB,A100-SXM4-80GB,,9700.0,005fdebf-9ece-5bc0-9d3c-6fda0356699d,suitesparse_all,JGD_Franz/Franz7,Franz7,10164,1740,40424,2,row-major,N,N,1.0,0.0,20260922,main,pass,pass,0,0,161696.0,0.01325,0.00450560003519,0.0177556000352,0.00516810003519,35.88778381061544,9.106760665899325,31.28732007875219,0.36997715268675707,0.09388413057628169,0.32254969153352775,AlphaSparse 248af573c867cf4c7e05d40c611c7c34ebac4715,CUDA,13040,13000,2026-10-08T13:59:20.977201+00:00,derived,csr-alg1,0,0,,,,5,20,4,true
3,A100-SXM4-80GB-suitesparse_all-fp64-n2-row-major-AlphaSparse-SpMM-CSR-pre-plus-solve,AlphaSparse-SpMM-CSR-best-pre-plus-solve,AlphaSparseLib CSR PER MATRIX BEST,per-matrix-best,AlphaSparse-SpMM-CSR,best,pre-plus-solve,"csr-alg1,csr-alg2,csr-alg3,csr-alg4,csr-alg5",manual-selection,csr,ALPHASPARSE_SPMM_CSR_ALG1,workspace-setup,spmm.csr.fp64,fp64,A100-SXM4-80GB,A100-SXM4-80GB,,9700.0,d94c6f41-d28e-5f45-abb9-189a8a3b4f78,suitesparse_all,JGD_Franz/Franz8,Franz8,16728,7176,100368,2,row-major,N,N,1.0,0.0,20260922,main,pass,pass,0,0,401472.0,0.01321,0.00808959975839,0.0212995997584,0.00875009975839,49.62816603919368,18.848804886189,45.88199118702048,0.5116305777236462,0.19431757614627837,0.4730102184228916,AlphaSparse 248af573c867cf4c7e05d40c611c7c34ebac4715,CUDA,13040,13000,2026-10-06T01:58:31.663044+00:00,derived,csr-alg1,0,0,,,,5,20,4,true
3,A100-SXM4-80GB-suitesparse_all-fp64-n2-row-major-AlphaSparse-SpMM-CSR-pre-plus-solve,AlphaSparse-SpMM-CSR-best-pre-plus-solve,AlphaSparseLib CSR PER MATRIX BEST,per-matrix-best,AlphaSparse-SpMM-CSR,best,pre-plus-solve,"csr-alg1,csr-alg2,csr-alg3,csr-alg4,csr-alg5",manual-selection,csr,ALPHASPARSE_SPMM_CSR_ALG4,workspace-setup,spmm.csr.fp64,fp64,A100-SXM4-80GB,A100-SXM4-80GB,,9700.0,018f64fd-81d1-5f6a-986f-7d386c913e5c,suitesparse_all,JGD_Franz/Franz9,Franz9,19588,4164,97508,2,row-major,N,N,1.0,0.0,20260922,main,pass,pass,0,0,390032.0,0.01318,0.014284799993,0.027464799993,0.014943799993,27.303987468576942,14.201159305707964,26.099921049712886,0.2814844068925458,0.14640370418255633,0.2690713510279679,AlphaSparse 248af573c867cf4c7e05d40c611c7c34ebac4715,CUDA,13040,13000,2026-10-06T22:34:22.677903+00:00,derived,csr-alg4,0,0,,,,5,20,4,true
3,A100-SXM4-80GB-suitesparse_all-fp64-n2-row-major-AlphaSparse-SpMM-CSR-pre-plus-solve,AlphaSparse-SpMM-CSR-best-pre-plus-solve,AlphaSparseLib CSR PER MATRIX BEST,per-matrix-best,AlphaSparse-SpMM-CSR,best,pre-plus-solve,"csr-alg1,csr-alg2,csr-alg3,csr-alg4,csr-alg5",manual-selection,csr,ALPHASPARSE_SPMM_CSR_ALG2,workspace-setup,spmm.csr.fp64,fp64,A100-SXM4-80GB,A100-SXM4-80GB,,9700.0,d94c6f41-d28e-5f45-abb9-189a8a3b4f78,suitesparse_all,JGD_G5/IG5-10,IG5-10,652,976,10273,2,row-major,N,N,1.0,0.0,20260922,main,pass,pass,0,0,41092.0,0.0124,0.0123903997242,0.0247903997242,0.0130103997242,3.3164386068790166,1.6575771450706636,3.1583964267882414,0.03419008873071151,0.01708842417598622,0.03256078790503342,AlphaSparse 248af573c867cf4c7e05d40c611c7c34ebac4715,CUDA,13040,13000,2026-10-06T02:28:33.729804+00:00,derived,csr-alg2,0,0,,,,5,20,4,true
3,A100-SXM4-80GB-suitesparse_all-fp64-n2-row-major-AlphaSparse-SpMM-CSR-pre-plus-solve,AlphaSparse-SpMM-CSR-best-pre-plus-solve,AlphaSparseLib CSR PER MATRIX BEST,per-matrix-best,AlphaSparse-SpMM-CSR,best,pre-plus-solve,"csr-alg1,csr-alg2,csr-alg3,csr-alg4,csr-alg5",manual-selection,csr,ALPHASPARSE_SPMM_CSR_ALG3,workspace-setup,spmm.csr.fp64,fp64,A100-SXM4-80GB,A100-SXM4-80GB,,9700.0,018f64fd-81d1-5f6a-986f-7d386c913e5c,suitesparse_all,JGD_G5/IG5-11,IG5-11,1227,1692,22110,2,row-major,N,N,1.0,0.0,20260922,main,pass,pass,0,0,88440.0,0.0119,0.0143871992826,0.0262871992826,0.0149821992826,6.147131089437266,3.3643751488786457,5.903005181803468,0.06337248545811615,0.034684279885346864,0.06085572352374709,AlphaSparse 248af573c867cf4c7e05d40c611c7c34ebac4715,CUDA,13040,13000,2026-10-06T21:57:01.381122+00:00,derived,csr-alg3,0,0,,,,5,20,4,true
3,A100-SXM4-80GB-suitesparse_all-fp64-n2-row-major-AlphaSparse-SpMM-CSR-pre-plus-solve,AlphaSparse-SpMM-CSR-best-pre-plus-solve,AlphaSparseLib CSR PER MATRIX BEST,per-matrix-best,AlphaSparse-SpMM-CSR,best,pre-plus-solve,"csr-alg1,csr-alg2,csr-alg3,csr-alg4,csr-alg5",manual-selection,csr,ALPHASPARSE_SPMM_CSR_ALG3,workspace-setup,spmm.csr.fp64,fp64,A100-SXM4-80GB,A100-SXM4-80GB,,9700.0,752b02ae-c4ef-54eb-ad5c-0957985c94ee,suitesparse_all,JGD_G5/IG5-13,IG5-13,3994,4731,91209,2,row-major,N,N,1.0,0.0,20260922,main,pass,pass,0,0,364836.0,0.01117,0.0169983997941,0.0281683997941,0.0175568997941,21.46296147985833,12.95196044740946,20.780206316527664,0.2212676441222508,0.1335253654372109,0.21422893109822333,AlphaSparse 248af573c867cf4c7e05d40c611c7c34ebac4715,CUDA,13040,13000,2026-10-08T05:59:08.257026+00:00,derived,csr-alg3,0,0,,,,5,20,4,true
3,A100-SXM4-80GB-suitesparse_all-fp64-n2-row-major-AlphaSparse-SpMM-CSR-pre-plus-solve,AlphaSparse-SpMM-CSR-best-pre-plus-solve,AlphaSparseLib CSR PER MATRIX BEST,per-matrix-best,AlphaSparse-SpMM-CSR,best,pre-plus-solve,"csr-alg1,csr-alg2,csr-alg3,csr-alg4,csr-alg5",manual-selection,csr,ALPHASPARSE_SPMM_CSR_ALG3,workspace-setup,spmm.csr.fp64,fp64,A100-SXM4-80GB,A100-SXM4-80GB,,9700.0,152f8cc9-7213-5fba-8430-8cd9341fa530,suitesparse_all,JGD_G5/IG5-14,IG5-14,6735,7621,173337,2,row-major,N,N,1.0,0.0,20260922,main,pass,pass,0,0,693348.0,0.01461,0.0199167996645,0.0345267996645,0.0206472996645,34.81221941674866,20.08144417488225,33.580565558997044,0.35888885996648107,0.20702519767919844,0.34619139751543343,AlphaSparse 248af573c867cf4c7e05d40c611c7c34ebac4715,CUDA,13040,13000,2026-10-08T00:26:21.748150+00:00,derived,csr-alg3,0,0,,,,5,20,4,true
3,A100-SXM4-80GB-suitesparse_all-fp64-n2-row-major-AlphaSparse-SpMM-CSR-pre-plus-solve,AlphaSparse-SpMM-CSR-best-pre-plus-solve,AlphaSparseLib CSR PER MATRIX BEST,per-matrix-best,AlphaSparse-SpMM-CSR,best,pre-plus-solve,"csr-alg1,csr-alg2,csr-alg3,csr-alg4,csr-alg5",manual-selection,csr,ALPHASPARSE_SPMM_CSR_ALG5,workspace-setup,spmm.csr.fp64,fp64,A100-SXM4-80GB,A100-SXM4-80GB,,9700.0,a0827285-e98d-55a9-b486-73107367c8f5,suitesparse_all,JGD_G5/IG5-15,IG5-15,11369,11987,323509,2,row-major,N,N,1.0,0.0,20260922,main,pass,pass,0,0,1294036.0,0.01979,0.0209408000112,0.0407308000112,0.0219303000112,61.79496482025024,31.77045380017508,59.00676230325734,0.6370614929922706,0.3275304515481967,0.6083171371469829,AlphaSparse 248af573c867cf4c7e05d40c611c7c34ebac4715,CUDA,13040,13000,2026-10-06T09:01:14.363690+00:00,derived,csr-alg5,0,0,,,,5,20,4,true
3,A100-SXM4-80GB-suitesparse_all-fp64-n2-row-major-AlphaSparse-SpMM-CSR-pre-plus-solve,AlphaSparse-SpMM-CSR-best-pre-plus-solve,AlphaSparseLib CSR PER MATRIX BEST,per-matrix-best,AlphaSparse-SpMM-CSR,best,pre-plus-solve,"csr-alg1,csr-alg2,csr-alg3,csr-alg4,csr-alg5",manual-selection,csr,ALPHASPARSE_SPMM_CSR_ALG5,workspace-setup,spmm.csr.fp64,fp64,A100-SXM4-80GB,A100-SXM4-80GB,,9700.0,dd6a9a30-d69d-5ea7-834e-7b0f3242a57c,suitesparse_all,JGD_G5/IG5-16,IG5-16,18846,18485,588326,2,row-major,N,N,1.0,0.0,20260922,main,pass,pass,0,0,2353304.0,0.01407,0.026163199544,0.040233199544,0.026866699544,89.94710283970917,58.49159466987878,87.5918531096817,0.9272897199970018,0.603006130617307,0.9030087949451722,AlphaSparse 248af573c867cf4c7e05d40c611c7c34ebac4715,CUDA,13040,13000,2026-10-06T22:25:47.013471+00:00,derived,csr-alg5,0,0,,,,5,20,4,true
3,A100-SXM4-80GB-suitesparse_all-fp64-n2-row-major-AlphaSparse-SpMM-CSR-pre-plus-solve,AlphaSparse-SpMM-CSR-best-pre-plus-solve,AlphaSparseLib CSR PER MATRIX BEST,per-matrix-best,AlphaSparse-SpMM-CSR,best,pre-plus-solve,"csr-alg1,csr-alg2,csr-alg3,csr-alg4,csr-alg5",manual-selection,csr,ALPHASPARSE_SPMM_CSR_ALG5,workspace-setup,spmm.csr.fp64,fp64,A100-SXM4-80GB,A100-SXM4-80GB,,9700.0,005fdebf-9ece-5bc0-9d3c-6fda0356699d,suitesparse_all,JGD_G5/IG5-17,IG5-17,30162,27944,1035008,2,row-major,N,N,1.0,0.0,20260922,main,pass,pass,0,0,4140032.0,0.01493,0.0313199996948,0.0462499996948,0.0320664996948,132.18493104542912,89.51420599610239,129.10769929376983,1.362731247891022,0.9228268659391999,1.3310072092141219,AlphaSparse 248af573c867cf4c7e05d40c611c7c34ebac4715,CUDA,13040,13000,2026-10-08T15:37:19.830802+00:00,derived,csr-alg5,0,0,,,,5,20,4,true
3,A100-SXM4-80GB-suitesparse_all-fp64-n2-row-major-AlphaSparse-SpMM-CSR-pre-plus-solve,AlphaSparse-SpMM-CSR-best-pre-plus-solve,AlphaSparseLib CSR PER MATRIX BEST,per-matrix-best,AlphaSparse-SpMM-CSR,best,pre-plus-solve,"csr-alg1,csr-alg2,csr-alg3,csr-alg4,csr-alg5",manual-selection,csr,ALPHASPARSE_SPMM_CSR_ALG1,workspace-setup,spmm.csr.fp64,fp64,A100-SXM4-80GB,A100-SXM4-80GB,,9700.0,d94c6f41-d28e-5f45-abb9-189a8a3b4f78,suitesparse_all,JGD_G5/IG5-18,IG5-18,47894,41550,1790490,2,row-major,N,N,1.0,0.0,20260922,main,pass,pass,0,0,7161960.0,0.01452,0.056268799305,0.070788799305,0.056994799305,127.28119470222273,101.17363298029738,125.6598862937254,1.3121772649713683,1.043027144126777,1.2954627452961383,AlphaSparse 248af573c867cf4c7e05d40c611c7c34ebac4715,CUDA,13040,13000,2026-10-06T01:58:34.935444+00:00,derived,csr-alg1,0,0,,,,5,20,4,true
3,A100-SXM4-80GB-suitesparse_all-fp64-n2-row-major-AlphaSparse-SpMM-CSR-pre-plus-solve,AlphaSparse-SpMM-CSR-best-pre-plus-solve,AlphaSparseLib CSR PER MATRIX BEST,per-matrix-best,AlphaSparse-SpMM-CSR,best,pre-plus-solve,"csr-alg1,csr-alg2,csr-alg3,csr-alg4,csr-alg5",manual-selection,csr,ALPHASPARSE_SPMM_CSR_ALG1,workspace-setup,spmm.csr.fp64,fp64,A100-SXM4-80GB,A100-SXM4-80GB,,9700.0,152f8cc9-7213-5fba-8430-8cd9341fa530,suitesparse_all,JGD_G5/IG5-6,IG5-6,30,77,251,2,row-major,N,N,1.0,0.0,20260922,main,pass,pass,0,0,1004.0,0.01215,0.00921600013971,0.0213660001397,0.00982350013971,0.108940970570731,0.04699054541961157,0.10220389736052259,0.0011231027893889793,0.0004844386125733151,0.00105364842639714,AlphaSparse 248af573c867cf4c7e05d40c611c7c34ebac4715,CUDA,13040,13000,2026-10-07T22:29:12.866809+00:00,derived,csr-alg1,0,0,,,,5,20,4,true
3,A100-SXM4-80GB-suitesparse_all-fp64-n2-row-major-AlphaSparse-SpMM-CSR-pre-plus-solve,AlphaSparse-SpMM-CSR-best-pre-plus-solve,AlphaSparseLib CSR PER MATRIX BEST,per-matrix-best,AlphaSparse-SpMM-CSR,best,pre-plus-solve,"csr-alg1,csr-alg2,csr-alg3,csr-alg4,csr-alg5",manual-selection,csr,ALPHASPARSE_SPMM_CSR_ALG1,workspace-setup,spmm.csr.fp64,fp64,A100-SXM4-80GB,A100-SXM4-80GB,,9700.0,a0827285-e98d-55a9-b486-73107367c8f5,suitesparse_all,JGD_G5/IG5-7,IG5-7,62,150,549,2,row-major,N,N,1.0,0.0,20260922,main,pass,pass,0,0,2196.0,0.01506,0.00808959975839,0.0231495997584,0.00884259975839,0.27145966000634997,0.09486125129239721,0.24834325424673895,0.002798553195941752,0.0009779510442515177,0.0025602397345024634,AlphaSparse 248af573c867cf4c7e05d40c611c7c34ebac4715,CUDA,13040,13000,2026-10-06T07:09:02.873869+00:00,derived,csr-alg1,0,0,,,,5,20,4,true
3,A100-SXM4-80GB-suitesparse_all-fp64-n2-row-major-AlphaSparse-SpMM-CSR-pre-plus-solve,AlphaSparse-SpMM-CSR-best-pre-plus-solve,AlphaSparseLib CSR PER MATRIX BEST,per-matrix-best,AlphaSparse-SpMM-CSR,best,pre-plus-solve,"csr-alg1,csr-alg2,csr-alg3,csr-alg4,csr-alg5",manual-selection,csr,ALPHASPARSE_SPMM_CSR_ALG1,workspace-setup,spmm.csr.fp64,fp64,A100-SXM4-80GB,A100-SXM4-80GB,,9700.0,dd6a9a30-d69d-5ea7-834e-7b0f3242a57c,suitesparse_all,JGD_G5/IG5-8,IG5-8,156,292,1711,2,row-major,N,N,1.0,0.0,20260922,main,pass,pass,0,0,6844.0,0.01212,0.0126463994384,0.0247663994384,0.0132523994384,0.5411817041946835,0.276342147231481,0.5164347808721268,0.005579192826749314,0.002848888115788464,0.005324069905898215,AlphaSparse 248af573c867cf4c7e05d40c611c7c34ebac4715,CUDA,13040,13000,2026-10-06T19:55:22.154252+00:00,derived,csr-alg1,0,0,,,,5,20,4,true
3,A100-SXM4-80GB-suitesparse_all-fp64-n2-row-major-AlphaSparse-SpMM-CSR-pre-plus-solve,AlphaSparse-SpMM-CSR-best-pre-plus-solve,AlphaSparseLib CSR PER MATRIX BEST,per-matrix-best,AlphaSparse-SpMM-CSR,best,pre-plus-solve,"csr-alg1,csr-alg2,csr-alg3,csr-alg4,csr-alg5",manual-selection,csr,ALPHASPARSE_SPMM_CSR_ALG5,workspace-setup,spmm.csr.fp64,fp64,A100-SXM4-80GB,A100-SXM4-80GB,,9700.0,005fdebf-9ece-5bc0-9d3c-6fda0356699d,suitesparse_all,JGD_G5/IG5-9,IG5-9,342,540,4570,2,row-major,N,N,1.0,0.0,20260922,main,pass,pass,0,0,18280.0,0.01389,0.0108543999493,0.0247443999493,0.0115488999493,1.684109677677657,0.7387530122959044,1.5828347357973247,0.017361955439975846,0.007616010436040251,0.016317883874199225,AlphaSparse 248af573c867cf4c7e05d40c611c7c34ebac4715,CUDA,13040,13000,2026-10-08T15:37:18.632704+00:00,derived,csr-alg5,0,0,,,,5,20,4,true
3,A100-SXM4-80GB-suitesparse_all-fp64-n2-row-major-AlphaSparse-SpMM-CSR-pre-plus-solve,AlphaSparse-SpMM-CSR-best-pre-plus-solve,AlphaSparseLib CSR PER MATRIX BEST,per-matrix-best,AlphaSparse-SpMM-CSR,best,pre-plus-solve,"csr-alg1,csr-alg2,csr-alg3,csr-alg4,csr-alg5",manual-selection,csr,ALPHASPARSE_SPMM_CSR_ALG1,workspace-setup,spmm.csr.fp64,fp64,A100-SXM4-80GB,A100-SXM4-80GB,,9700.0,a0827285-e98d-55a9-b486-73107367c8f5,suitesparse_all,JGD_GL6/GL6_D_10,GL6_D_10,163,341,2053,2,row-major,N,N,1.0,0.0,20260922,main,pass,pass,0,0,8212.0,0.01585,0.0100864000618,0.0259364000618,0.0108789000618,0.8141656041486126,0.316620655928843,0.7548557256110376,0.008393459836583636,0.0032641304734932265,0.007782017789804511,AlphaSparse 248af573c867cf4c7e05d40c611c7c34ebac4715,CUDA,13040,13000,2026-10-06T07:09:04.407339+00:00,derived,csr-alg1,0,0,,,,5,20,4,true
3,A100-SXM4-80GB-suitesparse_all-fp64-n2-row-major-AlphaSparse-SpMM-CSR-pre-plus-solve,AlphaSparse-SpMM-CSR-best-pre-plus-solve,AlphaSparseLib CSR PER MATRIX BEST,per-matrix-best,AlphaSparse-SpMM-CSR,best,pre-plus-solve,"csr-alg1,csr-alg2,csr-alg3,csr-alg4,csr-alg5",manual-selection,csr,ALPHASPARSE_SPMM_CSR_ALG1,workspace-setup,spmm.csr.fp64,fp64,A100-SXM4-80GB,A100-SXM4-80GB,,9700.0,018f64fd-81d1-5f6a-986f-7d386c913e5c,suitesparse_all,JGD_GL6/GL6_D_6,GL6_D_6,469,201,2526,2,row-major,N,N,1.0,0.0,20260922,main,pass,pass,0,0,10104.0,0.014269,0.00696320012212,0.0212322001221,0.00767665012212,1.451056959845606,0.4758809705021116,1.3161991023774389,0.014959350101501092,0.004905989386619707,0.013569062911107616,AlphaSparse 248af573c867cf4c7e05d40c611c7c34ebac4715,CUDA,13040,13000,2026-10-06T20:32:01.552534+00:00,derived,csr-alg1,0,0,,,,5,20,4,true
3,A100-SXM4-80GB-suitesparse_all-fp64-n2-row-major-AlphaSparse-SpMM-CSR-pre-plus-solve,AlphaSparse-SpMM-CSR-best-pre-plus-solve,AlphaSparseLib CSR PER MATRIX BEST,per-matrix-best,AlphaSparse-SpMM-CSR,best,pre-plus-solve,"csr-alg1,csr-alg2,csr-alg3,csr-alg4,csr-alg5",manual-selection,csr,ALPHASPARSE_SPMM_CSR_ALG2,workspace-setup,spmm.csr.fp64,fp64,A100-SXM4-80GB,A100-SXM4-80GB,,9700.0,752b02ae-c4ef-54eb-ad5c-0957985c94ee,suitesparse_all,JGD_GL6/GL6_D_8,GL6_D_8,544,637,6153,2,row-major,N,N,1.0,0.0,20260922,main,pass,pass,0,0,24612.0,0.01014,0.0143360003829,0.0244760003829,0.0148430003829,1.7167968291461004,1.0055564477436032,1.6581553166537983,0.01769893638294949,0.010366561316944363,0.017094384707771117,AlphaSparse 248af573c867cf4c7e05d40c611c7c34ebac4715,CUDA,13040,13000,2026-10-08T04:57:08.093502+00:00,derived,csr-alg2,0,0,,,,5,20,4,true
3,A100-SXM4-80GB-suitesparse_all-fp64-n2-row-major-AlphaSparse-SpMM-CSR-pre-plus-solve,AlphaSparse-SpMM-CSR-best-pre-plus-solve,AlphaSparseLib CSR PER MATRIX BEST,per-matrix-best,AlphaSparse-SpMM-CSR,best,pre-plus-solve,"csr-alg1,csr-alg2,csr-alg3,csr-alg4,csr-alg5",manual-selection,csr,ALPHASPARSE_SPMM_CSR_ALG1,workspace-setup,spmm.csr.fp64,fp64,A100-SXM4-80GB,A100-SXM4-80GB,,9700.0,152f8cc9-7213-5fba-8430-8cd9341fa530,suitesparse_all,JGD_GL6/GL6_D_9,GL6_D_9,340,545,4349,2,row-major,N,N,1.0,0.0,20260922,main,pass,pass,0,0,17396.0,0.01697,0.0115199998021,0.0284899998021,0.0123684998021,1.5100694703856552,0.610600214841621,1.4064761513798463,0.015567726498821188,0.006294847575686814,0.014499754137936562,AlphaSparse 248af573c867cf4c7e05d40c611c7c34ebac4715,CUDA,13040,13000,2026-10-07T22:29:14.176641+00:00,derived,csr-alg1,0,0,,,,5,20,4,true
3,A100-SXM4-80GB-suitesparse_all-fp64-n2-row-major-AlphaSparse-SpMM-CSR-pre-plus-solve,AlphaSparse-SpMM-CSR-best-pre-plus-solve,AlphaSparseLib CSR PER MATRIX BEST,per-matrix-best,AlphaSparse-SpMM-CSR,best,pre-plus-solve,"csr-alg1,csr-alg2,csr-alg3,csr-alg4,csr-alg5",manual-selection,csr,ALPHASPARSE_SPMM_CSR_ALG1,workspace-setup,spmm.csr.fp64,fp64,A100-SXM4-80GB,A100-SXM4-80GB,,9700.0,dd6a9a30-d69d-5ea7-834e-7b0f3242a57c,suitesparse_all,JGD_GL7d/GL7d10,GL7d10,1,60,8,2,row-major,N,N,1.0,0.0,20260922,main,pass,pass,0,0,32.0,0.0118,0.00481280013919,0.0166128001392,0.00540280013919,0.006648935977920255,0.0019262255448731942,0.005922854663433379,6.854573173113665e-05,1.9857995307971074e-05,6.10603573549833e-05,AlphaSparse 248af573c867cf4c7e05d40c611c7c34ebac4715,CUDA,13040,13000,2026-10-06T19:55:25.370083+00:00,derived,csr-alg1,0,0,,,,5,20,4,true
3,A100-SXM4-80GB-suitesparse_all-fp64-n2-row-major-AlphaSparse-SpMM-CSR-pre-plus-solve,AlphaSparse-SpMM-CSR-best-pre-plus-solve,AlphaSparseLib CSR PER MATRIX BEST,per-matrix-best,AlphaSparse-SpMM-CSR,best,pre-plus-solve,"csr-alg1,csr-alg2,csr-alg3,csr-alg4,csr-alg5",manual-selection,csr,ALPHASPARSE_SPMM_CSR_ALG1,workspace-setup,spmm.csr.fp64,fp64,A100-SXM4-80GB,A100-SXM4-80GB,,9700.0,005fdebf-9ece-5bc0-9d3c-6fda0356699d,suitesparse_all,JGD_GL7d/GL7d11,GL7d11,1019,60,1513,2,row-major,N,N,1.0,0.0,20260922,main,pass,pass,0,0,6052.0,0.0129,0.00588800013065,0.0187880001307,0.00653300013065,1.0278532380623258,0.32212050020751815,0.9263737760552987,0.010596425134663153,0.0033208298990465785,0.00955024511397215,AlphaSparse 248af573c867cf4c7e05d40c611c7c34ebac4715,CUDA,13040,13000,2026-10-08T13:59:23.477132+00:00,derived,csr-alg1,0,0,,,,5,20,4,true
3,A100-SXM4-80GB-suitesparse_all-fp64-n2-row-major-AlphaSparse-SpMM-CSR-pre-plus-solve,AlphaSparse-SpMM-CSR-best-pre-plus-solve,AlphaSparseLib CSR PER MATRIX BEST,per-matrix-best,AlphaSparse-SpMM-CSR,best,pre-plus-solve,"csr-alg1,csr-alg2,csr-alg3,csr-alg4,csr-alg5",manual-selection,csr,ALPHASPARSE_SPMM_CSR_ALG1,workspace-setup,spmm.csr.fp64,fp64,A100-SXM4-80GB,A100-SXM4-80GB,,9700.0,d94c6f41-d28e-5f45-abb9-189a8a3b4f78,suitesparse_all,JGD_GL7d/GL7d12,GL7d12,8899,1019,37519,2,row-major,N,N,1.0,0.0,20260922,main,pass,pass,0,0,150076.0,0.01323,0.00890880003572,0.0221388000357,0.00957030003572,16.845815306019606,6.778867859052633,15.681431035585017,0.17366819903112996,0.06988523566033641,0.1616642374802579,AlphaSparse 248af573c867cf4c7e05d40c611c7c34ebac4715,CUDA,13040,13000,2026-10-06T01:58:36.267119+00:00,derived,csr-alg1,0,0,,,,5,20,4,true
3,A100-SXM4-80GB-suitesparse_all-fp64-n2-row-major-AlphaSparse-SpMM-CSR-pre-plus-solve,AlphaSparse-SpMM-CSR-best-pre-plus-solve,AlphaSparseLib CSR PER MATRIX BEST,per-matrix-best,AlphaSparse-SpMM-CSR,best,pre-plus-solve,"csr-alg1,csr-alg2,csr-alg3,csr-alg4,csr-alg5",manual-selection,csr,ALPHASPARSE_SPMM_CSR_ALG1,workspace-setup,spmm.csr.fp64,fp64,A100-SXM4-80GB,A100-SXM4-80GB,,9700.0,018f64fd-81d1-5f6a-986f-7d386c913e5c,suitesparse_all,JGD_GL7d/GL7d13,GL7d13,47271,8899,356232,2,row-major,N,N,1.0,0.0,20260922,main,pass,pass,0,0,1424928.0,0.01735,0.0148479998112,0.0321979998112,0.0157154998112,95.96767363407172,44.255171388141385,90.67023111695711,0.9893574601450692,0.4562388802901174,0.9347446506902795,AlphaSparse 248af573c867cf4c7e05d40c611c7c34ebac4715,CUDA,13040,13000,2026-10-06T20:32:02.533827+00:00,derived,csr-alg1,0,0,,,,5,20,4,true
3,A100-SXM4-80GB-suitesparse_all-fp64-n2-row-major-AlphaSparse-SpMM-CSR-pre-plus-solve,AlphaSparse-SpMM-CSR-best-pre-plus-solve,AlphaSparseLib CSR PER MATRIX BEST,per-matrix-best,AlphaSparse-SpMM-CSR,best,pre-plus-solve,"csr-alg1,csr-alg2,csr-alg3,csr-alg4,csr-alg5",manual-selection,csr,ALPHASPARSE_SPMM_CSR_ALG1,workspace-setup,spmm.csr.fp64,fp64,A100-SXM4-80GB,A100-SXM4-80GB,,9700.0,752b02ae-c4ef-54eb-ad5c-0957985c94ee,suitesparse_all,JGD_GL7d/GL7d15,GL7d15,460261,171375,6080381,2,row-major,N,N,1.0,0.0,20260922,main,pass,pass,0,0,24321524.0,0.03786,0.15831040144,0.19617040144,0.16020340144,153.63187623030515,123.98161915083247,151.81652687386284,1.5838337755701561,1.2781610221735307,1.5651188337511632,AlphaSparse 248af573c867cf4c7e05d40c611c7c34ebac4715,CUDA,13040,13000,2026-10-08T03:37:41.414605+00:00,derived,csr-alg1,0,0,,,,5,20,4,true
3,A100-SXM4-80GB-suitesparse_all-fp64-n2-row-major-AlphaSparse-SpMM-CSR-pre-plus-solve,AlphaSparse-SpMM-CSR-best-pre-plus-solve,AlphaSparseLib CSR PER MATRIX BEST,per-matrix-best,AlphaSparse-SpMM-CSR,best,pre-plus-solve,"csr-alg1,csr-alg2,csr-alg3,csr-alg4,csr-alg5",manual-selection,csr,ALPHASPARSE_SPMM_CSR_ALG1,workspace-setup,spmm.csr.fp64,fp64,A100-SXM4-80GB,A100-SXM4-80GB,,9700.0,152f8cc9-7213-5fba-8430-8cd9341fa530,suitesparse_all,JGD_GL7d/GL7d16,GL7d16,955128,460261,14488881,2,row-major,N,N,1.0,0.0,20260922,main,pass,pass,0,0,57955524.0,0.37855,0.363059210777,0.741609210777,0.381986710777,159.63105267586153,78.14833359375181,151.7213095767456,1.645680955421253,0.8056529236469259,1.5641372121313981,AlphaSparse 248af573c867cf4c7e05d40c611c7c34ebac4715,CUDA,13040,13000,2026-10-07T22:29:22.077557+00:00,derived,csr-alg1,0,0,,,,5,20,4,true
3,A100-SXM4-80GB-suitesparse_all-fp64-n2-row-major-AlphaSparse-SpMM-CSR-pre-plus-solve,AlphaSparse-SpMM-CSR-best-pre-plus-solve,AlphaSparseLib CSR PER MATRIX BEST,per-matrix-best,AlphaSparse-SpMM-CSR,best,pre-plus-solve,"csr-alg1,csr-alg2,csr-alg3,csr-alg4,csr-alg5",manual-selection,csr,ALPHASPARSE_SPMM_CSR_ALG5,workspace-setup,spmm.csr.fp64,fp64,A100-SXM4-80GB,A100-SXM4-80GB,,9700.0,a0827285-e98d-55a9-b486-73107367c8f5,suitesparse_all,JGD_GL7d/GL7d17,GL7d17,1548650,955128,25978098,2,row-major,N,N,1.0,0.0,20260922,main,pass,pass,0,0,103912392.0,0.24978,0.753356790543,1.00313679054,0.765845790543,137.93250861268888,103.58745983592405,135.68317967292612,1.4219846248730812,1.067911957071382,1.3987956667311972,AlphaSparse 248af573c867cf4c7e05d40c611c7c34ebac4715,CUDA,13040,13000,2026-10-06T09:01:29.943469+00:00,derived,csr-alg5,0,0,,,,5,20,4,true
3,A100-SXM4-80GB-suitesparse_all-fp64-n2-row-major-AlphaSparse-SpMM-CSR-pre-plus-solve,AlphaSparse-SpMM-CSR-best-pre-plus-solve,AlphaSparseLib CSR PER MATRIX BEST,per-matrix-best,AlphaSparse-SpMM-CSR,best,pre-plus-solve,"csr-alg1,csr-alg2,csr-alg3,csr-alg4,csr-alg5",manual-selection,csr,ALPHASPARSE_SPMM_CSR_ALG5,workspace-setup,spmm.csr.fp64,fp64,A100-SXM4-80GB,A100-SXM4-80GB,,9700.0,dd6a9a30-d69d-5ea7-834e-7b0f3242a57c,suitesparse_all,JGD_GL7d/GL7d18,GL7d18,1955309,1548650,35590540,2,row-major,N,N,1.0,0.0,20260922,main,pass,pass,0,0,142362160.0,0.45102,1.23781118393,1.68883118393,1.26036218393,115.01120837186652,84.2962643955423,112.95337309795605,1.1856825605347063,0.8690336535622918,1.164467763896454,AlphaSparse 248af573c867cf4c7e05d40c611c7c34ebac4715,CUDA,13040,13000,2026-10-06T22:26:08.790488+00:00,derived,csr-alg5,0,0,,,,5,20,4,true
3,A100-SXM4-80GB-suitesparse_all-fp64-n2-row-major-AlphaSparse-SpMM-CSR-pre-plus-solve,AlphaSparse-SpMM-CSR-best-pre-plus-solve,AlphaSparseLib CSR PER MATRIX BEST,per-matrix-best,AlphaSparse-SpMM-CSR,best,pre-plus-solve,"csr-alg1,csr-alg2,csr-alg3,csr-alg4,csr-alg5",manual-selection,csr,ALPHASPARSE_SPMM_CSR_ALG4,workspace-setup,spmm.csr.fp64,fp64,A100-SXM4-80GB,A100-SXM4-80GB,,9700.0,005fdebf-9ece-5bc0-9d3c-6fda0356699d,suitesparse_all,JGD_GL7d/GL7d19,GL7d19,1911130,1955309,37322725,2,row-major,N,N,1.0,0.0,20260922,main,pass,pass,0,0,149290900.0,0.381511,1.21113595963,1.59264695963,1.23021150963,123.2651865490049,93.73759771260475,121.35384755496307,1.270775119061906,0.966366986727884,1.2510705933501347,AlphaSparse 248af573c867cf4c7e05d40c611c7c34ebac4715,CUDA,13040,13000,2026-10-08T15:13:36.450211+00:00,derived,csr-alg4,0,0,,,,5,20,4,true
3,A100-SXM4-80GB-suitesparse_all-fp64-n2-row-major-AlphaSparse-SpMM-CSR-pre-plus-solve,AlphaSparse-SpMM-CSR-best-pre-plus-solve,AlphaSparseLib CSR PER MATRIX BEST,per-matrix-best,AlphaSparse-SpMM-CSR,best,pre-plus-solve,"csr-alg1,csr-alg2,csr-alg3,csr-alg4,csr-alg5",manual-selection,csr,ALPHASPARSE_SPMM_CSR_ALG4,workspace-setup,spmm.csr.fp64,fp64,A100-SXM4-80GB,A100-SXM4-80GB,,9700.0,d94c6f41-d28e-5f45-abb9-189a8a3b4f78,suitesparse_all,JGD_GL7d/GL7d20,GL7d20,1437547,1911130,29893084,2,row-major,N,N,1.0,0.0,20260922,main,pass,pass,0,0,119572336.0,0.41689,1.20750083923,1.62439083923,1.22834533923,99.02464007913152,73.61057025948271,97.34423389024707,1.0208725781353765,0.7588718583451827,1.0035488029922377,AlphaSparse 248af573c867cf4c7e05d40c611c7c34ebac4715,CUDA,13040,13000,2026-10-06T03:17:34.448497+00:00,derived,csr-alg4,0,0,,,,5,20,4,true
3,A100-SXM4-80GB-suitesparse_all-fp64-n2-row-major-AlphaSparse-SpMM-CSR-pre-plus-solve,AlphaSparse-SpMM-CSR-best-pre-plus-solve,AlphaSparseLib CSR PER MATRIX BEST,per-matrix-best,AlphaSparse-SpMM-CSR,best,pre-plus-solve,"csr-alg1,csr-alg2,csr-alg3,csr-alg4,csr-alg5",manual-selection,csr,ALPHASPARSE_SPMM_CSR_ALG1,workspace-setup,spmm.csr.fp64,fp64,A100-SXM4-80GB,A100-SXM4-80GB,,9700.0,018f64fd-81d1-5f6a-986f-7d386c913e5c,suitesparse_all,JGD_GL7d/GL7d21,GL7d21,822922,1437547,18174775,2,row-major,N,N,1.0,0.0,20260922,main,pass,pass,0,0,72699100.0,0.39068,0.648499202728,1.03917920273,0.668033202728,112.10360736633346,69.9581937446536,108.82557888309117,1.1557072924364273,0.7212184922129237,1.1219131843617647,AlphaSparse 248af573c867cf4c7e05d40c611c7c34ebac4715,CUDA,13040,13000,2026-10-06T20:32:12.915877+00:00,derived,csr-alg1,0,0,,,,5,20,4,true
3,A100-SXM4-80GB-suitesparse_all-fp64-n2-row-major-AlphaSparse-SpMM-CSR-pre-plus-solve,AlphaSparse-SpMM-CSR-best-pre-plus-solve,AlphaSparseLib CSR PER MATRIX BEST,per-matrix-best,AlphaSparse-SpMM-CSR,best,pre-plus-solve,"csr-alg1,csr-alg2,csr-alg3,csr-alg4,csr-alg5",manual-selection,csr,ALPHASPARSE_SPMM_CSR_ALG5,workspace-setup,spmm.csr.fp64,fp64,A100-SXM4-80GB,A100-SXM4-80GB,,9700.0,752b02ae-c4ef-54eb-ad5c-0957985c94ee,suitesparse_all,JGD_GL7d/GL7d23,GL7d23,105054,349443,2695430,2,row-major,N,N,1.0,0.0,20260922,main,pass,pass,0,0,10781720.0,0.01895,0.097023999691,0.115973999691,0.097971499691,111.12425826947349,92.96669968033102,110.04955557488978,1.1456109099945722,0.9584195843333094,1.1345315007720598,AlphaSparse 248af573c867cf4c7e05d40c611c7c34ebac4715,CUDA,13040,13000,2026-10-08T08:02:03.482134+00:00,derived,csr-alg5,0,0,,,,5,20,4,true
3,A100-SXM4-80GB-suitesparse_all-fp64-n2-row-major-AlphaSparse-SpMM-CSR-pre-plus-solve,AlphaSparse-SpMM-CSR-best-pre-plus-solve,AlphaSparseLib CSR PER MATRIX BEST,per-matrix-best,AlphaSparse-SpMM-CSR,best,pre-plus-solve,"csr-alg1,csr-alg2,csr-alg3,csr-alg4,csr-alg5",manual-selection,csr,ALPHASPARSE_SPMM_CSR_ALG5,workspace-setup,spmm.csr.fp64,fp64,A100-SXM4-80GB,A100-SXM4-80GB,,9700.0,152f8cc9-7213-5fba-8430-8cd9341fa530,suitesparse_all,JGD_GL7d/GL7d24,GL7d24,21074,105054,593892,2,row-major,N,N,1.0,0.0,20260922,main,pass,pass,0,0,2375568.0,0.024851,0.0287472009659,0.0535982009659,0.0299897509659,82.63649747388988,44.32178612695178,79.21266177572303,0.8519226543699987,0.45692563017476057,0.8166253791311653,AlphaSparse 248af573c867cf4c7e05d40c611c7c34ebac4715,CUDA,13040,13000,2026-10-08T02:24:09.336604+00:00,derived,csr-alg5,0,0,,,,5,20,4,true
3,A100-SXM4-80GB-suitesparse_all-fp64-n2-row-major-AlphaSparse-SpMM-CSR-pre-plus-solve,AlphaSparse-SpMM-CSR-best-pre-plus-solve,AlphaSparseLib CSR PER MATRIX BEST,per-matrix-best,AlphaSparse-SpMM-CSR,best,pre-plus-solve,"csr-alg1,csr-alg2,csr-alg3,csr-alg4,csr-alg5",manual-selection,csr,ALPHASPARSE_SPMM_CSR_ALG2,workspace-setup,spmm.csr.fp64,fp64,A100-SXM4-80GB,A100-SXM4-80GB,,9700.0,a0827285-e98d-55a9-b486-73107367c8f5,suitesparse_all,JGD_GL7d/GL7d25,GL7d25,2798,21074,81671,2,row-major,N,N,1.0,0.0,20260922,main,pass,pass,0,0,326684.0,0.01874,0.0146944001317,0.0334344001317,0.0156314001317,22.231870445343986,9.770894608940887,20.899215505173775,0.22919454067364936,0.10073087225712254,0.2154558299502451,AlphaSparse 248af573c867cf4c7e05d40c611c7c34ebac4715,CUDA,13040,13000,2026-10-06T07:37:27.392942+00:00,derived,csr-alg2,0,0,,,,5,20,4,true
3,A100-SXM4-80GB-suitesparse_all-fp64-n2-row-major-AlphaSparse-SpMM-CSR-pre-plus-solve,AlphaSparse-SpMM-CSR-best-pre-plus-solve,AlphaSparseLib CSR PER MATRIX BEST,per-matrix-best,AlphaSparse-SpMM-CSR,best,pre-plus-solve,"csr-alg1,csr-alg2,csr-alg3,csr-alg4,csr-alg5",manual-selection,csr,ALPHASPARSE_SPMM_CSR_ALG3,workspace-setup,spmm.csr.fp64,fp64,A100-SXM4-80GB,A100-SXM4-80GB,,9700.0,dd6a9a30-d69d-5ea7-834e-7b0f3242a57c,suitesparse_all,JGD_GL7d/GL7d26,GL7d26,305,2798,7412,2,row-major,N,N,1.0,0.0,20260922,main,pass,pass,0,0,29648.0,0.01297,0.0121344000101,0.0251044000101,0.0127829000101,2.4433016857300447,1.1809881928296244,2.3193485028103624,0.025188677172474687,0.01217513600855283,0.023910809307323325,AlphaSparse 248af573c867cf4c7e05d40c611c7c34ebac4715,CUDA,13040,13000,2026-10-06T21:11:42.507164+00:00,derived,csr-alg3,0,0,,,,5,20,4,true
3,A100-SXM4-80GB-suitesparse_all-fp64-n2-row-major-AlphaSparse-SpMM-CSR-pre-plus-solve,AlphaSparse-SpMM-CSR-best-pre-plus-solve,AlphaSparseLib CSR PER MATRIX BEST,per-matrix-best,AlphaSparse-SpMM-CSR,best,pre-plus-solve,"csr-alg1,csr-alg2,csr-alg3,csr-alg4,csr-alg5",manual-selection,csr,ALPHASPARSE_SPMM_CSR_ALG5,workspace-setup,spmm.csr.fp64,fp64,A100-SXM4-80GB,A100-SXM4-80GB,,9700.0,005fdebf-9ece-5bc0-9d3c-6fda0356699d,suitesparse_all,JGD_Groebner/c8_mat11,c8_mat11,4562,5761,2462970,2,row-major,N,N,1.0,0.0,20260922,main,pass,pass,0,0,9851880.0,0.01563,0.0726015985012,0.0882315985012,0.0733830985012,135.6978386617364,111.65931670008233,134.25271215331549,1.3989467903271795,1.1511269762895084,1.3840485789001595,AlphaSparse 248af573c867cf4c7e05d40c611c7c34ebac4715,CUDA,13040,13000,2026-10-08T15:37:44.630447+00:00,derived,csr-alg5,0,0,,,,5,20,4,true
3,A100-SXM4-80GB-suitesparse_all-fp64-n2-row-major-AlphaSparse-SpMM-CSR-pre-plus-solve,AlphaSparse-SpMM-CSR-best-pre-plus-solve,AlphaSparseLib CSR PER MATRIX BEST,per-matrix-best,AlphaSparse-SpMM-CSR,best,pre-plus-solve,"csr-alg1,csr-alg2,csr-alg3,csr-alg4,csr-alg5",manual-selection,csr,ALPHASPARSE_SPMM_CSR_ALG5,workspace-setup,spmm.csr.fp64,fp64,A100-SXM4-80GB,A100-SXM4-80GB,,9700.0,d94c6f41-d28e-5f45-abb9-189a8a3b4f78,suitesparse_all,JGD_Groebner/c8_mat11_I,c8_mat11_I,4562,5761,2462970,2,row-major,N,N,1.0,0.0,20260922,main,pass,pass,0,0,9851880.0,0.0148,0.0864768028259,0.101276802826,0.0872168028259,113.92511839081703,97.27676748372633,112.9585089201914,1.1744857566063611,1.0028532730281063,1.164520710517437,AlphaSparse 248af573c867cf4c7e05d40c611c7c34ebac4715,CUDA,13040,13000,2026-10-06T03:41:50.674238+00:00,derived,csr-alg5,0,0,,,,5,20,4,true
3,A100-SXM4-80GB-suitesparse_all-fp64-n2-row-major-AlphaSparse-SpMM-CSR-pre-plus-solve,AlphaSparse-SpMM-CSR-best-pre-plus-solve,AlphaSparseLib CSR PER MATRIX BEST,per-matrix-best,AlphaSparse-SpMM-CSR,best,pre-plus-solve,"csr-alg1,csr-alg2,csr-alg3,csr-alg4,csr-alg5",manual-selection,csr,ALPHASPARSE_SPMM_CSR_ALG5,workspace-setup,spmm.csr.fp64,fp64,A100-SXM4-80GB,A100-SXM4-80GB,,9700.0,018f64fd-81d1-5f6a-986f-7d386c913e5c,suitesparse_all,JGD_Groebner/f855_mat9,f855_mat9,2456,2511,171214,2,row-major,N,N,1.0,0.0,20260922,main,pass,pass,0,0,684856.0,0.01356,0.0163328006864,0.0298928006864,0.0170108006864,41.931326607705806,22.910399302651538,40.2600684486026,0.4322817176052145,0.2361896835324901,0.41505225204744955,AlphaSparse 248af573c867cf4c7e05d40c611c7c34ebac4715,CUDA,13040,13000,2026-10-06T23:12:30.737981+00:00,derived,csr-alg5,0,0,,,,5,20,4,true
3,A100-SXM4-80GB-suitesparse_all-fp64-n2-row-major-AlphaSparse-SpMM-CSR-pre-plus-solve,AlphaSparse-SpMM-CSR-best-pre-plus-solve,AlphaSparseLib CSR PER MATRIX BEST,per-matrix-best,AlphaSparse-SpMM-CSR,best,pre-plus-solve,"csr-alg1,csr-alg2,csr-alg3,csr-alg4,csr-alg5",manual-selection,csr,ALPHASPARSE_SPMM_CSR_ALG5,workspace-setup,spmm.csr.fp64,fp64,A100-SXM4-80GB,A100-SXM4-80GB,,9700.0,752b02ae-c4ef-54eb-ad5c-0957985c94ee,suitesparse_all,JGD_Groebner/HFE18_96_in,HFE18_96_in,2372,4096,933343,2,row-major,N,N,1.0,0.0,20260922,main,pass,pass,0,0,3733372.0,0.01258,0.0392192006111,0.0517992006111,0.0398482006111,95.19245527261879,72.07393079344122,93.6898515553057,0.9813655182744204,0.7430302143653734,0.9658747583021204,AlphaSparse 248af573c867cf4c7e05d40c611c7c34ebac4715,CUDA,13040,13000,2026-10-08T08:02:04.413815+00:00,derived,csr-alg5,0,0,,,,5,20,4,true
3,A100-SXM4-80GB-suitesparse_all-fp64-n2-row-major-AlphaSparse-SpMM-CSR-pre-plus-solve,AlphaSparse-SpMM-CSR-best-pre-plus-solve,AlphaSparseLib CSR PER MATRIX BEST,per-matrix-best,AlphaSparse-SpMM-CSR,best,pre-plus-solve,"csr-alg1,csr-alg2,csr-alg3,csr-alg4,csr-alg5",manual-selection,csr,ALPHASPARSE_SPMM_CSR_ALG5,workspace-setup,spmm.csr.fp64,fp64,A100-SXM4-80GB,A100-SXM4-80GB,,9700.0,152f8cc9-7213-5fba-8430-8cd9341fa530,suitesparse_all,JGD_Groebner/rkat7_mat5,rkat7_mat5,694,738,38114,2,row-major,N,N,1.0,0.0,20260922,main,pass,pass,0,0,152456.0,0.01365,0.0144240006804,0.0280740006804,0.0151065006804,10.569605713286208,5.430504962067552,10.092079113848301,0.10896500735346605,0.055984587237809816,0.10404205272008558,AlphaSparse 248af573c867cf4c7e05d40c611c7c34ebac4715,CUDA,13040,13000,2026-10-08T02:24:10.190525+00:00,derived,csr-alg5,0,0,,,,5,20,4,true
3,A100-SXM4-80GB-suitesparse_all-fp64-n2-row-major-AlphaSparse-SpMM-CSR-pre-plus-solve,AlphaSparse-SpMM-CSR-best-pre-plus-solve,AlphaSparseLib CSR PER MATRIX BEST,per-matrix-best,AlphaSparse-SpMM-CSR,best,pre-plus-solve,"csr-alg1,csr-alg2,csr-alg3,csr-alg4,csr-alg5",manual-selection,csr,ALPHASPARSE_SPMM_CSR_ALG3,workspace-setup,spmm.csr.fp64,fp64,A100-SXM4-80GB,A100-SXM4-80GB,,9700.0,a0827285-e98d-55a9-b486-73107367c8f5,suitesparse_all,JGD_Groebner/robot24c1_mat5,robot24c1_mat5,404,302,15118,2,row-major,N,N,1.0,0.0,20260922,main,pass,pass,0,0,60472.0,0.01606,0.0135168001056,0.0295768001056,0.0143198001056,4.473839927169338,2.044575470777529,4.22296397673536,0.04612206110483853,0.021078097636881742,0.04353571110036454,AlphaSparse 248af573c867cf4c7e05d40c611c7c34ebac4715,CUDA,13040,13000,2026-10-06T08:05:52.833839+00:00,derived,csr-alg3,0,0,,,,5,20,4,true
3,A100-SXM4-80GB-suitesparse_all-fp64-n2-row-major-AlphaSparse-SpMM-CSR-pre-plus-solve,AlphaSparse-SpMM-CSR-best-pre-plus-solve,AlphaSparseLib CSR PER MATRIX BEST,per-matrix-best,AlphaSparse-SpMM-CSR,best,pre-plus-solve,"csr-alg1,csr-alg2,csr-alg3,csr-alg4,csr-alg5",manual-selection,csr,ALPHASPARSE_SPMM_CSR_ALG5,workspace-setup,spmm.csr.fp64,fp64,A100-SXM4-80GB,A100-SXM4-80GB,,9700.0,dd6a9a30-d69d-5ea7-834e-7b0f3242a57c,suitesparse_all,JGD_Groebner/robot24c1_mat5_J,robot24c1_mat5_J,302,404,15118,2,row-major,N,N,1.0,0.0,20260922,main,pass,pass,0,0,60472.0,0.0134,0.0138239994645,0.0272239994645,0.0144939994645,4.37442146574817,2.22127538897638,4.172209344157452,0.04509712851286773,0.02289974627810701,0.04301246746554075,AlphaSparse 248af573c867cf4c7e05d40c611c7c34ebac4715,CUDA,13040,13000,2026-10-06T22:26:10.115935+00:00,derived,csr-alg5,0,0,,,,5,20,4,true
3,A100-SXM4-80GB-suitesparse_all-fp64-n2-row-major-AlphaSparse-SpMM-CSR-pre-plus-solve,AlphaSparse-SpMM-CSR-best-pre-plus-solve,AlphaSparseLib CSR PER MATRIX BEST,per-matrix-best,AlphaSparse-SpMM-CSR,best,pre-plus-solve,"csr-alg1,csr-alg2,csr-alg3,csr-alg4,csr-alg5",manual-selection,csr,ALPHASPARSE_SPMM_CSR_ALG1,workspace-setup,spmm.csr.fp64,fp64,A100-SXM4-80GB,A100-SXM4-80GB,,9700.0,005fdebf-9ece-5bc0-9d3c-6fda0356699d,suitesparse_all,JGD_Homology/ch3-3-b1,ch3-3-b1,18,9,36,2,row-major,N,N,1.0,0.0,20260922,main,pass,pass,0,0,144.0,0.01318,0.00404479987919,0.0172247998792,0.00470379987919,0.03560126688612269,0.008360039072145553,0.030613547280586472,0.0003670233699600277,8.618596981593354e-05,0.0003156035802122317,AlphaSparse 248af573c867cf4c7e05d40c611c7c34ebac4715,CUDA,13040,13000,2026-10-08T13:59:48.290328+00:00,derived,csr-alg1,0,0,,,,5,20,4,true
3,A100-SXM4-80GB-suitesparse_all-fp64-n2-row-major-AlphaSparse-SpMM-CSR-pre-plus-solve,AlphaSparse-SpMM-CSR-best-pre-plus-solve,AlphaSparseLib CSR PER MATRIX BEST,per-matrix-best,AlphaSparse-SpMM-CSR,best,pre-plus-solve,"csr-alg1,csr-alg2,csr-alg3,csr-alg4,csr-alg5",manual-selection,csr,ALPHASPARSE_SPMM_CSR_ALG1,workspace-setup,spmm.csr.fp64,fp64,A100-SXM4-80GB,A100-SXM4-80GB,,9700.0,d94c6f41-d28e-5f45-abb9-189a8a3b4f78,suitesparse_all,JGD_Homology/ch3-3-b2,ch3-3-b2,6,18,18,2,row-major,N,N,1.0,0.0,20260922,main,pass,pass,0,0,72.0,0.01258,0.00419839993119,0.0167783999312,0.00482739993119,0.017149390524973693,0.004291231601060694,0.014914861214378673,0.00017679784046364632,4.4239501041862826e-05,0.00015376145581833683,AlphaSparse 248af573c867cf4c7e05d40c611c7c34ebac4715,CUDA,13040,13000,2026-10-06T01:58:58.485757+00:00,derived,csr-alg1,0,0,,,,5,20,4,true
3,A100-SXM4-80GB-suitesparse_all-fp64-n2-row-major-AlphaSparse-SpMM-CSR-pre-plus-solve,AlphaSparse-SpMM-CSR-best-pre-plus-solve,AlphaSparseLib CSR PER MATRIX BEST,per-matrix-best,AlphaSparse-SpMM-CSR,best,pre-plus-solve,"csr-alg1,csr-alg2,csr-alg3,csr-alg4,csr-alg5",manual-selection,csr,ALPHASPARSE_SPMM_CSR_ALG4,workspace-setup,spmm.csr.fp64,fp64,A100-SXM4-80GB,A100-SXM4-80GB,,9700.0,018f64fd-81d1-5f6a-986f-7d386c913e5c,suitesparse_all,JGD_Homology/ch4-4-b1,ch4-4-b1,72,16,144,2,row-major,N,N,1.0,0.0,20260922,main,pass,pass,0,0,576.0,0.01314,0.00849919989705,0.0216391998971,0.00915619989705,0.0677710851582541,0.026618359400487505,0.06290819406264592,0.0006986709810129289,0.0002744160762936856,0.000648538083120061,AlphaSparse 248af573c867cf4c7e05d40c611c7c34ebac4715,CUDA,13040,13000,2026-10-06T22:34:37.439994+00:00,derived,csr-alg4,0,0,,,,5,20,4,true
3,A100-SXM4-80GB-suitesparse_all-fp64-n2-row-major-AlphaSparse-SpMM-CSR-pre-plus-solve,AlphaSparse-SpMM-CSR-best-pre-plus-solve,AlphaSparseLib CSR PER MATRIX BEST,per-matrix-best,AlphaSparse-SpMM-CSR,best,pre-plus-solve,"csr-alg1,csr-alg2,csr-alg3,csr-alg4,csr-alg5",manual-selection,csr,ALPHASPARSE_SPMM_CSR_ALG1,workspace-setup,spmm.csr.fp64,fp64,A100-SXM4-80GB,A100-SXM4-80GB,,9700.0,752b02ae-c4ef-54eb-ad5c-0957985c94ee,suitesparse_all,JGD_Homology/ch4-4-b3,ch4-4-b3,24,96,96,2,row-major,N,N,1.0,0.0,20260922,main,pass,pass,0,0,384.0,0.01501,0.00471040010452,0.0197204001045,0.00546090010452,0.08152173732153278,0.019472221555605,0.0703180780915883,0.0008404302816652864,0.00020074455211963917,0.000724928640119467,AlphaSparse 248af573c867cf4c7e05d40c611c7c34ebac4715,CUDA,13040,13000,2026-10-08T03:37:45.278706+00:00,derived,csr-alg1,0,0,,,,5,20,4,true
3,A100-SXM4-80GB-suitesparse_all-fp64-n2-row-major-AlphaSparse-SpMM-CSR-pre-plus-solve,AlphaSparse-SpMM-CSR-best-pre-plus-solve,AlphaSparseLib CSR PER MATRIX BEST,per-matrix-best,AlphaSparse-SpMM-CSR,best,pre-plus-solve,"csr-alg1,csr-alg2,csr-alg3,csr-alg4,csr-alg5",manual-selection,csr,ALPHASPARSE_SPMM_CSR_ALG1,workspace-setup,spmm.csr.fp64,fp64,A100-SXM4-80GB,A100-SXM4-80GB,,9700.0,152f8cc9-7213-5fba-8430-8cd9341fa530,suitesparse_all,JGD_Homology/ch5-5-b1,ch5-5-b1,200,25,400,2,row-major,N,N,1.0,0.0,20260922,main,pass,pass,0,0,1600.0,0.01885,0.00450560003519,0.0233556000352,0.00544810003519,0.35511363359009934,0.06850605411929417,0.2936803637351348,0.003660965294743292,0.00070624798061128,0.0030276326158261316,AlphaSparse 248af573c867cf4c7e05d40c611c7c34ebac4715,CUDA,13040,13000,2026-10-07T22:29:24.284759+00:00,derived,csr-alg1,0,0,,,,5,20,4,true
3,A100-SXM4-80GB-suitesparse_all-fp64-n2-row-major-AlphaSparse-SpMM-CSR-pre-plus-solve,AlphaSparse-SpMM-CSR-best-pre-plus-solve,AlphaSparseLib CSR PER MATRIX BEST,per-matrix-best,AlphaSparse-SpMM-CSR,best,pre-plus-solve,"csr-alg1,csr-alg2,csr-alg3,csr-alg4,csr-alg5",manual-selection,csr,ALPHASPARSE_SPMM_CSR_ALG1,workspace-setup,spmm.csr.fp64,fp64,A100-SXM4-80GB,A100-SXM4-80GB,,9700.0,a0827285-e98d-55a9-b486-73107367c8f5,suitesparse_all,JGD_Homology/ch5-5-b2,ch5-5-b2,600,200,1800,2,row-major,N,N,1.0,0.0,20260922,main,pass,pass,0,0,7200.0,0.01578,0.00450560003519,0.0202856000352,0.00529460003519,1.598011351155447,0.3549315764634227,1.3598760911392664,0.016474343826344814,0.003659088417148688,0.014019341145765632,AlphaSparse 248af573c867cf4c7e05d40c611c7c34ebac4715,CUDA,13040,13000,2026-10-06T07:09:23.264067+00:00,derived,csr-alg1,0,0,,,,5,20,4,true
3,A100-SXM4-80GB-suitesparse_all-fp64-n2-row-major-AlphaSparse-SpMM-CSR-pre-plus-solve,AlphaSparse-SpMM-CSR-best-pre-plus-solve,AlphaSparseLib CSR PER MATRIX BEST,per-matrix-best,AlphaSparse-SpMM-CSR,best,pre-plus-solve,"csr-alg1,csr-alg2,csr-alg3,csr-alg4,csr-alg5",manual-selection,csr,ALPHASPARSE_SPMM_CSR_ALG1,workspace-setup,spmm.csr.fp64,fp64,A100-SXM4-80GB,A100-SXM4-80GB,,9700.0,dd6a9a30-d69d-5ea7-834e-7b0f3242a57c,suitesparse_all,JGD_Homology/ch5-5-b3,ch5-5-b3,600,600,2400,2,row-major,N,N,1.0,0.0,20260922,main,pass,pass,0,0,9600.0,0.01244,0.00511999987066,0.0175599998707,0.00574199987066,1.8750000473657238,0.546697042749882,1.671891364723516,0.019329897395522926,0.005636051987112185,0.017235993450757898,AlphaSparse 248af573c867cf4c7e05d40c611c7c34ebac4715,CUDA,13040,13000,2026-10-06T19:55:49.883541+00:00,derived,csr-alg1,0,0,,,,5,20,4,true
3,A100-SXM4-80GB-suitesparse_all-fp64-n2-row-major-AlphaSparse-SpMM-CSR-pre-plus-solve,AlphaSparse-SpMM-CSR-best-pre-plus-solve,AlphaSparseLib CSR PER MATRIX BEST,per-matrix-best,AlphaSparse-SpMM-CSR,best,pre-plus-solve,"csr-alg1,csr-alg2,csr-alg3,csr-alg4,csr-alg5",manual-selection,csr,ALPHASPARSE_SPMM_CSR_ALG1,workspace-setup,spmm.csr.fp64,fp64,A100-SXM4-80GB,A100-SXM4-80GB,,9700.0,005fdebf-9ece-5bc0-9d3c-6fda0356699d,suitesparse_all,JGD_Homology/ch5-5-b4,ch5-5-b4,120,600,600,2,row-major,N,N,1.0,0.0,20260922,main,pass,pass,0,0,2400.0,0.0142,0.00568320006132,0.0198832000613,0.00639320006132,0.42229729274083794,0.12070491634147365,0.3753988576895048,0.004353580337534412,0.0012443805808399345,0.0038700913163866473,AlphaSparse 248af573c867cf4c7e05d40c611c7c34ebac4715,CUDA,13040,13000,2026-10-08T13:59:49.518880+00:00,derived,csr-alg1,0,0,,,,5,20,4,true
3,A100-SXM4-80GB-suitesparse_all-fp64-n2-row-major-AlphaSparse-SpMM-CSR-pre-plus-solve,AlphaSparse-SpMM-CSR-best-pre-plus-solve,AlphaSparseLib CSR PER MATRIX BEST,per-matrix-best,AlphaSparse-SpMM-CSR,best,pre-plus-solve,"csr-alg1,csr-alg2,csr-alg3,csr-alg4,csr-alg5",manual-selection,csr,ALPHASPARSE_SPMM_CSR_ALG4,workspace-setup,spmm.csr.fp64,fp64,A100-SXM4-80GB,A100-SXM4-80GB,,9700.0,d94c6f41-d28e-5f45-abb9-189a8a3b4f78,suitesparse_all,JGD_Homology/ch6-6-b1,ch6-6-b1,450,36,900,2,row-major,N,N,1.0,0.0,20260922,main,pass,pass,0,0,3600.0,0.01207,0.00880640000105,0.020876400001,0.00940990000105,0.4087936046024218,0.1724435247373856,0.38257579778725553,0.004214367057756926,0.0017777682962617073,0.003944080389559335,AlphaSparse 248af573c867cf4c7e05d40c611c7c34ebac4715,CUDA,13040,13000,2026-10-06T03:17:37.797573+00:00,derived,csr-alg4,0,0,,,,5,20,4,true
3,A100-SXM4-80GB-suitesparse_all-fp64-n2-row-major-AlphaSparse-SpMM-CSR-pre-plus-solve,AlphaSparse-SpMM-CSR-best-pre-plus-solve,AlphaSparseLib CSR PER MATRIX BEST,per-matrix-best,AlphaSparse-SpMM-CSR,best,pre-plus-solve,"csr-alg1,csr-alg2,csr-alg3,csr-alg4,csr-alg5",manual-selection,csr,ALPHASPARSE_SPMM_CSR_ALG4,workspace-setup,spmm.csr.fp64,fp64,A100-SXM4-80GB,A100-SXM4-80GB,,9700.0,018f64fd-81d1-5f6a-986f-7d386c913e5c,suitesparse_all,JGD_Homology/ch6-6-b2,ch6-6-b2,2400,450,7200,2,row-major,N,N,1.0,0.0,20260922,main,pass,pass,0,0,28800.0,0.01193,0.00957439988852,0.0215043998885,0.0101708998885,3.0080214253983777,1.3392608093844784,2.83160785335853,0.031010530158746163,0.01380681246788122,0.02919183353977866,AlphaSparse 248af573c867cf4c7e05d40c611c7c34ebac4715,CUDA,13040,13000,2026-10-06T22:34:38.306245+00:00,derived,csr-alg4,0,0,,,,5,20,4,true
3,A100-SXM4-80GB-suitesparse_all-fp64-n2-row-major-AlphaSparse-SpMM-CSR-pre-plus-solve,AlphaSparse-SpMM-CSR-best-pre-plus-solve,AlphaSparseLib CSR PER MATRIX BEST,per-matrix-best,AlphaSparse-SpMM-CSR,best,pre-plus-solve,"csr-alg1,csr-alg2,csr-alg3,csr-alg4,csr-alg5",manual-selection,csr,ALPHASPARSE_SPMM_CSR_ALG1,workspace-setup,spmm.csr.fp64,fp64,A100-SXM4-80GB,A100-SXM4-80GB,,9700.0,752b02ae-c4ef-54eb-ad5c-0957985c94ee,suitesparse_all,JGD_Homology/ch6-6-b4,ch6-6-b4,4320,5400,21600,2,row-major,N,N,1.0,0.0,20260922,main,pass,pass,0,0,86400.0,0.01466,0.00574080012739,0.0204008001274,0.00647380012739,15.050166890112743,4.235128007746985,13.346102490012049,0.15515635969188396,0.04366111348192768,0.13758868546404174,AlphaSparse 248af573c867cf4c7e05d40c611c7c34ebac4715,CUDA,13040,13000,2026-10-08T03:37:45.926590+00:00,derived,csr-alg1,0,0,,,,5,20,4,true
3,A100-SXM4-80GB-suitesparse_all-fp64-n2-row-major-AlphaSparse-SpMM-CSR-pre-plus-solve,AlphaSparse-SpMM-CSR-best-pre-plus-solve,AlphaSparseLib CSR PER MATRIX BEST,per-matrix-best,AlphaSparse-SpMM-CSR,best,pre-plus-solve,"csr-alg1,csr-alg2,csr-alg3,csr-alg4,csr-alg5",manual-selection,csr,ALPHASPARSE_SPMM_CSR_ALG1,workspace-setup,spmm.csr.fp64,fp64,A100-SXM4-80GB,A100-SXM4-80GB,,9700.0,152f8cc9-7213-5fba-8430-8cd9341fa530,suitesparse_all,JGD_Homology/ch6-6-b5,ch6-6-b5,720,4320,4320,2,row-major,N,N,1.0,0.0,20260922,main,pass,pass,0,0,17280.0,0.01975,0.00604160018265,0.0257916001827,0.00702910018265,2.860169405056617,0.6699855719534126,2.458351645442812,0.029486282526356877,0.006907067752097037,0.02534383139631765,AlphaSparse 248af573c867cf4c7e05d40c611c7c34ebac4715,CUDA,13040,13000,2026-10-07T22:29:24.887452+00:00,derived,csr-alg1,0,0,,,,5,20,4,true
3,A100-SXM4-80GB-suitesparse_all-fp64-n2-row-major-AlphaSparse-SpMM-CSR-pre-plus-solve,AlphaSparse-SpMM-CSR-best-pre-plus-solve,AlphaSparseLib CSR PER MATRIX BEST,per-matrix-best,AlphaSparse-SpMM-CSR,best,pre-plus-solve,"csr-alg1,csr-alg2,csr-alg3,csr-alg4,csr-alg5",manual-selection,csr,ALPHASPARSE_SPMM_CSR_ALG1,workspace-setup,spmm.csr.fp64,fp64,A100-SXM4-80GB,A100-SXM4-80GB,,9700.0,a0827285-e98d-55a9-b486-73107367c8f5,suitesparse_all,JGD_Homology/ch7-6-b1,ch7-6-b1,630,42,1260,2,row-major,N,N,1.0,0.0,20260922,main,pass,pass,0,0,5040.0,0.0212,0.00460800006986,0.0258080000699,0.00566800006986,1.0937499834181048,0.19528828217410682,0.8892025296189682,0.011275773024928916,0.0020132812595268744,0.009167036387824415,AlphaSparse 248af573c867cf4c7e05d40c611c7c34ebac4715,CUDA,13040,13000,2026-10-06T07:09:24.563517+00:00,derived,csr-alg1,0,0,,,,5,20,4,true
3,A100-SXM4-80GB-suitesparse_all-fp64-n2-row-major-AlphaSparse-SpMM-CSR-pre-plus-solve,AlphaSparse-SpMM-CSR-best-pre-plus-solve,AlphaSparseLib CSR PER MATRIX BEST,per-matrix-best,AlphaSparse-SpMM-CSR,best,pre-plus-solve,"csr-alg1,csr-alg2,csr-alg3,csr-alg4,csr-alg5",manual-selection,csr,ALPHASPARSE_SPMM_CSR_ALG1,workspace-setup,spmm.csr.fp64,fp64,A100-SXM4-80GB,A100-SXM4-80GB,,9700.0,dd6a9a30-d69d-5ea7-834e-7b0f3242a57c,suitesparse_all,JGD_Homology/ch7-6-b2,ch7-6-b2,4200,630,12600,2,row-major,N,N,1.0,0.0,20260922,main,pass,pass,0,0,50400.0,0.01369,0.00481280013919,0.0185028001392,0.00549730013919,10.472074165224402,2.7239120360611073,9.16813685334383,0.10795952747654022,0.028081567382073274,0.0945168747767405,AlphaSparse 248af573c867cf4c7e05d40c611c7c34ebac4715,CUDA,13040,13000,2026-10-06T19:55:51.510912+00:00,derived,csr-alg1,0,0,,,,5,20,4,true
3,A100-SXM4-80GB-suitesparse_all-fp64-n2-row-major-AlphaSparse-SpMM-CSR-pre-plus-solve,AlphaSparse-SpMM-CSR-best-pre-plus-solve,AlphaSparseLib CSR PER MATRIX BEST,per-matrix-best,AlphaSparse-SpMM-CSR,best,pre-plus-solve,"csr-alg1,csr-alg2,csr-alg3,csr-alg4,csr-alg5",manual-selection,csr,ALPHASPARSE_SPMM_CSR_ALG1,workspace-setup,spmm.csr.fp64,fp64,A100-SXM4-80GB,A100-SXM4-80GB,,9700.0,005fdebf-9ece-5bc0-9d3c-6fda0356699d,suitesparse_all,JGD_Homology/ch7-6-b3,ch7-6-b3,12600,4200,50400,2,row-major,N,N,1.0,0.0,20260922,main,pass,pass,0,0,201600.0,0.014269,0.00563200004399,0.019901000044,0.00634545004399,35.79545426586612,10.130144191461417,31.770796177166737,0.36902530170996,0.10443447620063318,0.3275339812079045,AlphaSparse 248af573c867cf4c7e05d40c611c7c34ebac4715,CUDA,13040,13000,2026-10-08T13:59:50.632651+00:00,derived,csr-alg1,0,0,,,,5,20,4,true
3,A100-SXM4-80GB-suitesparse_all-fp64-n2-row-major-AlphaSparse-SpMM-CSR-pre-plus-solve,AlphaSparse-SpMM-CSR-best-pre-plus-solve,AlphaSparseLib CSR PER MATRIX BEST,per-matrix-best,AlphaSparse-SpMM-CSR,best,pre-plus-solve,"csr-alg1,csr-alg2,csr-alg3,csr-alg4,csr-alg5",manual-selection,csr,ALPHASPARSE_SPMM_CSR_ALG4,workspace-setup,spmm.csr.fp64,fp64,A100-SXM4-80GB,A100-SXM4-80GB,,9700.0,d94c6f41-d28e-5f45-abb9-189a8a3b4f78,suitesparse_all,JGD_Homology/ch7-6-b4,ch7-6-b4,15120,12600,75600,2,row-major,N,N,1.0,0.0,20260922,main,pass,pass,0,0,302400.0,0.012551,0.0102912001312,0.0228422001312,0.0109187501312,29.384327983595316,13.238654694516663,27.69547762943133,0.3029312163257249,0.13648097623213054,0.28552038793228174,AlphaSparse 248af573c867cf4c7e05d40c611c7c34ebac4715,CUDA,13040,13000,2026-10-06T03:17:38.434206+00:00,derived,csr-alg4,0,0,,,,5,20,4,true
3,A100-SXM4-80GB-suitesparse_all-fp64-n2-row-major-AlphaSparse-SpMM-CSR-pre-plus-solve,AlphaSparse-SpMM-CSR-best-pre-plus-solve,AlphaSparseLib CSR PER MATRIX BEST,per-matrix-best,AlphaSparse-SpMM-CSR,best,pre-plus-solve,"csr-alg1,csr-alg2,csr-alg3,csr-alg4,csr-alg5",manual-selection,csr,ALPHASPARSE_SPMM_CSR_ALG1,workspace-setup,spmm.csr.fp64,fp64,A100-SXM4-80GB,A100-SXM4-80GB,,9700.0,018f64fd-81d1-5f6a-986f-7d386c913e5c,suitesparse_all,JGD_Homology/ch7-6-b5,ch7-6-b5,5040,15120,30240,2,row-major,N,N,1.0,0.0,20260922,main,pass,pass,0,0,120960.0,0.01559,0.00593920014799,0.021529200148,0.00671870014799,20.36637880286564,5.618415880221952,18.00348242006112,0.20996266807077982,0.05792181319816445,0.18560291154702183,AlphaSparse 248af573c867cf4c7e05d40c611c7c34ebac4715,CUDA,13040,13000,2026-10-06T20:32:16.241034+00:00,derived,csr-alg1,0,0,,,,5,20,4,true
3,A100-SXM4-80GB-suitesparse_all-fp64-n2-row-major-AlphaSparse-SpMM-CSR-pre-plus-solve,AlphaSparse-SpMM-CSR-best-pre-plus-solve,AlphaSparseLib CSR PER MATRIX BEST,per-matrix-best,AlphaSparse-SpMM-CSR,best,pre-plus-solve,"csr-alg1,csr-alg2,csr-alg3,csr-alg4,csr-alg5",manual-selection,csr,ALPHASPARSE_SPMM_CSR_ALG1,workspace-setup,spmm.csr.fp64,fp64,A100-SXM4-80GB,A100-SXM4-80GB,,9700.0,752b02ae-c4ef-54eb-ad5c-0957985c94ee,suitesparse_all,JGD_Homology/ch7-7-b2,ch7-7-b2,7350,882,22050,2,row-major,N,N,1.0,0.0,20260922,main,pass,pass,0,0,88200.0,0.01672,0.00506879985332,0.0217887998533,0.00590479985332,17.400568685352628,4.047951268258667,14.937000777496152,0.17938730603456318,0.04173145637380069,0.15398969873707372,AlphaSparse 248af573c867cf4c7e05d40c611c7c34ebac4715,CUDA,13040,13000,2026-10-08T03:37:47.182407+00:00,derived,csr-alg1,0,0,,,,5,20,4,true
3,A100-SXM4-80GB-suitesparse_all-fp64-n2-row-major-AlphaSparse-SpMM-CSR-pre-plus-solve,AlphaSparse-SpMM-CSR-best-pre-plus-solve,AlphaSparseLib CSR PER MATRIX BEST,per-matrix-best,AlphaSparse-SpMM-CSR,best,pre-plus-solve,"csr-alg1,csr-alg2,csr-alg3,csr-alg4,csr-alg5",manual-selection,csr,ALPHASPARSE_SPMM_CSR_ALG1,workspace-setup,spmm.csr.fp64,fp64,A100-SXM4-80GB,A100-SXM4-80GB,,9700.0,152f8cc9-7213-5fba-8430-8cd9341fa530,suitesparse_all,JGD_Homology/ch7-7-b5,ch7-7-b5,35280,52920,211680,2,row-major,N,N,1.0,0.0,20260922,main,pass,pass,0,0,846720.0,0.02078,0.00762879997492,0.0284087999749,0.00866779997492,110.9899332507901,29.804849227989273,97.68568753893227,1.1442261159875269,0.30726648688648733,1.0070689437003326,AlphaSparse 248af573c867cf4c7e05d40c611c7c34ebac4715,CUDA,13040,13000,2026-10-07T22:29:25.664966+00:00,derived,csr-alg1,0,0,,,,5,20,4,true
3,A100-SXM4-80GB-suitesparse_all-fp64-n2-row-major-AlphaSparse-SpMM-CSR-pre-plus-solve,AlphaSparse-SpMM-CSR-best-pre-plus-solve,AlphaSparseLib CSR PER MATRIX BEST,per-matrix-best,AlphaSparse-SpMM-CSR,best,pre-plus-solve,"csr-alg1,csr-alg2,csr-alg3,csr-alg4,csr-alg5",manual-selection,csr,ALPHASPARSE_SPMM_CSR_ALG1,workspace-setup,spmm.csr.fp64,fp64,A100-SXM4-80GB,A100-SXM4-80GB,,9700.0,a0827285-e98d-55a9-b486-73107367c8f5,suitesparse_all,JGD_Homology/ch7-8-b1,ch7-8-b1,1176,56,2352,2,row-major,N,N,1.0,0.0,20260922,main,pass,pass,0,0,9408.0,0.01781,0.00471040010452,0.0225204001045,0.00560090010452,1.9972825643775531,0.41775456725212023,1.6797300120399612,0.02059054190079952,0.004306748116001239,0.01731680424783465,AlphaSparse 248af573c867cf4c7e05d40c611c7c34ebac4715,CUDA,13040,13000,2026-10-06T07:09:25.515965+00:00,derived,csr-alg1,0,0,,,,5,20,4,true
3,A100-SXM4-80GB-suitesparse_all-fp64-n2-row-major-AlphaSparse-SpMM-CSR-pre-plus-solve,AlphaSparse-SpMM-CSR-best-pre-plus-solve,AlphaSparseLib CSR PER MATRIX BEST,per-matrix-best,AlphaSparse-SpMM-CSR,best,pre-plus-solve,"csr-alg1,csr-alg2,csr-alg3,csr-alg4,csr-alg5",manual-selection,csr,ALPHASPARSE_SPMM_CSR_ALG1,workspace-setup,spmm.csr.fp64,fp64,A100-SXM4-80GB,A100-SXM4-80GB,,9700.0,dd6a9a30-d69d-5ea7-834e-7b0f3242a57c,suitesparse_all,JGD_Homology/ch7-8-b2,ch7-8-b2,11760,1176,35280,2,row-major,N,N,1.0,0.0,20260922,main,pass,pass,0,0,141120.0,0.01383,0.00511999987066,0.0189499998707,0.00581149987066,27.562500696276143,7.446965750020721,24.28288791891056,0.284149491714187,0.07677284278371878,0.2503390507104181,AlphaSparse 248af573c867cf4c7e05d40c611c7c34ebac4715,CUDA,13040,13000,2026-10-06T19:55:53.331410+00:00,derived,csr-alg1,0,0,,,,5,20,4,true
3,A100-SXM4-80GB-suitesparse_all-fp64-n2-row-major-AlphaSparse-SpMM-CSR-pre-plus-solve,AlphaSparse-SpMM-CSR-best-pre-plus-solve,AlphaSparseLib CSR PER MATRIX BEST,per-matrix-best,AlphaSparse-SpMM-CSR,best,pre-plus-solve,"csr-alg1,csr-alg2,csr-alg3,csr-alg4,csr-alg5",manual-selection,csr,ALPHASPARSE_SPMM_CSR_ALG1,workspace-setup,spmm.csr.fp64,fp64,A100-SXM4-80GB,A100-SXM4-80GB,,9700.0,005fdebf-9ece-5bc0-9d3c-6fda0356699d,suitesparse_all,JGD_Homology/ch7-8-b3,ch7-8-b3,58800,11760,235200,2,row-major,N,N,1.0,0.0,20260922,main,pass,pass,0,0,940800.0,0.01644,0.00650240033865,0.0229424003386,0.00732440033865,144.68503183477085,41.00704312168802,128.44737541659333,1.4915982663378438,0.4227530218730724,1.324199746562818,AlphaSparse 248af573c867cf4c7e05d40c611c7c34ebac4715,CUDA,13040,13000,2026-10-08T13:59:51.470088+00:00,derived,csr-alg1,0,0,,,,5,20,4,true
3,A100-SXM4-80GB-suitesparse_all-fp64-n2-row-major-AlphaSparse-SpMM-CSR-pre-plus-solve,AlphaSparse-SpMM-CSR-best-pre-plus-solve,AlphaSparseLib CSR PER MATRIX BEST,per-matrix-best,AlphaSparse-SpMM-CSR,best,pre-plus-solve,"csr-alg1,csr-alg2,csr-alg3,csr-alg4,csr-alg5",manual-selection,csr,ALPHASPARSE_SPMM_CSR_ALG4,workspace-setup,spmm.csr.fp64,fp64,A100-SXM4-80GB,A100-SXM4-80GB,,9700.0,d94c6f41-d28e-5f45-abb9-189a8a3b4f78,suitesparse_all,JGD_Homology/ch7-8-b4,ch7-8-b4,141120,58800,705600,2,row-major,N,N,1.0,0.0,20260922,main,pass,pass,0,0,2822400.0,0.01572,0.0212479993701,0.0369679993701,0.0220339993701,132.8313292390086,76.34711231581493,128.09295092519514,1.3693951467939032,0.7870836321218034,1.320545885826754,AlphaSparse 248af573c867cf4c7e05d40c611c7c34ebac4715,CUDA,13040,13000,2026-10-06T03:17:39.406966+00:00,derived,csr-alg4,0,0,,,,5,20,4,true
3,A100-SXM4-80GB-suitesparse_all-fp64-n2-row-major-AlphaSparse-SpMM-CSR-pre-plus-solve,AlphaSparse-SpMM-CSR-best-pre-plus-solve,AlphaSparseLib CSR PER MATRIX BEST,per-matrix-best,AlphaSparse-SpMM-CSR,best,pre-plus-solve,"csr-alg1,csr-alg2,csr-alg3,csr-alg4,csr-alg5",manual-selection,csr,ALPHASPARSE_SPMM_CSR_ALG1,workspace-setup,spmm.csr.fp64,fp64,A100-SXM4-80GB,A100-SXM4-80GB,,9700.0,018f64fd-81d1-5f6a-986f-7d386c913e5c,suitesparse_all,JGD_Homology/ch7-8-b5,ch7-8-b5,141120,141120,846720,2,row-major,N,N,1.0,0.0,20260922,main,pass,pass,0,0,3386880.0,0.01807,0.017049600184,0.035119600184,0.017953100184,198.6486465048241,96.43845551359709,188.65154014003804,2.0479241907713823,0.9942108815834751,1.9448612385570934,AlphaSparse 248af573c867cf4c7e05d40c611c7c34ebac4715,CUDA,13040,13000,2026-10-06T20:32:17.492439+00:00,derived,csr-alg1,0,0,,,,5,20,4,true
3,A100-SXM4-80GB-suitesparse_all-fp64-n2-row-major-AlphaSparse-SpMM-CSR-pre-plus-solve,AlphaSparse-SpMM-CSR-best-pre-plus-solve,AlphaSparseLib CSR PER MATRIX BEST,per-matrix-best,AlphaSparse-SpMM-CSR,best,pre-plus-solve,"csr-alg1,csr-alg2,csr-alg3,csr-alg4,csr-alg5",manual-selection,csr,ALPHASPARSE_SPMM_CSR_ALG1,workspace-setup,spmm.csr.fp64,fp64,A100-SXM4-80GB,A100-SXM4-80GB,,9700.0,752b02ae-c4ef-54eb-ad5c-0957985c94ee,suitesparse_all,JGD_Homology/ch7-9-b2,ch7-9-b2,17640,1512,52920,2,row-major,N,N,1.0,0.0,20260922,main,pass,pass,0,0,211680.0,0.01837,0.00538240000606,0.0237524000061,0.00630090000606,39.328180692938325,8.911941527830331,33.595200653305575,0.4054451617828693,0.09187568585392095,0.3463422747763461,AlphaSparse 248af573c867cf4c7e05d40c611c7c34ebac4715,CUDA,13040,13000,2026-10-08T03:37:47.925565+00:00,derived,csr-alg1,0,0,,,,5,20,4,true
3,A100-SXM4-80GB-suitesparse_all-fp64-n2-row-major-AlphaSparse-SpMM-CSR-pre-plus-solve,AlphaSparse-SpMM-CSR-best-pre-plus-solve,AlphaSparseLib CSR PER MATRIX BEST,per-matrix-best,AlphaSparse-SpMM-CSR,best,pre-plus-solve,"csr-alg1,csr-alg2,csr-alg3,csr-alg4,csr-alg5",manual-selection,csr,ALPHASPARSE_SPMM_CSR_ALG1,workspace-setup,spmm.csr.fp64,fp64,A100-SXM4-80GB,A100-SXM4-80GB,,9700.0,152f8cc9-7213-5fba-8430-8cd9341fa530,suitesparse_all,JGD_Homology/ch7-9-b3,ch7-9-b3,105840,17640,423360,2,row-major,N,N,1.0,0.0,20260922,main,pass,pass,0,0,1693440.0,0.02424,0.0102912001312,0.0345312001312,0.0115032001312,164.5522367081338,49.04086720316231,147.2146864077329,1.6964148114240598,0.505575950548065,1.5176771794611639,AlphaSparse 248af573c867cf4c7e05d40c611c7c34ebac4715,CUDA,13040,13000,2026-10-07T22:29:26.489297+00:00,derived,csr-alg1,0,0,,,,5,20,4,true
3,A100-SXM4-80GB-suitesparse_all-fp64-n2-row-major-AlphaSparse-SpMM-CSR-pre-plus-solve,AlphaSparse-SpMM-CSR-best-pre-plus-solve,AlphaSparseLib CSR PER MATRIX BEST,per-matrix-best,AlphaSparse-SpMM-CSR,best,pre-plus-solve,"csr-alg1,csr-alg2,csr-alg3,csr-alg4,csr-alg5",manual-selection,csr,ALPHASPARSE_SPMM_CSR_ALG1,workspace-setup,spmm.csr.fp64,fp64,A100-SXM4-80GB,A100-SXM4-80GB,,9700.0,a0827285-e98d-55a9-b486-73107367c8f5,suitesparse_all,JGD_Homology/ch7-9-b4,ch7-9-b4,317520,105840,1587600,2,row-major,N,N,1.0,0.0,20260922,main,pass,pass,0,0,6350400.0,0.02299,0.0322560012341,0.0552460012341,0.0334055012341,196.87499246765162,114.94768595270357,190.1004255406165,2.029639097604656,1.1850276902340573,1.9597982014496547,AlphaSparse 248af573c867cf4c7e05d40c611c7c34ebac4715,CUDA,13040,13000,2026-10-06T07:09:27.560755+00:00,derived,csr-alg1,0,0,,,,5,20,4,true
3,A100-SXM4-80GB-suitesparse_all-fp64-n2-row-major-AlphaSparse-SpMM-CSR-pre-plus-solve,AlphaSparse-SpMM-CSR-best-pre-plus-solve,AlphaSparseLib CSR PER MATRIX BEST,per-matrix-best,AlphaSparse-SpMM-CSR,best,pre-plus-solve,"csr-alg1,csr-alg2,csr-alg3,csr-alg4,csr-alg5",manual-selection,csr,ALPHASPARSE_SPMM_CSR_ALG4,workspace-setup,spmm.csr.fp64,fp64,A100-SXM4-80GB,A100-SXM4-80GB,,9700.0,dd6a9a30-d69d-5ea7-834e-7b0f3242a57c,suitesparse_all,JGD_Homology/ch7-9-b5,ch7-9-b5,423360,317520,2540160,2,row-major,N,N,1.0,0.0,20260922,main,pass,pass,0,0,10160640.0,0.01921,0.0813567996025,0.100566799603,0.0823172996025,124.88986845160727,101.03374115623045,123.43262047059933,1.2875244170268791,1.04158496037351,1.2725012419649415,AlphaSparse 248af573c867cf4c7e05d40c611c7c34ebac4715,CUDA,13040,13000,2026-10-06T21:49:33.495465+00:00,derived,csr-alg4,0,0,,,,5,20,4,true
3,A100-SXM4-80GB-suitesparse_all-fp64-n2-row-major-AlphaSparse-SpMM-CSR-pre-plus-solve,AlphaSparse-SpMM-CSR-best-pre-plus-solve,AlphaSparseLib CSR PER MATRIX BEST,per-matrix-best,AlphaSparse-SpMM-CSR,best,pre-plus-solve,"csr-alg1,csr-alg2,csr-alg3,csr-alg4,csr-alg5",manual-selection,csr,ALPHASPARSE_SPMM_CSR_ALG1,workspace-setup,spmm.csr.fp64,fp64,A100-SXM4-80GB,A100-SXM4-80GB,,9700.0,005fdebf-9ece-5bc0-9d3c-6fda0356699d,suitesparse_all,JGD_Homology/ch8-8-b1,ch8-8-b1,1568,64,3136,2,row-major,N,N,1.0,0.0,20260922,main,pass,pass,0,0,12544.0,0.0138,0.00384000018239,0.0176400001824,0.00453000018239,3.2666665115085145,0.7111111037581256,2.769094811246092,0.0336769743454486,0.007331042306784799,0.028547369188104042,AlphaSparse 248af573c867cf4c7e05d40c611c7c34ebac4715,CUDA,13040,13000,2026-10-08T13:59:52.370986+00:00,derived,csr-alg1,0,0,,,,5,20,4,true
3,A100-SXM4-80GB-suitesparse_all-fp64-n2-row-major-AlphaSparse-SpMM-CSR-pre-plus-solve,AlphaSparse-SpMM-CSR-best-pre-plus-solve,AlphaSparseLib CSR PER MATRIX BEST,per-matrix-best,AlphaSparse-SpMM-CSR,best,pre-plus-solve,"csr-alg1,csr-alg2,csr-alg3,csr-alg4,csr-alg5",manual-selection,csr,ALPHASPARSE_SPMM_CSR_ALG1,workspace-setup,spmm.csr.fp64,fp64,A100-SXM4-80GB,A100-SXM4-80GB,,9700.0,d94c6f41-d28e-5f45-abb9-189a8a3b4f78,suitesparse_all,JGD_Homology/ch8-8-b2,ch8-8-b2,18816,1568,56448,2,row-major,N,N,1.0,0.0,20260922,main,pass,pass,0,0,225792.0,0.012249,0.00517119988799,0.017420199888,0.00578364988799,43.66336728239747,12.961504543672778,39.0397075156411,0.4501378070350255,0.13362375818219357,0.4024712115014546,AlphaSparse 248af573c867cf4c7e05d40c611c7c34ebac4715,CUDA,13040,13000,2026-10-06T01:59:05.217296+00:00,derived,csr-alg1,0,0,,,,5,20,4,true
3,A100-SXM4-80GB-suitesparse_all-fp64-n2-row-major-AlphaSparse-SpMM-CSR-pre-plus-solve,AlphaSparse-SpMM-CSR-best-pre-plus-solve,AlphaSparseLib CSR PER MATRIX BEST,per-matrix-best,AlphaSparse-SpMM-CSR,best,pre-plus-solve,"csr-alg1,csr-alg2,csr-alg3,csr-alg4,csr-alg5",manual-selection,csr,ALPHASPARSE_SPMM_CSR_ALG1,workspace-setup,spmm.csr.fp64,fp64,A100-SXM4-80GB,A100-SXM4-80GB,,9700.0,018f64fd-81d1-5f6a-986f-7d386c913e5c,suitesparse_all,JGD_Homology/ch8-8-b3,ch8-8-b3,117600,18816,470400,2,row-major,N,N,1.0,0.0,20260922,main,pass,pass,0,0,1881600.0,0.01832,0.0110592000186,0.0293792000186,0.0119752000186,170.13888860273948,64.04531092775696,157.124724186442,1.7540091608529846,0.6602609373995563,1.6198425173859998,AlphaSparse 248af573c867cf4c7e05d40c611c7c34ebac4715,CUDA,13040,13000,2026-10-06T20:32:18.418967+00:00,derived,csr-alg1,0,0,,,,5,20,4,true
3,A100-SXM4-80GB-suitesparse_all-fp64-n2-row-major-AlphaSparse-SpMM-CSR-pre-plus-solve,AlphaSparse-SpMM-CSR-best-pre-plus-solve,AlphaSparseLib CSR PER MATRIX BEST,per-matrix-best,AlphaSparse-SpMM-CSR,best,pre-plus-solve,"csr-alg1,csr-alg2,csr-alg3,csr-alg4,csr-alg5",manual-selection,csr,ALPHASPARSE_SPMM_CSR_ALG5,workspace-setup,spmm.csr.fp64,fp64,A100-SXM4-80GB,A100-SXM4-80GB,,9700.0,752b02ae-c4ef-54eb-ad5c-0957985c94ee,suitesparse_all,JGD_Homology/ch8-8-b5,ch8-8-b5,564480,376320,3386880,2,row-major,N,N,1.0,0.0,20260922,main,pass,pass,0,0,13547520.0,0.22481,0.132556796074,0.357366796074,0.143797296074,102.20162527492803,37.90928577817485,94.21261991622059,1.0536250028343095,0.3908173791564417,0.971264122847635,AlphaSparse 248af573c867cf4c7e05d40c611c7c34ebac4715,CUDA,13040,13000,2026-10-08T08:02:09.147333+00:00,derived,csr-alg5,0,0,,,,5,20,4,true
3,A100-SXM4-80GB-suitesparse_all-fp64-n2-row-major-AlphaSparse-SpMM-CSR-pre-plus-solve,AlphaSparse-SpMM-CSR-best-pre-plus-solve,AlphaSparseLib CSR PER MATRIX BEST,per-matrix-best,AlphaSparse-SpMM-CSR,best,pre-plus-solve,"csr-alg1,csr-alg2,csr-alg3,csr-alg4,csr-alg5",manual-selection,csr,ALPHASPARSE_SPMM_CSR_ALG1,workspace-setup,spmm.csr.fp64,fp64,A100-SXM4-80GB,A100-SXM4-80GB,,9700.0,152f8cc9-7213-5fba-8430-8cd9341fa530,suitesparse_all,JGD_Homology/cis-n4c6-b1,cis-n4c6-b1,210,21,420,2,row-major,N,N,1.0,0.0,20260922,main,pass,pass,0,0,1680.0,0.02125,0.00450560003519,0.0257556000352,0.00556810003519,0.37286931526960426,0.06522853273478217,0.3017187172253585,0.003844013559480456,0.0006724591003585791,0.003110502239436685,AlphaSparse 248af573c867cf4c7e05d40c611c7c34ebac4715,CUDA,13040,13000,2026-10-07T22:29:27.085296+00:00,derived,csr-alg1,0,0,,,,5,20,4,true
3,A100-SXM4-80GB-suitesparse_all-fp64-n2-row-major-AlphaSparse-SpMM-CSR-pre-plus-solve,AlphaSparse-SpMM-CSR-best-pre-plus-solve,AlphaSparseLib CSR PER MATRIX BEST,per-matrix-best,AlphaSparse-SpMM-CSR,best,pre-plus-solve,"csr-alg1,csr-alg2,csr-alg3,csr-alg4,csr-alg5",manual-selection,csr,ALPHASPARSE_SPMM_CSR_ALG1,workspace-setup,spmm.csr.fp64,fp64,A100-SXM4-80GB,A100-SXM4-80GB,,9700.0,a0827285-e98d-55a9-b486-73107367c8f5,suitesparse_all,JGD_Homology/cis-n4c6-b13,cis-n4c6-b13,6300,25605,88200,2,row-major,N,N,1.0,0.0,20260922,main,pass,pass,0,0,352800.0,0.01906,0.00885759964585,0.0279175996459,0.00981059964585,39.83020390465439,12.637189603505632,35.961104594583944,0.41062065881087,0.1302803051907797,0.37073303705756644,AlphaSparse 248af573c867cf4c7e05d40c611c7c34ebac4715,CUDA,13040,13000,2026-10-06T07:09:28.778193+00:00,derived,csr-alg1,0,0,,,,5,20,4,true
3,A100-SXM4-80GB-suitesparse_all-fp64-n2-row-major-AlphaSparse-SpMM-CSR-pre-plus-solve,AlphaSparse-SpMM-CSR-best-pre-plus-solve,AlphaSparseLib CSR PER MATRIX BEST,per-matrix-best,AlphaSparse-SpMM-CSR,best,pre-plus-solve,"csr-alg1,csr-alg2,csr-alg3,csr-alg4,csr-alg5",manual-selection,csr,ALPHASPARSE_SPMM_CSR_ALG1,workspace-setup,spmm.csr.fp64,fp64,A100-SXM4-80GB,A100-SXM4-80GB,,9700.0,dd6a9a30-d69d-5ea7-834e-7b0f3242a57c,suitesparse_all,JGD_Homology/cis-n4c6-b14,cis-n4c6-b14,920,6300,13800,2,row-major,N,N,1.0,0.0,20260922,main,pass,pass,0,0,55200.0,0.01439,0.00855040028691,0.0229404002869,0.00926990028691,6.455838106726643,2.406235257870443,5.954756609188964,0.06655503202810972,0.024806549050210753,0.06138924339370065,AlphaSparse 248af573c867cf4c7e05d40c611c7c34ebac4715,CUDA,13040,13000,2026-10-06T19:55:58.718804+00:00,derived,csr-alg1,0,0,,,,5,20,4,true
3,A100-SXM4-80GB-suitesparse_all-fp64-n2-row-major-AlphaSparse-SpMM-CSR-pre-plus-solve,AlphaSparse-SpMM-CSR-best-pre-plus-solve,AlphaSparseLib CSR PER MATRIX BEST,per-matrix-best,AlphaSparse-SpMM-CSR,best,pre-plus-solve,"csr-alg1,csr-alg2,csr-alg3,csr-alg4,csr-alg5",manual-selection,csr,ALPHASPARSE_SPMM_CSR_ALG1,workspace-setup,spmm.csr.fp64,fp64,A100-SXM4-80GB,A100-SXM4-80GB,,9700.0,005fdebf-9ece-5bc0-9d3c-6fda0356699d,suitesparse_all,JGD_Homology/cis-n4c6-b15,cis-n4c6-b15,60,920,960,2,row-major,N,N,1.0,0.0,20260922,main,pass,pass,0,0,3840.0,0.01366,0.00810400024056,0.0217640002406,0.00878700024056,0.47384006490782743,0.17643815280044936,0.4370092061992791,0.004884949122761108,0.001818950028870612,0.004505249548446177,AlphaSparse 248af573c867cf4c7e05d40c611c7c34ebac4715,CUDA,13040,13000,2026-10-08T13:59:53.366296+00:00,derived,csr-alg1,0,0,,,,5,20,4,true
3,A100-SXM4-80GB-suitesparse_all-fp64-n2-row-major-AlphaSparse-SpMM-CSR-pre-plus-solve,AlphaSparse-SpMM-CSR-best-pre-plus-solve,AlphaSparseLib CSR PER MATRIX BEST,per-matrix-best,AlphaSparse-SpMM-CSR,best,pre-plus-solve,"csr-alg1,csr-alg2,csr-alg3,csr-alg4,csr-alg5",manual-selection,csr,ALPHASPARSE_SPMM_CSR_ALG1,workspace-setup,spmm.csr.fp64,fp64,A100-SXM4-80GB,A100-SXM4-80GB,,9700.0,d94c6f41-d28e-5f45-abb9-189a8a3b4f78,suitesparse_all,JGD_Homology/cis-n4c6-b2,cis-n4c6-b2,1330,210,3990,2,row-major,N,N,1.0,0.0,20260922,main,pass,pass,0,0,15960.0,0.0124,0.00465920008719,0.0170592000872,0.00527920008719,3.4254807051279914,0.935565555150223,3.023185281180572,0.03531423407348445,0.009645005723198175,0.031166858568871875,AlphaSparse 248af573c867cf4c7e05d40c611c7c34ebac4715,CUDA,13040,13000,2026-10-06T01:59:06.410565+00:00,derived,csr-alg1,0,0,,,,5,20,4,true
3,A100-SXM4-80GB-suitesparse_all-fp64-n2-row-major-AlphaSparse-SpMM-CSR-pre-plus-solve,AlphaSparse-SpMM-CSR-best-pre-plus-solve,AlphaSparseLib CSR PER MATRIX BEST,per-matrix-best,AlphaSparse-SpMM-CSR,best,pre-plus-solve,"csr-alg1,csr-alg2,csr-alg3,csr-alg4,csr-alg5",manual-selection,csr,ALPHASPARSE_SPMM_CSR_ALG1,workspace-setup,spmm.csr.fp64,fp64,A100-SXM4-80GB,A100-SXM4-80GB,,9700.0,018f64fd-81d1-5f6a-986f-7d386c913e5c,suitesparse_all,JGD_Homology/cis-n4c6-b3,cis-n4c6-b3,5970,1330,23880,2,row-major,N,N,1.0,0.0,20260922,main,pass,pass,0,0,95520.0,0.01514,0.00511999987066,0.0202599998707,0.00587699987066,18.656250471288953,4.714708815874228,16.253190760964387,0.19233247908545312,0.04860524552447657,0.1675586676388081,AlphaSparse 248af573c867cf4c7e05d40c611c7c34ebac4715,CUDA,13040,13000,2026-10-06T20:32:19.310715+00:00,derived,csr-alg1,0,0,,,,5,20,4,true
3,A100-SXM4-80GB-suitesparse_all-fp64-n2-row-major-AlphaSparse-SpMM-CSR-pre-plus-solve,AlphaSparse-SpMM-CSR-best-pre-plus-solve,AlphaSparseLib CSR PER MATRIX BEST,per-matrix-best,AlphaSparse-SpMM-CSR,best,pre-plus-solve,"csr-alg1,csr-alg2,csr-alg3,csr-alg4,csr-alg5",manual-selection,csr,ALPHASPARSE_SPMM_CSR_ALG1,workspace-setup,spmm.csr.fp64,fp64,A100-SXM4-80GB,A100-SXM4-80GB,,9700.0,752b02ae-c4ef-54eb-ad5c-0957985c94ee,suitesparse_all,JGD_Homology/D6-6,D6-6,120576,23740,146880,2,row-major,N,N,1.0,0.0,20260922,main,pass,pass,0,0,587520.0,0.02059,0.0104800000787,0.0310700000787,0.0115095000787,56.06106828129714,18.909559012288952,51.04652643317593,0.5779491575391458,0.19494390734318506,0.526252849826556,AlphaSparse 248af573c867cf4c7e05d40c611c7c34ebac4715,CUDA,13040,13000,2026-10-08T03:37:51.472070+00:00,derived,csr-alg1,0,0,,,,5,20,4,true
3,A100-SXM4-80GB-suitesparse_all-fp64-n2-row-major-AlphaSparse-SpMM-CSR-pre-plus-solve,AlphaSparse-SpMM-CSR-best-pre-plus-solve,AlphaSparseLib CSR PER MATRIX BEST,per-matrix-best,AlphaSparse-SpMM-CSR,best,pre-plus-solve,"csr-alg1,csr-alg2,csr-alg3,csr-alg4,csr-alg5",manual-selection,csr,ALPHASPARSE_SPMM_CSR_ALG1,workspace-setup,spmm.csr.fp64,fp64,A100-SXM4-80GB,A100-SXM4-80GB,,9700.0,152f8cc9-7213-5fba-8430-8cd9341fa530,suitesparse_all,JGD_Homology/klein-b1,klein-b1,30,10,60,2,row-major,N,N,1.0,0.0,20260922,main,pass,pass,0,0,240.0,0.01849,0.00445440001786,0.0229444000179,0.00537890001786,0.053879310128797486,0.010460068679623994,0.044618788079924976,0.0005554568054515205,0.00010783575958375252,0.00045998750597860794,AlphaSparse 248af573c867cf4c7e05d40c611c7c34ebac4715,CUDA,13040,13000,2026-10-07T22:29:27.797930+00:00,derived,csr-alg1,0,0,,,,5,20,4,true
3,A100-SXM4-80GB-suitesparse_all-fp64-n2-row-major-AlphaSparse-SpMM-CSR-pre-plus-solve,AlphaSparse-SpMM-CSR-best-pre-plus-solve,AlphaSparseLib CSR PER MATRIX BEST,per-matrix-best,AlphaSparse-SpMM-CSR,best,pre-plus-solve,"csr-alg1,csr-alg2,csr-alg3,csr-alg4,csr-alg5",manual-selection,csr,ALPHASPARSE_SPMM_CSR_ALG1,workspace-setup,spmm.csr.fp64,fp64,A100-SXM4-80GB,A100-SXM4-80GB,,9700.0,a0827285-e98d-55a9-b486-73107367c8f5,suitesparse_all,JGD_Homology/klein-b2,klein-b2,20,30,60,2,row-major,N,N,1.0,0.0,20260922,main,pass,pass,0,0,240.0,0.01764,0.00445440001786,0.0220944000179,0.00533640001786,0.053879310128797486,0.010862480981857919,0.044974139719054396,0.0005554568054515205,0.0001119843400191538,0.00046365092493870513,AlphaSparse 248af573c867cf4c7e05d40c611c7c34ebac4715,CUDA,13040,13000,2026-10-06T07:09:29.827672+00:00,derived,csr-alg1,0,0,,,,5,20,4,true
3,A100-SXM4-80GB-suitesparse_all-fp64-n2-row-major-AlphaSparse-SpMM-CSR-pre-plus-solve,AlphaSparse-SpMM-CSR-best-pre-plus-solve,AlphaSparseLib CSR PER MATRIX BEST,per-matrix-best,AlphaSparse-SpMM-CSR,best,pre-plus-solve,"csr-alg1,csr-alg2,csr-alg3,csr-alg4,csr-alg5",manual-selection,csr,ALPHASPARSE_SPMM_CSR_ALG1,workspace-setup,spmm.csr.fp64,fp64,A100-SXM4-80GB,A100-SXM4-80GB,,9700.0,dd6a9a30-d69d-5ea7-834e-7b0f3242a57c,suitesparse_all,JGD_Homology/lutz30-23-b6,lutz30-23-b6,1716,3003,12012,2,row-major,N,N,1.0,0.0,20260922,main,pass,pass,0,0,48048.0,0.01235,0.00593920014799,0.018289200148,0.00655670014799,8.089978246693851,2.6271241831892933,7.3280764585108304,0.08340183759478197,0.027083754465869,0.07554717998464773,AlphaSparse 248af573c867cf4c7e05d40c611c7c34ebac4715,CUDA,13040,13000,2026-10-06T19:56:00.519326+00:00,derived,csr-alg1,0,0,,,,5,20,4,true
3,A100-SXM4-80GB-suitesparse_all-fp64-n2-row-major-AlphaSparse-SpMM-CSR-pre-plus-solve,AlphaSparse-SpMM-CSR-best-pre-plus-solve,AlphaSparseLib CSR PER MATRIX BEST,per-matrix-best,AlphaSparse-SpMM-CSR,best,pre-plus-solve,"csr-alg1,csr-alg2,csr-alg3,csr-alg4,csr-alg5",manual-selection,csr,ALPHASPARSE_SPMM_CSR_ALG1,workspace-setup,spmm.csr.fp64,fp64,A100-SXM4-80GB,A100-SXM4-80GB,,9700.0,005fdebf-9ece-5bc0-9d3c-6fda0356699d,suitesparse_all,JGD_Homology/m133-b3,m133-b3,200200,200200,800800,2,row-major,N,N,1.0,0.0,20260922,main,pass,pass,0,0,3203200.0,0.02553,0.0158720001578,0.0414020001578,0.0171485001578,201.81451412258505,77.36824278516235,186.7918459646177,2.0805620012637633,0.7976107503624985,1.9256891336558526,AlphaSparse 248af573c867cf4c7e05d40c611c7c34ebac4715,CUDA,13040,13000,2026-10-08T13:59:54.758855+00:00,derived,csr-alg1,0,0,,,,5,20,4,true
3,A100-SXM4-80GB-suitesparse_all-fp64-n2-row-major-AlphaSparse-SpMM-CSR-pre-plus-solve,AlphaSparse-SpMM-CSR-best-pre-plus-solve,AlphaSparseLib CSR PER MATRIX BEST,per-matrix-best,AlphaSparse-SpMM-CSR,best,pre-plus-solve,"csr-alg1,csr-alg2,csr-alg3,csr-alg4,csr-alg5",manual-selection,csr,ALPHASPARSE_SPMM_CSR_ALG1,workspace-setup,spmm.csr.fp64,fp64,A100-SXM4-80GB,A100-SXM4-80GB,,9700.0,d94c6f41-d28e-5f45-abb9-189a8a3b4f78,suitesparse_all,JGD_Homology/mk10-b1,mk10-b1,630,45,1260,2,row-major,N,N,1.0,0.0,20260922,main,pass,pass,0,0,5040.0,0.01205,0.00455680005252,0.0166068000525,0.00515930005252,1.1060393130948944,0.30349013561112126,0.9768766981362659,0.01140246714530819,0.0031287642846507344,0.010070893795219235,AlphaSparse 248af573c867cf4c7e05d40c611c7c34ebac4715,CUDA,13040,13000,2026-10-06T01:59:07.253227+00:00,derived,csr-alg1,0,0,,,,5,20,4,true
3,A100-SXM4-80GB-suitesparse_all-fp64-n2-row-major-AlphaSparse-SpMM-CSR-pre-plus-solve,AlphaSparse-SpMM-CSR-best-pre-plus-solve,AlphaSparseLib CSR PER MATRIX BEST,per-matrix-best,AlphaSparse-SpMM-CSR,best,pre-plus-solve,"csr-alg1,csr-alg2,csr-alg3,csr-alg4,csr-alg5",manual-selection,csr,ALPHASPARSE_SPMM_CSR_ALG1,workspace-setup,spmm.csr.fp64,fp64,A100-SXM4-80GB,A100-SXM4-80GB,,9700.0,018f64fd-81d1-5f6a-986f-7d386c913e5c,suitesparse_all,JGD_Homology/mk10-b2,mk10-b2,3150,630,9450,2,row-major,N,N,1.0,0.0,20260922,main,pass,pass,0,0,37800.0,0.01526,0.00481280013919,0.0200728001392,0.00557580013919,7.854055623918301,1.8831453378634853,6.779296075251941,0.08096964560740516,0.01941386946251016,0.0698896502603293,AlphaSparse 248af573c867cf4c7e05d40c611c7c34ebac4715,CUDA,13040,13000,2026-10-06T20:32:19.930430+00:00,derived,csr-alg1,0,0,,,,5,20,4,true
3,A100-SXM4-80GB-suitesparse_all-fp64-n2-row-major-AlphaSparse-SpMM-CSR-pre-plus-solve,AlphaSparse-SpMM-CSR-best-pre-plus-solve,AlphaSparseLib CSR PER MATRIX BEST,per-matrix-best,AlphaSparse-SpMM-CSR,best,pre-plus-solve,"csr-alg1,csr-alg2,csr-alg3,csr-alg4,csr-alg5",manual-selection,csr,ALPHASPARSE_SPMM_CSR_ALG1,workspace-setup,spmm.csr.fp64,fp64,A100-SXM4-80GB,A100-SXM4-80GB,,9700.0,752b02ae-c4ef-54eb-ad5c-0957985c94ee,suitesparse_all,JGD_Homology/mk10-b4,mk10-b4,945,4725,4725,2,row-major,N,N,1.0,0.0,20260922,main,pass,pass,0,0,18900.0,0.017669,0.00570079982281,0.0233697998228,0.00658424982281,3.3153242680750608,0.8087360672024592,2.8704864652195003,0.03417860070180475,0.008337485228891332,0.029592643971335056,AlphaSparse 248af573c867cf4c7e05d40c611c7c34ebac4715,CUDA,13040,13000,2026-10-08T03:37:52.108364+00:00,derived,csr-alg1,0,0,,,,5,20,4,true
3,A100-SXM4-80GB-suitesparse_all-fp64-n2-row-major-AlphaSparse-SpMM-CSR-pre-plus-solve,AlphaSparse-SpMM-CSR-best-pre-plus-solve,AlphaSparseLib CSR PER MATRIX BEST,per-matrix-best,AlphaSparse-SpMM-CSR,best,pre-plus-solve,"csr-alg1,csr-alg2,csr-alg3,csr-alg4,csr-alg5",manual-selection,csr,ALPHASPARSE_SPMM_CSR_ALG1,workspace-setup,spmm.csr.fp64,fp64,A100-SXM4-80GB,A100-SXM4-80GB,,9700.0,152f8cc9-7213-5fba-8430-8cd9341fa530,suitesparse_all,JGD_Homology/mk11-b1,mk11-b1,990,55,1980,2,row-major,N,N,1.0,0.0,20260922,main,pass,pass,0,0,7920.0,0.02275,0.00476160012186,0.0275116001219,0.00589910012186,1.6633064090451701,0.2878785663104873,1.3425776536070735,0.01714748875304299,0.002967820271242137,0.01384100673821725,AlphaSparse 248af573c867cf4c7e05d40c611c7c34ebac4715,CUDA,13040,13000,2026-10-07T22:29:28.394103+00:00,derived,csr-alg1,0,0,,,,5,20,4,true
3,A100-SXM4-80GB-suitesparse_all-fp64-n2-row-major-AlphaSparse-SpMM-CSR-pre-plus-solve,AlphaSparse-SpMM-CSR-best-pre-plus-solve,AlphaSparseLib CSR PER MATRIX BEST,per-matrix-best,AlphaSparse-SpMM-CSR,best,pre-plus-solve,"csr-alg1,csr-alg2,csr-alg3,csr-alg4,csr-alg5",manual-selection,csr,ALPHASPARSE_SPMM_CSR_ALG1,workspace-setup,spmm.csr.fp64,fp64,A100-SXM4-80GB,A100-SXM4-80GB,,9700.0,a0827285-e98d-55a9-b486-73107367c8f5,suitesparse_all,JGD_Homology/mk11-b2,mk11-b2,6930,990,20790,2,row-major,N,N,1.0,0.0,20260922,main,pass,pass,0,0,83160.0,0.01949,0.00494079999626,0.0244307999963,0.00591529999626,16.83128239616034,3.4038999956036817,14.058458582418243,0.17351837521814784,0.035091752531996714,0.14493256270534272,AlphaSparse 248af573c867cf4c7e05d40c611c7c34ebac4715,CUDA,13040,13000,2026-10-06T07:09:30.895128+00:00,derived,csr-alg1,0,0,,,,5,20,4,true
3,A100-SXM4-80GB-suitesparse_all-fp64-n2-row-major-AlphaSparse-SpMM-CSR-pre-plus-solve,AlphaSparse-SpMM-CSR-best-pre-plus-solve,AlphaSparseLib CSR PER MATRIX BEST,per-matrix-best,AlphaSparse-SpMM-CSR,best,pre-plus-solve,"csr-alg1,csr-alg2,csr-alg3,csr-alg4,csr-alg5",manual-selection,csr,ALPHASPARSE_SPMM_CSR_ALG1,workspace-setup,spmm.csr.fp64,fp64,A100-SXM4-80GB,A100-SXM4-80GB,,9700.0,dd6a9a30-d69d-5ea7-834e-7b0f3242a57c,suitesparse_all,JGD_Homology/mk11-b3,mk11-b3,17325,6930,69300,2,row-major,N,N,1.0,0.0,20260922,main,pass,pass,0,0,277200.0,0.014309,0.00588800013065,0.0201970001307,0.00660345013065,47.078803303185175,13.724810526621146,41.978056094248764,0.4853484876617028,0.14149289202702214,0.4327634648891625,AlphaSparse 248af573c867cf4c7e05d40c611c7c34ebac4715,CUDA,13040,13000,2026-10-06T19:56:01.542286+00:00,derived,csr-alg1,0,0,,,,5,20,4,true
3,A100-SXM4-80GB-suitesparse_all-fp64-n2-row-major-AlphaSparse-SpMM-CSR-pre-plus-solve,AlphaSparse-SpMM-CSR-best-pre-plus-solve,AlphaSparseLib CSR PER MATRIX BEST,per-matrix-best,AlphaSparse-SpMM-CSR,best,pre-plus-solve,"csr-alg1,csr-alg2,csr-alg3,csr-alg4,csr-alg5",manual-selection,csr,ALPHASPARSE_SPMM_CSR_ALG1,workspace-setup,spmm.csr.fp64,fp64,A100-SXM4-80GB,A100-SXM4-80GB,,9700.0,005fdebf-9ece-5bc0-9d3c-6fda0356699d,suitesparse_all,JGD_Homology/mk11-b4,mk11-b4,10395,17325,51975,2,row-major,N,N,1.0,0.0,20260922,main,pass,pass,0,0,207900.0,0.01486,0.00609279982746,0.0209527998275,0.00683579982746,34.12224361335542,9.922301635657146,30.413412511707513,0.3517757073541796,0.1022917694397644,0.3135403351722424,AlphaSparse 248af573c867cf4c7e05d40c611c7c34ebac4715,CUDA,13040,13000,2026-10-08T13:59:55.446839+00:00,derived,csr-alg1,0,0,,,,5,20,4,true
3,A100-SXM4-80GB-suitesparse_all-fp64-n2-row-major-AlphaSparse-SpMM-CSR-pre-plus-solve,AlphaSparse-SpMM-CSR-best-pre-plus-solve,AlphaSparseLib CSR PER MATRIX BEST,per-matrix-best,AlphaSparse-SpMM-CSR,best,pre-plus-solve,"csr-alg1,csr-alg2,csr-alg3,csr-alg4,csr-alg5",manual-selection,csr,ALPHASPARSE_SPMM_CSR_ALG1,workspace-setup,spmm.csr.fp64,fp64,A100-SXM4-80GB,A100-SXM4-80GB,,9700.0,d94c6f41-d28e-5f45-abb9-189a8a3b4f78,suitesparse_all,JGD_Homology/mk11-b4b,mk11-b4b,9450,17325,47250,2,row-major,N,N,1.0,0.0,20260922,main,pass,pass,0,0,189000.0,0.01401,0.00593920014799,0.019949200148,0.00663970014799,31.82246687947756,9.474064052585494,28.46514086290703,0.3280666688605934,0.09767076342871643,0.29345506044234054,AlphaSparse 248af573c867cf4c7e05d40c611c7c34ebac4715,CUDA,13040,13000,2026-10-06T01:59:08.420848+00:00,derived,csr-alg1,0,0,,,,5,20,4,true
3,A100-SXM4-80GB-suitesparse_all-fp64-n2-row-major-AlphaSparse-SpMM-CSR-pre-plus-solve,AlphaSparse-SpMM-CSR-best-pre-plus-solve,AlphaSparseLib CSR PER MATRIX BEST,per-matrix-best,AlphaSparse-SpMM-CSR,best,pre-plus-solve,"csr-alg1,csr-alg2,csr-alg3,csr-alg4,csr-alg5",manual-selection,csr,ALPHASPARSE_SPMM_CSR_ALG4,workspace-setup,spmm.csr.fp64,fp64,A100-SXM4-80GB,A100-SXM4-80GB,,9700.0,018f64fd-81d1-5f6a-986f-7d386c913e5c,suitesparse_all,JGD_Homology/mk12-b1,mk12-b1,1485,66,2970,2,row-major,N,N,1.0,0.0,20260922,main,pass,pass,0,0,11880.0,0.01341,0.00972800031304,0.023138000313,0.010398500313,1.2212170659652766,0.5134410856293949,1.1424724376021662,0.01258986665943584,0.005293207068344278,0.011778066367032642,AlphaSparse 248af573c867cf4c7e05d40c611c7c34ebac4715,CUDA,13040,13000,2026-10-06T22:34:42.974482+00:00,derived,csr-alg4,0,0,,,,5,20,4,true
3,A100-SXM4-80GB-suitesparse_all-fp64-n2-row-major-AlphaSparse-SpMM-CSR-pre-plus-solve,AlphaSparse-SpMM-CSR-best-pre-plus-solve,AlphaSparseLib CSR PER MATRIX BEST,per-matrix-best,AlphaSparse-SpMM-CSR,best,pre-plus-solve,"csr-alg1,csr-alg2,csr-alg3,csr-alg4,csr-alg5",manual-selection,csr,ALPHASPARSE_SPMM_CSR_ALG4,workspace-setup,spmm.csr.fp64,fp64,A100-SXM4-80GB,A100-SXM4-80GB,,9700.0,752b02ae-c4ef-54eb-ad5c-0957985c94ee,suitesparse_all,JGD_Homology/mk12-b3,mk12-b3,51975,13860,207900,2,row-major,N,N,1.0,0.0,20260922,main,pass,pass,0,0,831600.0,0.01256,0.0151840001345,0.0277440001345,0.0158120001345,54.768176543314034,29.974048297595537,52.59296691919086,0.5646203767351963,0.3090108071917066,0.5421955352493903,AlphaSparse 248af573c867cf4c7e05d40c611c7c34ebac4715,CUDA,13040,13000,2026-10-08T07:00:49.008704+00:00,derived,csr-alg4,0,0,,,,5,20,4,true
3,A100-SXM4-80GB-suitesparse_all-fp64-n2-row-major-AlphaSparse-SpMM-CSR-pre-plus-solve,AlphaSparse-SpMM-CSR-best-pre-plus-solve,AlphaSparseLib CSR PER MATRIX BEST,per-matrix-best,AlphaSparse-SpMM-CSR,best,pre-plus-solve,"csr-alg1,csr-alg2,csr-alg3,csr-alg4,csr-alg5",manual-selection,csr,ALPHASPARSE_SPMM_CSR_ALG1,workspace-setup,spmm.csr.fp64,fp64,A100-SXM4-80GB,A100-SXM4-80GB,,9700.0,152f8cc9-7213-5fba-8430-8cd9341fa530,suitesparse_all,JGD_Homology/mk12-b4,mk12-b4,62370,51975,311850,2,row-major,N,N,1.0,0.0,20260922,main,pass,pass,0,0,1247400.0,0.01784,0.010035199672,0.027875199672,0.010927199672,124.30245941996239,44.749455238987395,114.15550529348835,1.2814686538140452,0.46133459009265354,1.176860879314313,AlphaSparse 248af573c867cf4c7e05d40c611c7c34ebac4715,CUDA,13040,13000,2026-10-07T22:29:29.184966+00:00,derived,csr-alg1,0,0,,,,5,20,4,true
3,A100-SXM4-80GB-suitesparse_all-fp64-n2-row-major-AlphaSparse-SpMM-CSR-pre-plus-solve,AlphaSparse-SpMM-CSR-best-pre-plus-solve,AlphaSparseLib CSR PER MATRIX BEST,per-matrix-best,AlphaSparse-SpMM-CSR,best,pre-plus-solve,"csr-alg1,csr-alg2,csr-alg3,csr-alg4,csr-alg5",manual-selection,csr,ALPHASPARSE_SPMM_CSR_ALG1,workspace-setup,spmm.csr.fp64,fp64,A100-SXM4-80GB,A100-SXM4-80GB,,9700.0,a0827285-e98d-55a9-b486-73107367c8f5,suitesparse_all,JGD_Homology/mk12-b5,mk12-b5,10395,62370,62370,2,row-major,N,N,1.0,0.0,20260922,main,pass,pass,0,0,249480.0,0.01784,0.00668800026178,0.0245280002618,0.00758000026178,37.30263011885728,10.171232768149514,32.912927623226096,0.38456319710162146,0.10485806977473726,0.33930853219820717,AlphaSparse 248af573c867cf4c7e05d40c611c7c34ebac4715,CUDA,13040,13000,2026-10-06T07:09:31.894426+00:00,derived,csr-alg1,0,0,,,,5,20,4,true
3,A100-SXM4-80GB-suitesparse_all-fp64-n2-row-major-AlphaSparse-SpMM-CSR-pre-plus-solve,AlphaSparse-SpMM-CSR-best-pre-plus-solve,AlphaSparseLib CSR PER MATRIX BEST,per-matrix-best,AlphaSparse-SpMM-CSR,best,pre-plus-solve,"csr-alg1,csr-alg2,csr-alg3,csr-alg4,csr-alg5",manual-selection,csr,ALPHASPARSE_SPMM_CSR_ALG1,workspace-setup,spmm.csr.fp64,fp64,A100-SXM4-80GB,A100-SXM4-80GB,,9700.0,dd6a9a30-d69d-5ea7-834e-7b0f3242a57c,suitesparse_all,JGD_Homology/mk13-b5,mk13-b5,135135,270270,810810,2,row-major,N,N,1.0,0.0,20260922,main,pass,pass,0,0,3243240.0,0.02489,0.0171008005738,0.0419908005738,0.0183453005738,189.65427881598376,77.23691750767922,176.78859972628965,1.955198750680245,0.7962568815224662,1.8225628837761818,AlphaSparse 248af573c867cf4c7e05d40c611c7c34ebac4715,CUDA,13040,13000,2026-10-06T19:56:03.405829+00:00,derived,csr-alg1,0,0,,,,5,20,4,true
3,A100-SXM4-80GB-suitesparse_all-fp64-n2-row-major-AlphaSparse-SpMM-CSR-pre-plus-solve,AlphaSparse-SpMM-CSR-best-pre-plus-solve,AlphaSparseLib CSR PER MATRIX BEST,per-matrix-best,AlphaSparse-SpMM-CSR,best,pre-plus-solve,"csr-alg1,csr-alg2,csr-alg3,csr-alg4,csr-alg5",manual-selection,csr,ALPHASPARSE_SPMM_CSR_ALG1,workspace-setup,spmm.csr.fp64,fp64,A100-SXM4-80GB,A100-SXM4-80GB,,9700.0,005fdebf-9ece-5bc0-9d3c-6fda0356699d,suitesparse_all,JGD_Homology/mk9-b1,mk9-b1,378,36,756,2,row-major,N,N,1.0,0.0,20260922,main,pass,pass,0,0,3024.0,0.01466,0.00455680005252,0.0192168000525,0.00528980005252,0.6636235878569366,0.15736230755060568,0.571666219890372,0.0068414802871849135,0.0016222918304186153,0.005893466184436825,AlphaSparse 248af573c867cf4c7e05d40c611c7c34ebac4715,CUDA,13040,13000,2026-10-08T13:59:56.270298+00:00,derived,csr-alg1,0,0,,,,5,20,4,true
3,A100-SXM4-80GB-suitesparse_all-fp64-n2-row-major-AlphaSparse-SpMM-CSR-pre-plus-solve,AlphaSparse-SpMM-CSR-best-pre-plus-solve,AlphaSparseLib CSR PER MATRIX BEST,per-matrix-best,AlphaSparse-SpMM-CSR,best,pre-plus-solve,"csr-alg1,csr-alg2,csr-alg3,csr-alg4,csr-alg5",manual-selection,csr,ALPHASPARSE_SPMM_CSR_ALG1,workspace-setup,spmm.csr.fp64,fp64,A100-SXM4-80GB,A100-SXM4-80GB,,9700.0,d94c6f41-d28e-5f45-abb9-189a8a3b4f78,suitesparse_all,JGD_Homology/mk9-b2,mk9-b2,1260,378,3780,2,row-major,N,N,1.0,0.0,20260922,main,pass,pass,0,0,15120.0,0.01319,0.00460800006986,0.0177980000699,0.00526750006986,3.281249950254314,0.8495336521304414,2.870431855618724,0.03382731907478674,0.008758078887942696,0.02959208098576004,AlphaSparse 248af573c867cf4c7e05d40c611c7c34ebac4715,CUDA,13040,13000,2026-10-06T01:59:09.302502+00:00,derived,csr-alg1,0,0,,,,5,20,4,true
3,A100-SXM4-80GB-suitesparse_all-fp64-n2-row-major-AlphaSparse-SpMM-CSR-pre-plus-solve,AlphaSparse-SpMM-CSR-best-pre-plus-solve,AlphaSparseLib CSR PER MATRIX BEST,per-matrix-best,AlphaSparse-SpMM-CSR,best,pre-plus-solve,"csr-alg1,csr-alg2,csr-alg3,csr-alg4,csr-alg5",manual-selection,csr,ALPHASPARSE_SPMM_CSR_ALG1,workspace-setup,spmm.csr.fp64,fp64,A100-SXM4-80GB,A100-SXM4-80GB,,9700.0,018f64fd-81d1-5f6a-986f-7d386c913e5c,suitesparse_all,JGD_Homology/mk9-b3,mk9-b3,945,1260,3780,2,row-major,N,N,1.0,0.0,20260922,main,pass,pass,0,0,15120.0,0.01523,0.00506879985332,0.0202987998533,0.00583029985332,2.9829546317747364,0.7448716234098897,2.593348606485493,0.030752109605925115,0.0076790889011328824,0.026735552644180344,AlphaSparse 248af573c867cf4c7e05d40c611c7c34ebac4715,CUDA,13040,13000,2026-10-06T20:32:21.175742+00:00,derived,csr-alg1,0,0,,,,5,20,4,true
3,A100-SXM4-80GB-suitesparse_all-fp64-n2-row-major-AlphaSparse-SpMM-CSR-pre-plus-solve,AlphaSparse-SpMM-CSR-best-pre-plus-solve,AlphaSparseLib CSR PER MATRIX BEST,per-matrix-best,AlphaSparse-SpMM-CSR,best,pre-plus-solve,"csr-alg1,csr-alg2,csr-alg3,csr-alg4,csr-alg5",manual-selection,csr,ALPHASPARSE_SPMM_CSR_ALG4,workspace-setup,spmm.csr.fp64,fp64,A100-SXM4-80GB,A100-SXM4-80GB,,9700.0,752b02ae-c4ef-54eb-ad5c-0957985c94ee,suitesparse_all,JGD_Homology/n2c6-b1,n2c6-b1,105,15,210,2,row-major,N,N,1.0,0.0,20260922,main,pass,pass,0,0,840.0,0.011549,0.00902239978313,0.0205713997831,0.00959984978313,0.09310161599917399,0.04083339047691273,0.08750136918560414,0.0009598104742182885,0.0004209627884217807,0.0009020759709856096,AlphaSparse 248af573c867cf4c7e05d40c611c7c34ebac4715,CUDA,13040,13000,2026-10-08T07:00:49.691699+00:00,derived,csr-alg4,0,0,,,,5,20,4,true
3,A100-SXM4-80GB-suitesparse_all-fp64-n2-row-major-AlphaSparse-SpMM-CSR-pre-plus-solve,AlphaSparse-SpMM-CSR-best-pre-plus-solve,AlphaSparseLib CSR PER MATRIX BEST,per-matrix-best,AlphaSparse-SpMM-CSR,best,pre-plus-solve,"csr-alg1,csr-alg2,csr-alg3,csr-alg4,csr-alg5",manual-selection,csr,ALPHASPARSE_SPMM_CSR_ALG1,workspace-setup,spmm.csr.fp64,fp64,A100-SXM4-80GB,A100-SXM4-80GB,,9700.0,152f8cc9-7213-5fba-8430-8cd9341fa530,suitesparse_all,JGD_Homology/n2c6-b2,n2c6-b2,455,105,1365,2,row-major,N,N,1.0,0.0,20260922,main,pass,pass,0,0,5460.0,0.01727,0.00465920008719,0.0219292000872,0.00552270008719,1.1718749780701023,0.24898309004836816,0.9886468419070168,0.012081185340928889,0.002566835979880084,0.010192235483577493,AlphaSparse 248af573c867cf4c7e05d40c611c7c34ebac4715,CUDA,13040,13000,2026-10-07T22:29:29.899309+00:00,derived,csr-alg1,0,0,,,,5,20,4,true
3,A100-SXM4-80GB-suitesparse_all-fp64-n2-row-major-AlphaSparse-SpMM-CSR-pre-plus-solve,AlphaSparse-SpMM-CSR-best-pre-plus-solve,AlphaSparseLib CSR PER MATRIX BEST,per-matrix-best,AlphaSparse-SpMM-CSR,best,pre-plus-solve,"csr-alg1,csr-alg2,csr-alg3,csr-alg4,csr-alg5",manual-selection,csr,ALPHASPARSE_SPMM_CSR_ALG1,workspace-setup,spmm.csr.fp64,fp64,A100-SXM4-80GB,A100-SXM4-80GB,,9700.0,a0827285-e98d-55a9-b486-73107367c8f5,suitesparse_all,JGD_Homology/n2c6-b3,n2c6-b3,1365,455,5460,2,row-major,N,N,1.0,0.0,20260922,main,pass,pass,0,0,21840.0,0.01638,0.00511999987066,0.0214999998707,0.00593899987066,4.265625107757022,1.01581395959743,3.677386845535143,0.04397551657481466,0.010472308861829175,0.03791120459314581,AlphaSparse 248af573c867cf4c7e05d40c611c7c34ebac4715,CUDA,13040,13000,2026-10-06T07:09:32.781484+00:00,derived,csr-alg1,0,0,,,,5,20,4,true
3,A100-SXM4-80GB-suitesparse_all-fp64-n2-row-major-AlphaSparse-SpMM-CSR-pre-plus-solve,AlphaSparse-SpMM-CSR-best-pre-plus-solve,AlphaSparseLib CSR PER MATRIX BEST,per-matrix-best,AlphaSparse-SpMM-CSR,best,pre-plus-solve,"csr-alg1,csr-alg2,csr-alg3,csr-alg4,csr-alg5",manual-selection,csr,ALPHASPARSE_SPMM_CSR_ALG1,workspace-setup,spmm.csr.fp64,fp64,A100-SXM4-80GB,A100-SXM4-80GB,,9700.0,dd6a9a30-d69d-5ea7-834e-7b0f3242a57c,suitesparse_all,JGD_Homology/n2c6-b4,n2c6-b4,3003,1365,15015,2,row-major,N,N,1.0,0.0,20260922,main,pass,pass,0,0,60060.0,0.01383,0.00573440007865,0.0195644000787,0.00642590007865,10.47363266884919,3.06986157297959,9.346550563328686,0.10797559452421845,0.03164805745339783,0.09635619137452253,AlphaSparse 248af573c867cf4c7e05d40c611c7c34ebac4715,CUDA,13040,13000,2026-10-06T19:56:04.512347+00:00,derived,csr-alg1,0,0,,,,5,20,4,true
3,A100-SXM4-80GB-suitesparse_all-fp64-n2-row-major-AlphaSparse-SpMM-CSR-pre-plus-solve,AlphaSparse-SpMM-CSR-best-pre-plus-solve,AlphaSparseLib CSR PER MATRIX BEST,per-matrix-best,AlphaSparse-SpMM-CSR,best,pre-plus-solve,"csr-alg1,csr-alg2,csr-alg3,csr-alg4,csr-alg5",manual-selection,csr,ALPHASPARSE_SPMM_CSR_ALG1,workspace-setup,spmm.csr.fp64,fp64,A100-SXM4-80GB,A100-SXM4-80GB,,9700.0,005fdebf-9ece-5bc0-9d3c-6fda0356699d,suitesparse_all,JGD_Homology/n2c6-b5,n2c6-b5,4945,3003,29670,2,row-major,N,N,1.0,0.0,20260922,main,pass,pass,0,0,118680.0,0.01359,0.00609279982746,0.0196827998275,0.00677229982746,19.478729543208374,6.0296299835445755,17.52432748455436,0.20081164477534405,0.062161133850975006,0.1806631699438594,AlphaSparse 248af573c867cf4c7e05d40c611c7c34ebac4715,CUDA,13040,13000,2026-10-08T13:59:56.937971+00:00,derived,csr-alg1,0,0,,,,5,20,4,true
3,A100-SXM4-80GB-suitesparse_all-fp64-n2-row-major-AlphaSparse-SpMM-CSR-pre-plus-solve,AlphaSparse-SpMM-CSR-best-pre-plus-solve,AlphaSparseLib CSR PER MATRIX BEST,per-matrix-best,AlphaSparse-SpMM-CSR,best,pre-plus-solve,"csr-alg1,csr-alg2,csr-alg3,csr-alg4,csr-alg5",manual-selection,csr,ALPHASPARSE_SPMM_CSR_ALG1,workspace-setup,spmm.csr.fp64,fp64,A100-SXM4-80GB,A100-SXM4-80GB,,9700.0,d94c6f41-d28e-5f45-abb9-189a8a3b4f78,suitesparse_all,JGD_Homology/n2c6-b6,n2c6-b6,5715,4945,40005,2,row-major,N,N,1.0,0.0,20260922,main,pass,pass,0,0,160020.0,0.01222,0.00721919983625,0.0194391998363,0.00783019983625,22.165891460226163,8.231820308837246,20.43626003760282,0.22851434495078518,0.08486412689522935,0.2106830931711631,AlphaSparse 248af573c867cf4c7e05d40c611c7c34ebac4715,CUDA,13040,13000,2026-10-06T01:59:10.275967+00:00,derived,csr-alg1,0,0,,,,5,20,4,true
3,A100-SXM4-80GB-suitesparse_all-fp64-n2-row-major-AlphaSparse-SpMM-CSR-pre-plus-solve,AlphaSparse-SpMM-CSR-best-pre-plus-solve,AlphaSparseLib CSR PER MATRIX BEST,per-matrix-best,AlphaSparse-SpMM-CSR,best,pre-plus-solve,"csr-alg1,csr-alg2,csr-alg3,csr-alg4,csr-alg5",manual-selection,csr,ALPHASPARSE_SPMM_CSR_ALG1,workspace-setup,spmm.csr.fp64,fp64,A100-SXM4-80GB,A100-SXM4-80GB,,9700.0,018f64fd-81d1-5f6a-986f-7d386c913e5c,suitesparse_all,JGD_Homology/n2c6-b7,n2c6-b7,3990,5715,31920,2,row-major,N,N,1.0,0.0,20260922,main,pass,pass,0,0,127680.0,0.0157,0.00696320012212,0.0226632001221,0.00774820012212,18.336396737241387,5.633802786548795,16.47866575302978,0.189035017909705,0.05808044109844118,0.16988315209309052,AlphaSparse 248af573c867cf4c7e05d40c611c7c34ebac4715,CUDA,13040,13000,2026-10-06T20:32:21.926393+00:00,derived,csr-alg1,0,0,,,,5,20,4,true
3,A100-SXM4-80GB-suitesparse_all-fp64-n2-row-major-AlphaSparse-SpMM-CSR-pre-plus-solve,AlphaSparse-SpMM-CSR-best-pre-plus-solve,AlphaSparseLib CSR PER MATRIX BEST,per-matrix-best,AlphaSparse-SpMM-CSR,best,pre-plus-solve,"csr-alg1,csr-alg2,csr-alg3,csr-alg4,csr-alg5",manual-selection,csr,ALPHASPARSE_SPMM_CSR_ALG1,workspace-setup,spmm.csr.fp64,fp64,A100-SXM4-80GB,A100-SXM4-80GB,,9700.0,752b02ae-c4ef-54eb-ad5c-0957985c94ee,suitesparse_all,JGD_Homology/n2c6-b9,n2c6-b9,306,1470,3060,2,row-major,N,N,1.0,0.0,20260922,main,pass,pass,0,0,12240.0,0.01714,0.00700159966946,0.0241415996695,0.00785859966946,1.7481719289649151,0.5070086559120506,1.557529396435213,0.018022391020256857,0.005226893359918047,0.01605700408696096,AlphaSparse 248af573c867cf4c7e05d40c611c7c34ebac4715,CUDA,13040,13000,2026-10-08T03:37:54.333155+00:00,derived,csr-alg1,0,0,,,,5,20,4,true
3,A100-SXM4-80GB-suitesparse_all-fp64-n2-row-major-AlphaSparse-SpMM-CSR-pre-plus-solve,AlphaSparse-SpMM-CSR-best-pre-plus-solve,AlphaSparseLib CSR PER MATRIX BEST,per-matrix-best,AlphaSparse-SpMM-CSR,best,pre-plus-solve,"csr-alg1,csr-alg2,csr-alg3,csr-alg4,csr-alg5",manual-selection,csr,ALPHASPARSE_SPMM_CSR_ALG5,workspace-setup,spmm.csr.fp64,fp64,A100-SXM4-80GB,A100-SXM4-80GB,,9700.0,152f8cc9-7213-5fba-8430-8cd9341fa530,suitesparse_all,JGD_Homology/n3c4-b1,n3c4-b1,15,6,30,2,row-major,N,N,1.0,0.0,20260922,main,pass,pass,0,0,120.0,0.01251,0.0110592000186,0.0235692000186,0.0116847000186,0.01085069442619512,0.005091390454716331,0.010269840030893476,0.00011186282913603216,5.248856138882815e-05,0.00010587463949374718,AlphaSparse 248af573c867cf4c7e05d40c611c7c34ebac4715,CUDA,13040,13000,2026-10-08T02:24:18.955889+00:00,derived,csr-alg5,0,0,,,,5,20,4,true
3,A100-SXM4-80GB-suitesparse_all-fp64-n2-row-major-AlphaSparse-SpMM-CSR-pre-plus-solve,AlphaSparse-SpMM-CSR-best-pre-plus-solve,AlphaSparseLib CSR PER MATRIX BEST,per-matrix-best,AlphaSparse-SpMM-CSR,best,pre-plus-solve,"csr-alg1,csr-alg2,csr-alg3,csr-alg4,csr-alg5",manual-selection,csr,ALPHASPARSE_SPMM_CSR_ALG1,workspace-setup,spmm.csr.fp64,fp64,A100-SXM4-80GB,A100-SXM4-80GB,,9700.0,a0827285-e98d-55a9-b486-73107367c8f5,suitesparse_all,JGD_Homology/n3c4-b2,n3c4-b2,20,15,60,2,row-major,N,N,1.0,0.0,20260922,main,pass,pass,0,0,240.0,0.01828,0.00348160006106,0.0217616000611,0.00439560006106,0.06893382232045635,0.011028600807208685,0.0546000538415963,0.0007106579620665603,0.00011369691553823387,0.0005628871530061474,AlphaSparse 248af573c867cf4c7e05d40c611c7c34ebac4715,CUDA,13040,13000,2026-10-06T07:09:33.502570+00:00,derived,csr-alg1,0,0,,,,5,20,4,true
3,A100-SXM4-80GB-suitesparse_all-fp64-n2-row-major-AlphaSparse-SpMM-CSR-pre-plus-solve,AlphaSparse-SpMM-CSR-best-pre-plus-solve,AlphaSparseLib CSR PER MATRIX BEST,per-matrix-best,AlphaSparse-SpMM-CSR,best,pre-plus-solve,"csr-alg1,csr-alg2,csr-alg3,csr-alg4,csr-alg5",manual-selection,csr,ALPHASPARSE_SPMM_CSR_ALG4,workspace-setup,spmm.csr.fp64,fp64,A100-SXM4-80GB,A100-SXM4-80GB,,9700.0,dd6a9a30-d69d-5ea7-834e-7b0f3242a57c,suitesparse_all,JGD_Homology/n3c4-b3,n3c4-b3,15,20,60,2,row-major,N,N,1.0,0.0,20260922,main,pass,pass,0,0,240.0,0.011929,0.00942080020905,0.021349800209,0.010017250209,0.025475542912951954,0.011241322993684412,0.023958670792147328,0.0002626344630201232,0.0001158899277699424,0.00024699660610461163,AlphaSparse 248af573c867cf4c7e05d40c611c7c34ebac4715,CUDA,13040,13000,2026-10-06T21:49:38.625953+00:00,derived,csr-alg4,0,0,,,,5,20,4,true
3,A100-SXM4-80GB-suitesparse_all-fp64-n2-row-major-AlphaSparse-SpMM-CSR-pre-plus-solve,AlphaSparse-SpMM-CSR-best-pre-plus-solve,AlphaSparseLib CSR PER MATRIX BEST,per-matrix-best,AlphaSparse-SpMM-CSR,best,pre-plus-solve,"csr-alg1,csr-alg2,csr-alg3,csr-alg4,csr-alg5",manual-selection,csr,ALPHASPARSE_SPMM_CSR_ALG1,workspace-setup,spmm.csr.fp64,fp64,A100-SXM4-80GB,A100-SXM4-80GB,,9700.0,005fdebf-9ece-5bc0-9d3c-6fda0356699d,suitesparse_all,JGD_Homology/n3c4-b4,n3c4-b4,6,15,30,2,row-major,N,N,1.0,0.0,20260922,main,pass,pass,0,0,120.0,0.01377,0.00455520004034,0.0183252000403,0.00524370004034,0.026343519260911143,0.006548359621510331,0.022884604206349538,0.00027158267279289835,6.750886207742609e-05,0.0002359237547046344,AlphaSparse 248af573c867cf4c7e05d40c611c7c34ebac4715,CUDA,13040,13000,2026-10-08T13:59:57.620702+00:00,derived,csr-alg1,0,0,,,,5,20,4,true
3,A100-SXM4-80GB-suitesparse_all-fp64-n2-row-major-AlphaSparse-SpMM-CSR-pre-plus-solve,AlphaSparse-SpMM-CSR-best-pre-plus-solve,AlphaSparseLib CSR PER MATRIX BEST,per-matrix-best,AlphaSparse-SpMM-CSR,best,pre-plus-solve,"csr-alg1,csr-alg2,csr-alg3,csr-alg4,csr-alg5",manual-selection,csr,ALPHASPARSE_SPMM_CSR_ALG1,workspace-setup,spmm.csr.fp64,fp64,A100-SXM4-80GB,A100-SXM4-80GB,,9700.0,d94c6f41-d28e-5f45-abb9-189a8a3b4f78,suitesparse_all,JGD_Homology/n3c5-b1,n3c5-b1,45,10,90,2,row-major,N,N,1.0,0.0,20260922,main,pass,pass,0,0,360.0,0.01302,0.00430079996586,0.0173207999659,0.00495179996586,0.08370535780731513,0.020784259428475775,0.07270083656084789,0.0008629418330651044,0.00021427071575748222,0.0007494931604211122,AlphaSparse 248af573c867cf4c7e05d40c611c7c34ebac4715,CUDA,13040,13000,2026-10-06T01:59:11.179663+00:00,derived,csr-alg1,0,0,,,,5,20,4,true
3,A100-SXM4-80GB-suitesparse_all-fp64-n2-row-major-AlphaSparse-SpMM-CSR-pre-plus-solve,AlphaSparse-SpMM-CSR-best-pre-plus-solve,AlphaSparseLib CSR PER MATRIX BEST,per-matrix-best,AlphaSparse-SpMM-CSR,best,pre-plus-solve,"csr-alg1,csr-alg2,csr-alg3,csr-alg4,csr-alg5",manual-selection,csr,ALPHASPARSE_SPMM_CSR_ALG3,workspace-setup,spmm.csr.fp64,fp64,A100-SXM4-80GB,A100-SXM4-80GB,,9700.0,018f64fd-81d1-5f6a-986f-7d386c913e5c,suitesparse_all,JGD_Homology/n3c5-b2,n3c5-b2,120,45,360,2,row-major,N,N,1.0,0.0,20260922,main,pass,pass,0,0,1440.0,0.01105,0.011571200192,0.022621200192,0.012123700192,0.12444690058992974,0.06365709987877906,0.11877561942270767,0.0012829577380405128,0.0006562587616368975,0.0012244909218835842,AlphaSparse 248af573c867cf4c7e05d40c611c7c34ebac4715,CUDA,13040,13000,2026-10-06T21:57:26.926831+00:00,derived,csr-alg3,0,0,,,,5,20,4,true
3,A100-SXM4-80GB-suitesparse_all-fp64-n2-row-major-AlphaSparse-SpMM-CSR-pre-plus-solve,AlphaSparse-SpMM-CSR-best-pre-plus-solve,AlphaSparseLib CSR PER MATRIX BEST,per-matrix-best,AlphaSparse-SpMM-CSR,best,pre-plus-solve,"csr-alg1,csr-alg2,csr-alg3,csr-alg4,csr-alg5",manual-selection,csr,ALPHASPARSE_SPMM_CSR_ALG1,workspace-setup,spmm.csr.fp64,fp64,A100-SXM4-80GB,A100-SXM4-80GB,,9700.0,752b02ae-c4ef-54eb-ad5c-0957985c94ee,suitesparse_all,JGD_Homology/n3c5-b4,n3c5-b4,252,210,1260,2,row-major,N,N,1.0,0.0,20260922,main,pass,pass,0,0,5040.0,0.01747,0.00542719997466,0.0228971999747,0.00630069997466,0.9286556647133207,0.22011425002047807,0.7999111242036199,0.009573769739312586,0.0022692190723760624,0.008246506435088865,AlphaSparse 248af573c867cf4c7e05d40c611c7c34ebac4715,CUDA,13040,13000,2026-10-08T03:37:55.140975+00:00,derived,csr-alg1,0,0,,,,5,20,4,true
3,A100-SXM4-80GB-suitesparse_all-fp64-n2-row-major-AlphaSparse-SpMM-CSR-pre-plus-solve,AlphaSparse-SpMM-CSR-best-pre-plus-solve,AlphaSparseLib CSR PER MATRIX BEST,per-matrix-best,AlphaSparse-SpMM-CSR,best,pre-plus-solve,"csr-alg1,csr-alg2,csr-alg3,csr-alg4,csr-alg5",manual-selection,csr,ALPHASPARSE_SPMM_CSR_ALG3,workspace-setup,spmm.csr.fp64,fp64,A100-SXM4-80GB,A100-SXM4-80GB,,9700.0,152f8cc9-7213-5fba-8430-8cd9341fa530,suitesparse_all,JGD_Homology/n3c5-b5,n3c5-b5,210,252,1260,2,row-major,N,N,1.0,0.0,20260922,main,pass,pass,0,0,5040.0,0.01456,0.0135680004954,0.0281280004954,0.0142960004954,0.3714622505879717,0.17918088421621836,0.3525461545431334,0.003829507738020327,0.001847225610476478,0.003634496438589004,AlphaSparse 248af573c867cf4c7e05d40c611c7c34ebac4715,CUDA,13040,13000,2026-10-08T00:26:41.761924+00:00,derived,csr-alg3,0,0,,,,5,20,4,true
3,A100-SXM4-80GB-suitesparse_all-fp64-n2-row-major-AlphaSparse-SpMM-CSR-pre-plus-solve,AlphaSparse-SpMM-CSR-best-pre-plus-solve,AlphaSparseLib CSR PER MATRIX BEST,per-matrix-best,AlphaSparse-SpMM-CSR,best,pre-plus-solve,"csr-alg1,csr-alg2,csr-alg3,csr-alg4,csr-alg5",manual-selection,csr,ALPHASPARSE_SPMM_CSR_ALG4,workspace-setup,spmm.csr.fp64,fp64,A100-SXM4-80GB,A100-SXM4-80GB,,9700.0,a0827285-e98d-55a9-b486-73107367c8f5,suitesparse_all,JGD_Homology/n3c5-b6,n3c5-b6,120,210,840,2,row-major,N,N,1.0,0.0,20260922,main,pass,pass,0,0,3360.0,0.01776,0.00839679986238,0.0261567998624,0.00928479986238,0.4001524455827195,0.12845608093021918,0.36188179064731296,0.004125282944151747,0.001324289494125971,0.0037307401097661126,AlphaSparse 248af573c867cf4c7e05d40c611c7c34ebac4715,CUDA,13040,13000,2026-10-06T08:33:46.586118+00:00,derived,csr-alg4,0,0,,,,5,20,4,true
3,A100-SXM4-80GB-suitesparse_all-fp64-n2-row-major-AlphaSparse-SpMM-CSR-pre-plus-solve,AlphaSparse-SpMM-CSR-best-pre-plus-solve,AlphaSparseLib CSR PER MATRIX BEST,per-matrix-best,AlphaSparse-SpMM-CSR,best,pre-plus-solve,"csr-alg1,csr-alg2,csr-alg3,csr-alg4,csr-alg5",manual-selection,csr,ALPHASPARSE_SPMM_CSR_ALG1,workspace-setup,spmm.csr.fp64,fp64,A100-SXM4-80GB,A100-SXM4-80GB,,9700.0,dd6a9a30-d69d-5ea7-834e-7b0f3242a57c,suitesparse_all,JGD_Homology/n3c5-b7,n3c5-b7,30,120,240,2,row-major,N,N,1.0,0.0,20260922,main,pass,pass,0,0,960.0,0.01197,0.00583680011332,0.0178068001133,0.00643530011332,0.1644736810173113,0.05391198833545453,0.14917719190950549,0.0016956049589413537,0.0005557936941799436,0.0015379091949433554,AlphaSparse 248af573c867cf4c7e05d40c611c7c34ebac4715,CUDA,13040,13000,2026-10-06T19:56:07.932426+00:00,derived,csr-alg1,0,0,,,,5,20,4,true
3,A100-SXM4-80GB-suitesparse_all-fp64-n2-row-major-AlphaSparse-SpMM-CSR-pre-plus-solve,AlphaSparse-SpMM-CSR-best-pre-plus-solve,AlphaSparseLib CSR PER MATRIX BEST,per-matrix-best,AlphaSparse-SpMM-CSR,best,pre-plus-solve,"csr-alg1,csr-alg2,csr-alg3,csr-alg4,csr-alg5",manual-selection,csr,ALPHASPARSE_SPMM_CSR_ALG5,workspace-setup,spmm.csr.fp64,fp64,A100-SXM4-80GB,A100-SXM4-80GB,,9700.0,d94c6f41-d28e-5f45-abb9-189a8a3b4f78,suitesparse_all,JGD_Homology/n3c6-b1,n3c6-b1,105,105,210,2,row-major,N,N,1.0,0.0,20260922,main,pass,pass,0,0,840.0,0.01305,0.0106480002403,0.0236980002403,0.0113005002403,0.07888805231435021,0.03544602884135029,0.07433299253464731,0.000813278889838662,0.0003654229777458793,0.0007663195106664671,AlphaSparse 248af573c867cf4c7e05d40c611c7c34ebac4715,CUDA,13040,13000,2026-10-06T03:42:03.828430+00:00,derived,csr-alg5,0,0,,,,5,20,4,true
3,A100-SXM4-80GB-suitesparse_all-fp64-n2-row-major-AlphaSparse-SpMM-CSR-pre-plus-solve,AlphaSparse-SpMM-CSR-best-pre-plus-solve,AlphaSparseLib CSR PER MATRIX BEST,per-matrix-best,AlphaSparse-SpMM-CSR,best,pre-plus-solve,"csr-alg1,csr-alg2,csr-alg3,csr-alg4,csr-alg5",manual-selection,csr,ALPHASPARSE_SPMM_CSR_ALG1,workspace-setup,spmm.csr.fp64,fp64,A100-SXM4-80GB,A100-SXM4-80GB,,9700.0,005fdebf-9ece-5bc0-9d3c-6fda0356699d,suitesparse_all,JGD_Homology/n3c6-b10,n3c6-b10,675,2511,7425,2,row-major,N,N,1.0,0.0,20260922,main,pass,pass,0,0,29700.0,0.01345,0.0061168000102,0.0195668000102,0.0067893000102,4.855479981440313,1.5178772198069,4.374530504673499,0.05005649465402384,0.015648218760895876,0.045098252625499984,AlphaSparse 248af573c867cf4c7e05d40c611c7c34ebac4715,CUDA,13040,13000,2026-10-08T13:59:58.762074+00:00,derived,csr-alg1,0,0,,,,5,20,4,true
3,A100-SXM4-80GB-suitesparse_all-fp64-n2-row-major-AlphaSparse-SpMM-CSR-pre-plus-solve,AlphaSparse-SpMM-CSR-best-pre-plus-solve,AlphaSparseLib CSR PER MATRIX BEST,per-matrix-best,AlphaSparse-SpMM-CSR,best,pre-plus-solve,"csr-alg1,csr-alg2,csr-alg3,csr-alg4,csr-alg5",manual-selection,csr,ALPHASPARSE_SPMM_CSR_ALG1,workspace-setup,spmm.csr.fp64,fp64,A100-SXM4-80GB,A100-SXM4-80GB,,9700.0,018f64fd-81d1-5f6a-986f-7d386c913e5c,suitesparse_all,JGD_Homology/n3c6-b11,n3c6-b11,60,675,720,2,row-major,N,N,1.0,0.0,20260922,main,pass,pass,0,0,2880.0,0.01554,0.00701439976692,0.0225543997669,0.00779139976692,0.410583955249046,0.12769127220253412,0.3696383302301643,0.004232824280918,0.001316404868067362,0.0038107044353625184,AlphaSparse 248af573c867cf4c7e05d40c611c7c34ebac4715,CUDA,13040,13000,2026-10-06T20:32:23.303277+00:00,derived,csr-alg1,0,0,,,,5,20,4,true
3,A100-SXM4-80GB-suitesparse_all-fp64-n2-row-major-AlphaSparse-SpMM-CSR-pre-plus-solve,AlphaSparse-SpMM-CSR-best-pre-plus-solve,AlphaSparseLib CSR PER MATRIX BEST,per-matrix-best,AlphaSparse-SpMM-CSR,best,pre-plus-solve,"csr-alg1,csr-alg2,csr-alg3,csr-alg4,csr-alg5",manual-selection,csr,ALPHASPARSE_SPMM_CSR_ALG4,workspace-setup,spmm.csr.fp64,fp64,A100-SXM4-80GB,A100-SXM4-80GB,,9700.0,752b02ae-c4ef-54eb-ad5c-0957985c94ee,suitesparse_all,JGD_Homology/n3c6-b3,n3c6-b3,1365,455,5460,2,row-major,N,N,1.0,0.0,20260922,main,pass,pass,0,0,21840.0,0.01229,0.00998400002718,0.0222740000272,0.0105985000272,2.1874999940448467,0.9805153979226893,2.060668957300543,0.022551546330359246,0.010108406164151436,0.021244009869077762,AlphaSparse 248af573c867cf4c7e05d40c611c7c34ebac4715,CUDA,13040,13000,2026-10-08T07:00:52.346910+00:00,derived,csr-alg4,0,0,,,,5,20,4,true
3,A100-SXM4-80GB-suitesparse_all-fp64-n2-row-major-AlphaSparse-SpMM-CSR-pre-plus-solve,AlphaSparse-SpMM-CSR-best-pre-plus-solve,AlphaSparseLib CSR PER MATRIX BEST,per-matrix-best,AlphaSparse-SpMM-CSR,best,pre-plus-solve,"csr-alg1,csr-alg2,csr-alg3,csr-alg4,csr-alg5",manual-selection,csr,ALPHASPARSE_SPMM_CSR_ALG1,workspace-setup,spmm.csr.fp64,fp64,A100-SXM4-80GB,A100-SXM4-80GB,,9700.0,152f8cc9-7213-5fba-8430-8cd9341fa530,suitesparse_all,JGD_Homology/n3c6-b4,n3c6-b4,3003,1365,15015,2,row-major,N,N,1.0,0.0,20260922,main,pass,pass,0,0,60060.0,0.02242,0.00575999990106,0.0281799999011,0.00688099990106,10.427083512440214,2.1312988009505127,8.72838262804624,0.10749570631381665,0.02197215258711869,0.08998332606233238,AlphaSparse 248af573c867cf4c7e05d40c611c7c34ebac4715,CUDA,13040,13000,2026-10-07T22:29:31.960035+00:00,derived,csr-alg1,0,0,,,,5,20,4,true
3,A100-SXM4-80GB-suitesparse_all-fp64-n2-row-major-AlphaSparse-SpMM-CSR-pre-plus-solve,AlphaSparse-SpMM-CSR-best-pre-plus-solve,AlphaSparseLib CSR PER MATRIX BEST,per-matrix-best,AlphaSparse-SpMM-CSR,best,pre-plus-solve,"csr-alg1,csr-alg2,csr-alg3,csr-alg4,csr-alg5",manual-selection,csr,ALPHASPARSE_SPMM_CSR_ALG1,workspace-setup,spmm.csr.fp64,fp64,A100-SXM4-80GB,A100-SXM4-80GB,,9700.0,a0827285-e98d-55a9-b486-73107367c8f5,suitesparse_all,JGD_Homology/n3c6-b5,n3c6-b5,5005,3003,30030,2,row-major,N,N,1.0,0.0,20260922,main,pass,pass,0,0,120120.0,0.02259,0.00500640012324,0.0275964001232,0.00613590012324,23.99328799997347,4.3527416425237435,19.576589838064677,0.247353484535809,0.04487362518065715,0.2018205137944812,AlphaSparse 248af573c867cf4c7e05d40c611c7c34ebac4715,CUDA,13040,13000,2026-10-06T07:09:34.891796+00:00,derived,csr-alg1,0,0,,,,5,20,4,true
3,A100-SXM4-80GB-suitesparse_all-fp64-n2-row-major-AlphaSparse-SpMM-CSR-pre-plus-solve,AlphaSparse-SpMM-CSR-best-pre-plus-solve,AlphaSparseLib CSR PER MATRIX BEST,per-matrix-best,AlphaSparse-SpMM-CSR,best,pre-plus-solve,"csr-alg1,csr-alg2,csr-alg3,csr-alg4,csr-alg5",manual-selection,csr,ALPHASPARSE_SPMM_CSR_ALG1,workspace-setup,spmm.csr.fp64,fp64,A100-SXM4-80GB,A100-SXM4-80GB,,9700.0,dd6a9a30-d69d-5ea7-834e-7b0f3242a57c,suitesparse_all,JGD_Homology/n3c6-b6,n3c6-b6,6435,5005,45045,2,row-major,N,N,1.0,0.0,20260922,main,pass,pass,0,0,180180.0,0.01822,0.00619519986212,0.0244151998621,0.00710619986212,29.083807465469295,7.379829000691307,25.355324012269858,0.29983306665432263,0.07608071134733306,0.2613950929099985,AlphaSparse 248af573c867cf4c7e05d40c611c7c34ebac4715,CUDA,13040,13000,2026-10-06T19:56:10.072553+00:00,derived,csr-alg1,0,0,,,,5,20,4,true
3,A100-SXM4-80GB-suitesparse_all-fp64-n2-row-major-AlphaSparse-SpMM-CSR-pre-plus-solve,AlphaSparse-SpMM-CSR-best-pre-plus-solve,AlphaSparseLib CSR PER MATRIX BEST,per-matrix-best,AlphaSparse-SpMM-CSR,best,pre-plus-solve,"csr-alg1,csr-alg2,csr-alg3,csr-alg4,csr-alg5",manual-selection,csr,ALPHASPARSE_SPMM_CSR_ALG1,workspace-setup,spmm.csr.fp64,fp64,A100-SXM4-80GB,A100-SXM4-80GB,,9700.0,005fdebf-9ece-5bc0-9d3c-6fda0356699d,suitesparse_all,JGD_Homology/n3c6-b7,n3c6-b7,6435,6435,51480,2,row-major,N,N,1.0,0.0,20260922,main,pass,pass,0,0,205920.0,0.01456,0.00563200004399,0.020192000044,0.00636000004399,36.56249971442039,10.19809823451286,32.37735826662264,0.376932986746602,0.10513503334549341,0.3337871986249757,AlphaSparse 248af573c867cf4c7e05d40c611c7c34ebac4715,CUDA,13040,13000,2026-10-08T14:00:00.079197+00:00,derived,csr-alg1,0,0,,,,5,20,4,true
3,A100-SXM4-80GB-suitesparse_all-fp64-n2-row-major-AlphaSparse-SpMM-CSR-pre-plus-solve,AlphaSparse-SpMM-CSR-best-pre-plus-solve,AlphaSparseLib CSR PER MATRIX BEST,per-matrix-best,AlphaSparse-SpMM-CSR,best,pre-plus-solve,"csr-alg1,csr-alg2,csr-alg3,csr-alg4,csr-alg5",manual-selection,csr,ALPHASPARSE_SPMM_CSR_ALG4,workspace-setup,spmm.csr.fp64,fp64,A100-SXM4-80GB,A100-SXM4-80GB,,9700.0,d94c6f41-d28e-5f45-abb9-189a8a3b4f78,suitesparse_all,JGD_Homology/n3c6-b8,n3c6-b8,4935,6435,44415,2,row-major,N,N,1.0,0.0,20260922,main,pass,pass,0,0,177660.0,0.01212,0.0114688001573,0.0235888001573,0.0120748001573,15.490722443787437,7.531540341826998,14.713286984927283,0.15969816952358182,0.07764474579203091,0.15168337097863177,AlphaSparse 248af573c867cf4c7e05d40c611c7c34ebac4715,CUDA,13040,13000,2026-10-06T03:17:45.713347+00:00,derived,csr-alg4,0,0,,,,5,20,4,true
3,A100-SXM4-80GB-suitesparse_all-fp64-n2-row-major-AlphaSparse-SpMM-CSR-pre-plus-solve,AlphaSparse-SpMM-CSR-best-pre-plus-solve,AlphaSparseLib CSR PER MATRIX BEST,per-matrix-best,AlphaSparse-SpMM-CSR,best,pre-plus-solve,"csr-alg1,csr-alg2,csr-alg3,csr-alg4,csr-alg5",manual-selection,csr,ALPHASPARSE_SPMM_CSR_ALG1,workspace-setup,spmm.csr.fp64,fp64,A100-SXM4-80GB,A100-SXM4-80GB,,9700.0,018f64fd-81d1-5f6a-986f-7d386c913e5c,suitesparse_all,JGD_Homology/n3c6-b9,n3c6-b9,2511,4935,25110,2,row-major,N,N,1.0,0.0,20260922,main,pass,pass,0,0,100440.0,0.01632,0.00701439976692,0.0233343997669,0.00783039976692,14.31911543931048,4.304374700157267,12.826931317646755,0.14761974679701526,0.04437499690883781,0.1322364053365645,AlphaSparse 248af573c867cf4c7e05d40c611c7c34ebac4715,CUDA,13040,13000,2026-10-06T20:32:23.935260+00:00,derived,csr-alg1,0,0,,,,5,20,4,true
3,A100-SXM4-80GB-suitesparse_all-fp64-n2-row-major-AlphaSparse-SpMM-CSR-pre-plus-solve,AlphaSparse-SpMM-CSR-best-pre-plus-solve,AlphaSparseLib CSR PER MATRIX BEST,per-matrix-best,AlphaSparse-SpMM-CSR,best,pre-plus-solve,"csr-alg1,csr-alg2,csr-alg3,csr-alg4,csr-alg5",manual-selection,csr,ALPHASPARSE_SPMM_CSR_ALG1,workspace-setup,spmm.csr.fp64,fp64,A100-SXM4-80GB,A100-SXM4-80GB,,9700.0,752b02ae-c4ef-54eb-ad5c-0957985c94ee,suitesparse_all,JGD_Homology/n4c5-b1,n4c5-b1,105,15,210,2,row-major,N,N,1.0,0.0,20260922,main,pass,pass,0,0,840.0,0.01614,0.00445440001786,0.0205944000179,0.00526140001786,0.1885775854507912,0.04078778693576403,0.15965332366833765,0.0019440988190803218,0.00042049264882230953,0.0016459105532818314,AlphaSparse 248af573c867cf4c7e05d40c611c7c34ebac4715,CUDA,13040,13000,2026-10-08T03:37:56.832175+00:00,derived,csr-alg1,0,0,,,,5,20,4,true
3,A100-SXM4-80GB-suitesparse_all-fp64-n2-row-major-AlphaSparse-SpMM-CSR-pre-plus-solve,AlphaSparse-SpMM-CSR-best-pre-plus-solve,AlphaSparseLib CSR PER MATRIX BEST,per-matrix-best,AlphaSparse-SpMM-CSR,best,pre-plus-solve,"csr-alg1,csr-alg2,csr-alg3,csr-alg4,csr-alg5",manual-selection,csr,ALPHASPARSE_SPMM_CSR_ALG1,workspace-setup,spmm.csr.fp64,fp64,A100-SXM4-80GB,A100-SXM4-80GB,,9700.0,152f8cc9-7213-5fba-8430-8cd9341fa530,suitesparse_all,JGD_Homology/n4c5-b11,n4c5-b11,10,120,120,2,row-major,N,N,1.0,0.0,20260922,main,pass,pass,0,0,480.0,0.01847,0.00721919983625,0.0256891998363,0.00814269983625,0.06648936321027721,0.018684894938679183,0.05894850720925714,0.0006854573526832702,0.00019262778287298127,0.0006077165691675993,AlphaSparse 248af573c867cf4c7e05d40c611c7c34ebac4715,CUDA,13040,13000,2026-10-07T22:29:32.716491+00:00,derived,csr-alg1,0,0,,,,5,20,4,true
3,A100-SXM4-80GB-suitesparse_all-fp64-n2-row-major-AlphaSparse-SpMM-CSR-pre-plus-solve,AlphaSparse-SpMM-CSR-best-pre-plus-solve,AlphaSparseLib CSR PER MATRIX BEST,per-matrix-best,AlphaSparse-SpMM-CSR,best,pre-plus-solve,"csr-alg1,csr-alg2,csr-alg3,csr-alg4,csr-alg5",manual-selection,csr,ALPHASPARSE_SPMM_CSR_ALG1,workspace-setup,spmm.csr.fp64,fp64,A100-SXM4-80GB,A100-SXM4-80GB,,9700.0,a0827285-e98d-55a9-b486-73107367c8f5,suitesparse_all,JGD_Homology/n4c5-b2,n4c5-b2,455,105,1365,2,row-major,N,N,1.0,0.0,20260922,main,pass,pass,0,0,5460.0,0.01408,0.00399359986186,0.0180735998619,0.00469759986186,1.3671875472914885,0.3020980901270221,1.1622956745060293,0.014094716982386478,0.0031144133002785784,0.011982429634082777,AlphaSparse 248af573c867cf4c7e05d40c611c7c34ebac4715,CUDA,13040,13000,2026-10-06T07:09:35.911868+00:00,derived,csr-alg1,0,0,,,,5,20,4,true
3,A100-SXM4-80GB-suitesparse_all-fp64-n2-row-major-AlphaSparse-SpMM-CSR-pre-plus-solve,AlphaSparse-SpMM-CSR-best-pre-plus-solve,AlphaSparseLib CSR PER MATRIX BEST,per-matrix-best,AlphaSparse-SpMM-CSR,best,pre-plus-solve,"csr-alg1,csr-alg2,csr-alg3,csr-alg4,csr-alg5",manual-selection,csr,ALPHASPARSE_SPMM_CSR_ALG1,workspace-setup,spmm.csr.fp64,fp64,A100-SXM4-80GB,A100-SXM4-80GB,,9700.0,dd6a9a30-d69d-5ea7-834e-7b0f3242a57c,suitesparse_all,JGD_Homology/n4c5-b3,n4c5-b3,1350,455,5400,2,row-major,N,N,1.0,0.0,20260922,main,pass,pass,0,0,21600.0,0.01224,0.00522239990532,0.0174623999053,0.00583439990532,4.136029486749248,1.236943382189077,3.7021802328469806,0.0426394792448376,0.012751993630815224,0.03816680652419567,AlphaSparse 248af573c867cf4c7e05d40c611c7c34ebac4715,CUDA,13040,13000,2026-10-06T19:56:11.589270+00:00,derived,csr-alg1,0,0,,,,5,20,4,true
3,A100-SXM4-80GB-suitesparse_all-fp64-n2-row-major-AlphaSparse-SpMM-CSR-pre-plus-solve,AlphaSparse-SpMM-CSR-best-pre-plus-solve,AlphaSparseLib CSR PER MATRIX BEST,per-matrix-best,AlphaSparse-SpMM-CSR,best,pre-plus-solve,"csr-alg1,csr-alg2,csr-alg3,csr-alg4,csr-alg5",manual-selection,csr,ALPHASPARSE_SPMM_CSR_ALG1,workspace-setup,spmm.csr.fp64,fp64,A100-SXM4-80GB,A100-SXM4-80GB,,9700.0,005fdebf-9ece-5bc0-9d3c-6fda0356699d,suitesparse_all,JGD_Homology/n4c5-b4,n4c5-b4,2852,1350,14260,2,row-major,N,N,1.0,0.0,20260922,main,pass,pass,0,0,57040.0,0.01563,0.00484640002251,0.0204764000225,0.00562790002251,11.769560856525914,2.7856459112599365,10.135219135353546,0.12133567893325684,0.028717999085153986,0.10448679520983037,AlphaSparse 248af573c867cf4c7e05d40c611c7c34ebac4715,CUDA,13040,13000,2026-10-08T14:00:00.870659+00:00,derived,csr-alg1,0,0,,,,5,20,4,true
3,A100-SXM4-80GB-suitesparse_all-fp64-n2-row-major-AlphaSparse-SpMM-CSR-pre-plus-solve,AlphaSparse-SpMM-CSR-best-pre-plus-solve,AlphaSparseLib CSR PER MATRIX BEST,per-matrix-best,AlphaSparse-SpMM-CSR,best,pre-plus-solve,"csr-alg1,csr-alg2,csr-alg3,csr-alg4,csr-alg5",manual-selection,csr,ALPHASPARSE_SPMM_CSR_ALG1,workspace-setup,spmm.csr.fp64,fp64,A100-SXM4-80GB,A100-SXM4-80GB,,9700.0,d94c6f41-d28e-5f45-abb9-189a8a3b4f78,suitesparse_all,JGD_Homology/n4c5-b5,n4c5-b5,4340,2852,26040,2,row-major,N,N,1.0,0.0,20260922,main,pass,pass,0,0,104160.0,0.01413,0.00614399984479,0.0202739998448,0.00685049984479,16.953125428270607,5.137614718228164,15.204729926271972,0.17477448895124337,0.052965100187919216,0.15674979305435022,AlphaSparse 248af573c867cf4c7e05d40c611c7c34ebac4715,CUDA,13040,13000,2026-10-06T01:59:14.191385+00:00,derived,csr-alg1,0,0,,,,5,20,4,true
3,A100-SXM4-80GB-suitesparse_all-fp64-n2-row-major-AlphaSparse-SpMM-CSR-pre-plus-solve,AlphaSparse-SpMM-CSR-best-pre-plus-solve,AlphaSparseLib CSR PER MATRIX BEST,per-matrix-best,AlphaSparse-SpMM-CSR,best,pre-plus-solve,"csr-alg1,csr-alg2,csr-alg3,csr-alg4,csr-alg5",manual-selection,csr,ALPHASPARSE_SPMM_CSR_ALG1,workspace-setup,spmm.csr.fp64,fp64,A100-SXM4-80GB,A100-SXM4-80GB,,9700.0,018f64fd-81d1-5f6a-986f-7d386c913e5c,suitesparse_all,JGD_Homology/n4c5-b6,n4c5-b6,4735,4340,33145,2,row-major,N,N,1.0,0.0,20260922,main,pass,pass,0,0,132580.0,0.01723,0.00599040016532,0.0232204001653,0.00685190016532,22.132077380663226,5.7096345909716195,19.349377078060243,0.2281657461924044,0.058862212278057935,0.1994781142068066,AlphaSparse 248af573c867cf4c7e05d40c611c7c34ebac4715,CUDA,13040,13000,2026-10-06T20:32:24.558779+00:00,derived,csr-alg1,0,0,,,,5,20,4,true
3,A100-SXM4-80GB-suitesparse_all-fp64-n2-row-major-AlphaSparse-SpMM-CSR-pre-plus-solve,AlphaSparse-SpMM-CSR-best-pre-plus-solve,AlphaSparseLib CSR PER MATRIX BEST,per-matrix-best,AlphaSparse-SpMM-CSR,best,pre-plus-solve,"csr-alg1,csr-alg2,csr-alg3,csr-alg4,csr-alg5",manual-selection,csr,ALPHASPARSE_SPMM_CSR_ALG4,workspace-setup,spmm.csr.fp64,fp64,A100-SXM4-80GB,A100-SXM4-80GB,,9700.0,752b02ae-c4ef-54eb-ad5c-0957985c94ee,suitesparse_all,JGD_Homology/n4c5-b8,n4c5-b8,1895,3635,17055,2,row-major,N,N,1.0,0.0,20260922,main,pass,pass,0,0,68220.0,0.0126,0.0121344000101,0.0247344000101,0.0127644000101,5.622033223168633,2.758102075334076,5.344552031119365,0.05795910539349106,0.02843404201375336,0.05509847454762232,AlphaSparse 248af573c867cf4c7e05d40c611c7c34ebac4715,CUDA,13040,13000,2026-10-08T07:00:53.668065+00:00,derived,csr-alg4,0,0,,,,5,20,4,true
3,A100-SXM4-80GB-suitesparse_all-fp64-n2-row-major-AlphaSparse-SpMM-CSR-pre-plus-solve,AlphaSparse-SpMM-CSR-best-pre-plus-solve,AlphaSparseLib CSR PER MATRIX BEST,per-matrix-best,AlphaSparse-SpMM-CSR,best,pre-plus-solve,"csr-alg1,csr-alg2,csr-alg3,csr-alg4,csr-alg5",manual-selection,csr,ALPHASPARSE_SPMM_CSR_ALG4,workspace-setup,spmm.csr.fp64,fp64,A100-SXM4-80GB,A100-SXM4-80GB,,9700.0,152f8cc9-7213-5fba-8430-8cd9341fa530,suitesparse_all,JGD_Homology/n4c5-b9,n4c5-b9,630,1895,6300,2,row-major,N,N,1.0,0.0,20260922,main,pass,pass,0,0,25200.0,0.01855,0.0114096000791,0.0299596000791,0.0123371000791,2.2086663708889436,0.8411327231827661,2.042619403135973,0.022769756400916944,0.008671471373018208,0.0210579319910925,AlphaSparse 248af573c867cf4c7e05d40c611c7c34ebac4715,CUDA,13040,13000,2026-10-08T01:25:32.744763+00:00,derived,csr-alg4,0,0,,,,5,20,4,true
3,A100-SXM4-80GB-suitesparse_all-fp64-n2-row-major-AlphaSparse-SpMM-CSR-pre-plus-solve,AlphaSparse-SpMM-CSR-best-pre-plus-solve,AlphaSparseLib CSR PER MATRIX BEST,per-matrix-best,AlphaSparse-SpMM-CSR,best,pre-plus-solve,"csr-alg1,csr-alg2,csr-alg3,csr-alg4,csr-alg5",manual-selection,csr,ALPHASPARSE_SPMM_CSR_ALG1,workspace-setup,spmm.csr.fp64,fp64,A100-SXM4-80GB,A100-SXM4-80GB,,9700.0,005fdebf-9ece-5bc0-9d3c-6fda0356699d,suitesparse_all,JGD_Homology/n4c6-b1,n4c6-b1,210,21,420,2,row-major,N,N,1.0,0.0,20260922,main,pass,pass,0,0,1680.0,0.01329,0.00377760007977,0.0170676000798,0.00444210007977,0.44472680128233355,0.09843211653338005,0.37819949344477305,0.004584812384353954,0.0010147640879729903,0.0038989638499461136,AlphaSparse 248af573c867cf4c7e05d40c611c7c34ebac4715,CUDA,13040,13000,2026-10-08T14:00:01.590019+00:00,derived,csr-alg1,0,0,,,,5,20,4,true
3,A100-SXM4-80GB-suitesparse_all-fp64-n2-row-major-AlphaSparse-SpMM-CSR-pre-plus-solve,AlphaSparse-SpMM-CSR-best-pre-plus-solve,AlphaSparseLib CSR PER MATRIX BEST,per-matrix-best,AlphaSparse-SpMM-CSR,best,pre-plus-solve,"csr-alg1,csr-alg2,csr-alg3,csr-alg4,csr-alg5",manual-selection,csr,ALPHASPARSE_SPMM_CSR_ALG1,workspace-setup,spmm.csr.fp64,fp64,A100-SXM4-80GB,A100-SXM4-80GB,,9700.0,a0827285-e98d-55a9-b486-73107367c8f5,suitesparse_all,JGD_Homology/n4c6-b10,n4c6-b10,132402,186558,1456422,2,row-major,N,N,1.0,0.0,20260922,main,pass,pass,0,0,5825688.0,0.03156,0.0201215997338,0.0516815997338,0.0216995997338,289.524097341728,112.72267170534145,268.4698368387744,2.9847845086776084,1.1620893990241388,2.767730276688396,AlphaSparse 248af573c867cf4c7e05d40c611c7c34ebac4715,CUDA,13040,13000,2026-10-06T07:09:37.508284+00:00,derived,csr-alg1,0,0,,,,5,20,4,true
3,A100-SXM4-80GB-suitesparse_all-fp64-n2-row-major-AlphaSparse-SpMM-CSR-pre-plus-solve,AlphaSparse-SpMM-CSR-best-pre-plus-solve,AlphaSparseLib CSR PER MATRIX BEST,per-matrix-best,AlphaSparse-SpMM-CSR,best,pre-plus-solve,"csr-alg1,csr-alg2,csr-alg3,csr-alg4,csr-alg5",manual-selection,csr,ALPHASPARSE_SPMM_CSR_ALG4,workspace-setup,spmm.csr.fp64,fp64,A100-SXM4-80GB,A100-SXM4-80GB,,9700.0,dd6a9a30-d69d-5ea7-834e-7b0f3242a57c,suitesparse_all,JGD_Homology/n4c6-b11,n4c6-b11,69235,132402,830820,2,row-major,N,N,1.0,0.0,20260922,main,pass,pass,0,0,3323280.0,0.01471,0.0244736000896,0.0391836000896,0.0252091000896,135.79040222252468,84.81303383049931,131.8285852405742,1.3999010538404606,0.8743611735103022,1.359057579799734,AlphaSparse 248af573c867cf4c7e05d40c611c7c34ebac4715,CUDA,13040,13000,2026-10-06T21:49:42.601304+00:00,derived,csr-alg4,0,0,,,,5,20,4,true
3,A100-SXM4-80GB-suitesparse_all-fp64-n2-row-major-AlphaSparse-SpMM-CSR-pre-plus-solve,AlphaSparse-SpMM-CSR-best-pre-plus-solve,AlphaSparseLib CSR PER MATRIX BEST,per-matrix-best,AlphaSparse-SpMM-CSR,best,pre-plus-solve,"csr-alg1,csr-alg2,csr-alg3,csr-alg4,csr-alg5",manual-selection,csr,ALPHASPARSE_SPMM_CSR_ALG1,workspace-setup,spmm.csr.fp64,fp64,A100-SXM4-80GB,A100-SXM4-80GB,,9700.0,d94c6f41-d28e-5f45-abb9-189a8a3b4f78,suitesparse_all,JGD_Homology/n4c6-b12,n4c6-b12,25605,69235,332865,2,row-major,N,N,1.0,0.0,20260922,main,pass,pass,0,0,1331460.0,0.01342,0.00988159999251,0.0233015999925,0.0105525999925,134.74133753736365,57.14028223077179,126.17364449958326,1.3890859539934397,0.589075074544039,1.3007592216451882,AlphaSparse 248af573c867cf4c7e05d40c611c7c34ebac4715,CUDA,13040,13000,2026-10-06T01:59:15.371474+00:00,derived,csr-alg1,0,0,,,,5,20,4,true
3,A100-SXM4-80GB-suitesparse_all-fp64-n2-row-major-AlphaSparse-SpMM-CSR-pre-plus-solve,AlphaSparse-SpMM-CSR-best-pre-plus-solve,AlphaSparseLib CSR PER MATRIX BEST,per-matrix-best,AlphaSparse-SpMM-CSR,best,pre-plus-solve,"csr-alg1,csr-alg2,csr-alg3,csr-alg4,csr-alg5",manual-selection,csr,ALPHASPARSE_SPMM_CSR_ALG1,workspace-setup,spmm.csr.fp64,fp64,A100-SXM4-80GB,A100-SXM4-80GB,,9700.0,018f64fd-81d1-5f6a-986f-7d386c913e5c,suitesparse_all,JGD_Homology/n4c6-b13,n4c6-b13,6300,25605,88200,2,row-major,N,N,1.0,0.0,20260922,main,pass,pass,0,0,352800.0,0.0158,0.00860159993172,0.0244015999317,0.00939159993172,41.01562532558441,14.458068363856716,37.56548432268956,0.4228414982019011,0.14905225117378057,0.3872730342545315,AlphaSparse 248af573c867cf4c7e05d40c611c7c34ebac4715,CUDA,13040,13000,2026-10-06T20:32:25.223814+00:00,derived,csr-alg1,0,0,,,,5,20,4,true
3,A100-SXM4-80GB-suitesparse_all-fp64-n2-row-major-AlphaSparse-SpMM-CSR-pre-plus-solve,AlphaSparse-SpMM-CSR-best-pre-plus-solve,AlphaSparseLib CSR PER MATRIX BEST,per-matrix-best,AlphaSparse-SpMM-CSR,best,pre-plus-solve,"csr-alg1,csr-alg2,csr-alg3,csr-alg4,csr-alg5",manual-selection,csr,ALPHASPARSE_SPMM_CSR_ALG2,workspace-setup,spmm.csr.fp64,fp64,A100-SXM4-80GB,A100-SXM4-80GB,,9700.0,752b02ae-c4ef-54eb-ad5c-0957985c94ee,suitesparse_all,JGD_Homology/n4c6-b15,n4c6-b15,60,920,960,2,row-major,N,N,1.0,0.0,20260922,main,pass,pass,0,0,3840.0,0.01174,0.0122879996896,0.0240279996896,0.0128749996896,0.31250000789388044,0.15981355292184646,0.2982524343749558,0.003221649565916293,0.001647562401256149,0.003074767364690266,AlphaSparse 248af573c867cf4c7e05d40c611c7c34ebac4715,CUDA,13040,13000,2026-10-08T04:57:26.173533+00:00,derived,csr-alg2,0,0,,,,5,20,4,true
3,A100-SXM4-80GB-suitesparse_all-fp64-n2-row-major-AlphaSparse-SpMM-CSR-pre-plus-solve,AlphaSparse-SpMM-CSR-best-pre-plus-solve,AlphaSparseLib CSR PER MATRIX BEST,per-matrix-best,AlphaSparse-SpMM-CSR,best,pre-plus-solve,"csr-alg1,csr-alg2,csr-alg3,csr-alg4,csr-alg5",manual-selection,csr,ALPHASPARSE_SPMM_CSR_ALG4,workspace-setup,spmm.csr.fp64,fp64,A100-SXM4-80GB,A100-SXM4-80GB,,9700.0,152f8cc9-7213-5fba-8430-8cd9341fa530,suitesparse_all,JGD_Homology/n4c6-b2,n4c6-b2,1330,210,3990,2,row-major,N,N,1.0,0.0,20260922,main,pass,pass,0,0,15960.0,0.018371,0.00961600020528,0.0279870002053,0.0105345502053,1.6597337416066824,0.5702647616009092,1.5150148500854286,0.017110657129965796,0.005879018160834116,0.01561870979469514,AlphaSparse 248af573c867cf4c7e05d40c611c7c34ebac4715,CUDA,13040,13000,2026-10-08T01:25:33.454700+00:00,derived,csr-alg4,0,0,,,,5,20,4,true
3,A100-SXM4-80GB-suitesparse_all-fp64-n2-row-major-AlphaSparse-SpMM-CSR-pre-plus-solve,AlphaSparse-SpMM-CSR-best-pre-plus-solve,AlphaSparseLib CSR PER MATRIX BEST,per-matrix-best,AlphaSparse-SpMM-CSR,best,pre-plus-solve,"csr-alg1,csr-alg2,csr-alg3,csr-alg4,csr-alg5",manual-selection,csr,ALPHASPARSE_SPMM_CSR_ALG2,workspace-setup,spmm.csr.fp64,fp64,A100-SXM4-80GB,A100-SXM4-80GB,,9700.0,a0827285-e98d-55a9-b486-73107367c8f5,suitesparse_all,JGD_Homology/n4c6-b3,n4c6-b3,5970,1330,23880,2,row-major,N,N,1.0,0.0,20260922,main,pass,pass,0,0,95520.0,0.01621,0.0138896003366,0.0300996003366,0.0147001003366,6.877087726440809,3.173464063702242,6.497914831382226,0.07089781161279185,0.03271612436806435,0.06698881269466211,AlphaSparse 248af573c867cf4c7e05d40c611c7c34ebac4715,CUDA,13040,13000,2026-10-06T07:37:43.185621+00:00,derived,csr-alg2,0,0,,,,5,20,4,true
3,A100-SXM4-80GB-suitesparse_all-fp64-n2-row-major-AlphaSparse-SpMM-CSR-pre-plus-solve,AlphaSparse-SpMM-CSR-best-pre-plus-solve,AlphaSparseLib CSR PER MATRIX BEST,per-matrix-best,AlphaSparse-SpMM-CSR,best,pre-plus-solve,"csr-alg1,csr-alg2,csr-alg3,csr-alg4,csr-alg5",manual-selection,csr,ALPHASPARSE_SPMM_CSR_ALG1,workspace-setup,spmm.csr.fp64,fp64,A100-SXM4-80GB,A100-SXM4-80GB,,9700.0,dd6a9a30-d69d-5ea7-834e-7b0f3242a57c,suitesparse_all,JGD_Homology/n4c6-b4,n4c6-b4,20058,5970,100290,2,row-major,N,N,1.0,0.0,20260922,main,pass,pass,0,0,401160.0,0.01398,0.00640000030398,0.020380000304,0.00709900030398,62.681247022836644,19.684003631798962,56.509365096814086,0.6461984229158416,0.20292787249277278,0.5825707741939596,AlphaSparse 248af573c867cf4c7e05d40c611c7c34ebac4715,CUDA,13040,13000,2026-10-06T19:56:14.269854+00:00,derived,csr-alg1,0,0,,,,5,20,4,true
3,A100-SXM4-80GB-suitesparse_all-fp64-n2-row-major-AlphaSparse-SpMM-CSR-pre-plus-solve,AlphaSparse-SpMM-CSR-best-pre-plus-solve,AlphaSparseLib CSR PER MATRIX BEST,per-matrix-best,AlphaSparse-SpMM-CSR,best,pre-plus-solve,"csr-alg1,csr-alg2,csr-alg3,csr-alg4,csr-alg5",manual-selection,csr,ALPHASPARSE_SPMM_CSR_ALG1,workspace-setup,spmm.csr.fp64,fp64,A100-SXM4-80GB,A100-SXM4-80GB,,9700.0,005fdebf-9ece-5bc0-9d3c-6fda0356699d,suitesparse_all,JGD_Homology/n4c6-b5,n4c6-b5,51813,20058,310878,2,row-major,N,N,1.0,0.0,20260922,main,pass,pass,0,0,1243512.0,0.01666,0.00721440017223,0.0238744001722,0.00804740017223,172.36526534618685,52.08558083264345,154.52344526013704,1.7769614984142974,0.5369647508519944,1.5930252088673922,AlphaSparse 248af573c867cf4c7e05d40c611c7c34ebac4715,CUDA,13040,13000,2026-10-08T14:00:02.526341+00:00,derived,csr-alg1,0,0,,,,5,20,4,true
3,A100-SXM4-80GB-suitesparse_all-fp64-n2-row-major-AlphaSparse-SpMM-CSR-pre-plus-solve,AlphaSparse-SpMM-CSR-best-pre-plus-solve,AlphaSparseLib CSR PER MATRIX BEST,per-matrix-best,AlphaSparse-SpMM-CSR,best,pre-plus-solve,"csr-alg1,csr-alg2,csr-alg3,csr-alg4,csr-alg5",manual-selection,csr,ALPHASPARSE_SPMM_CSR_ALG1,workspace-setup,spmm.csr.fp64,fp64,A100-SXM4-80GB,A100-SXM4-80GB,,9700.0,d94c6f41-d28e-5f45-abb9-189a8a3b4f78,suitesparse_all,JGD_Homology/n4c6-b6,n4c6-b6,104115,51813,728805,2,row-major,N,N,1.0,0.0,20260922,main,pass,pass,0,0,2915220.0,0.01643,0.0136191993952,0.0300491993952,0.0144406993952,214.05222990034574,97.01489752388116,201.87526380952164,2.206724019591193,1.0001535827204244,2.0811882866960993,AlphaSparse 248af573c867cf4c7e05d40c611c7c34ebac4715,CUDA,13040,13000,2026-10-06T01:59:16.707326+00:00,derived,csr-alg1,0,0,,,,5,20,4,true
3,A100-SXM4-80GB-suitesparse_all-fp64-n2-row-major-AlphaSparse-SpMM-CSR-pre-plus-solve,AlphaSparse-SpMM-CSR-best-pre-plus-solve,AlphaSparseLib CSR PER MATRIX BEST,per-matrix-best,AlphaSparse-SpMM-CSR,best,pre-plus-solve,"csr-alg1,csr-alg2,csr-alg3,csr-alg4,csr-alg5",manual-selection,csr,ALPHASPARSE_SPMM_CSR_ALG1,workspace-setup,spmm.csr.fp64,fp64,A100-SXM4-80GB,A100-SXM4-80GB,,9700.0,018f64fd-81d1-5f6a-986f-7d386c913e5c,suitesparse_all,JGD_Homology/n4c6-b7,n4c6-b7,163215,104115,1305720,2,row-major,N,N,1.0,0.0,20260922,main,pass,pass,0,0,5222880.0,0.02142,0.020070399344,0.041490399344,0.021141399344,260.22800595451866,125.88165172132261,247.04514185728536,2.6827629479847284,1.297748986817759,2.5468571325493334,AlphaSparse 248af573c867cf4c7e05d40c611c7c34ebac4715,CUDA,13040,13000,2026-10-06T20:32:26.510335+00:00,derived,csr-alg1,0,0,,,,5,20,4,true
3,A100-SXM4-80GB-suitesparse_all-fp64-n2-row-major-AlphaSparse-SpMM-CSR-pre-plus-solve,AlphaSparse-SpMM-CSR-best-pre-plus-solve,AlphaSparseLib CSR PER MATRIX BEST,per-matrix-best,AlphaSparse-SpMM-CSR,best,pre-plus-solve,"csr-alg1,csr-alg2,csr-alg3,csr-alg4,csr-alg5",manual-selection,csr,ALPHASPARSE_SPMM_CSR_ALG1,workspace-setup,spmm.csr.fp64,fp64,A100-SXM4-80GB,A100-SXM4-80GB,,9700.0,752b02ae-c4ef-54eb-ad5c-0957985c94ee,suitesparse_all,JGD_Homology/n4c6-b9,n4c6-b9,186558,198895,1865580,2,row-major,N,N,1.0,0.0,20260922,main,pass,pass,0,0,7462320.0,0.02542,0.034355199337,0.059775199337,0.035626199337,217.21079033190767,124.83973425047083,209.4615799291821,2.2392864982670893,1.2870075695924827,2.1593977312286814,AlphaSparse 248af573c867cf4c7e05d40c611c7c34ebac4715,CUDA,13040,13000,2026-10-08T03:38:00.272658+00:00,derived,csr-alg1,0,0,,,,5,20,4,true
3,A100-SXM4-80GB-suitesparse_all-fp64-n2-row-major-AlphaSparse-SpMM-CSR-pre-plus-solve,AlphaSparse-SpMM-CSR-best-pre-plus-solve,AlphaSparseLib CSR PER MATRIX BEST,per-matrix-best,AlphaSparse-SpMM-CSR,best,pre-plus-solve,"csr-alg1,csr-alg2,csr-alg3,csr-alg4,csr-alg5",manual-selection,csr,ALPHASPARSE_SPMM_CSR_ALG1,workspace-setup,spmm.csr.fp64,fp64,A100-SXM4-80GB,A100-SXM4-80GB,,9700.0,152f8cc9-7213-5fba-8430-8cd9341fa530,suitesparse_all,JGD_Homology/shar_te2-b1,shar_te2-b1,17160,286,34320,2,row-major,N,N,1.0,0.0,20260922,main,pass,pass,0,0,137280.0,0.01794,0.00511999987066,0.0230599998707,0.00601699987066,26.81250067732985,5.953165688193597,22.81535698037864,0.27641753275597786,0.06137284214632574,0.23520986577709935,AlphaSparse 248af573c867cf4c7e05d40c611c7c34ebac4715,CUDA,13040,13000,2026-10-07T22:29:34.659404+00:00,derived,csr-alg1,0,0,,,,5,20,4,true
3,A100-SXM4-80GB-suitesparse_all-fp64-n2-row-major-AlphaSparse-SpMM-CSR-pre-plus-solve,AlphaSparse-SpMM-CSR-best-pre-plus-solve,AlphaSparseLib CSR PER MATRIX BEST,per-matrix-best,AlphaSparse-SpMM-CSR,best,pre-plus-solve,"csr-alg1,csr-alg2,csr-alg3,csr-alg4,csr-alg5",manual-selection,csr,ALPHASPARSE_SPMM_CSR_ALG1,workspace-setup,spmm.csr.fp64,fp64,A100-SXM4-80GB,A100-SXM4-80GB,,9700.0,a0827285-e98d-55a9-b486-73107367c8f5,suitesparse_all,JGD_Homology/shar_te2-b2,shar_te2-b2,200200,17160,600600,2,row-major,N,N,1.0,0.0,20260922,main,pass,pass,0,0,2402400.0,0.019551,0.0113151997328,0.0308661997328,0.0122927497328,212.31618148427634,77.83271088753717,195.4322712346304,2.188826613239962,0.8023990813148162,2.014765682831241,AlphaSparse 248af573c867cf4c7e05d40c611c7c34ebac4715,CUDA,13040,13000,2026-10-06T07:09:40.094651+00:00,derived,csr-alg1,0,0,,,,5,20,4,true
3,A100-SXM4-80GB-suitesparse_all-fp64-n2-row-major-AlphaSparse-SpMM-CSR-pre-plus-solve,AlphaSparse-SpMM-CSR-best-pre-plus-solve,AlphaSparseLib CSR PER MATRIX BEST,per-matrix-best,AlphaSparse-SpMM-CSR,best,pre-plus-solve,"csr-alg1,csr-alg2,csr-alg3,csr-alg4,csr-alg5",manual-selection,csr,ALPHASPARSE_SPMM_CSR_ALG1,workspace-setup,spmm.csr.fp64,fp64,A100-SXM4-80GB,A100-SXM4-80GB,,9700.0,dd6a9a30-d69d-5ea7-834e-7b0f3242a57c,suitesparse_all,JGD_Homology/shar_te2-b3,shar_te2-b3,200200,200200,800800,2,row-major,N,N,1.0,0.0,20260922,main,pass,pass,0,0,3203200.0,0.01936,0.0158720001578,0.0352320001578,0.0168400001578,201.81451412258505,90.9173474583686,190.21377493968325,2.0805620012637633,0.9372922418388515,1.9609667519554972,AlphaSparse 248af573c867cf4c7e05d40c611c7c34ebac4715,CUDA,13040,13000,2026-10-06T19:56:16.002653+00:00,derived,csr-alg1,0,0,,,,5,20,4,true
3,A100-SXM4-80GB-suitesparse_all-fp64-n2-row-major-AlphaSparse-SpMM-CSR-pre-plus-solve,AlphaSparse-SpMM-CSR-best-pre-plus-solve,AlphaSparseLib CSR PER MATRIX BEST,per-matrix-best,AlphaSparse-SpMM-CSR,best,pre-plus-solve,"csr-alg1,csr-alg2,csr-alg3,csr-alg4,csr-alg5",manual-selection,csr,ALPHASPARSE_SPMM_CSR_ALG5,workspace-setup,spmm.csr.fp64,fp64,A100-SXM4-80GB,A100-SXM4-80GB,,9700.0,005fdebf-9ece-5bc0-9d3c-6fda0356699d,suitesparse_all,JGD_Kocay/Trec10,Trec10,106,478,8612,2,row-major,N,N,1.0,0.0,20260922,main,pass,pass,0,0,34448.0,0.01371,0.0112127996981,0.0249227996981,0.0118982996981,3.072203279064834,1.3821882138958153,2.8952035899298183,0.031672198753245714,0.014249363029853766,0.029847459689998128,AlphaSparse 248af573c867cf4c7e05d40c611c7c34ebac4715,CUDA,13040,13000,2026-10-08T15:37:59.545825+00:00,derived,csr-alg5,0,0,,,,5,20,4,true
3,A100-SXM4-80GB-suitesparse_all-fp64-n2-row-major-AlphaSparse-SpMM-CSR-pre-plus-solve,AlphaSparse-SpMM-CSR-best-pre-plus-solve,AlphaSparseLib CSR PER MATRIX BEST,per-matrix-best,AlphaSparse-SpMM-CSR,best,pre-plus-solve,"csr-alg1,csr-alg2,csr-alg3,csr-alg4,csr-alg5",manual-selection,csr,ALPHASPARSE_SPMM_CSR_ALG5,workspace-setup,spmm.csr.fp64,fp64,A100-SXM4-80GB,A100-SXM4-80GB,,9700.0,d94c6f41-d28e-5f45-abb9-189a8a3b4f78,suitesparse_all,JGD_Kocay/Trec11,Trec11,235,1138,35705,2,row-major,N,N,1.0,0.0,20260922,main,pass,pass,0,0,142820.0,0.013331,0.014521600306,0.027852600306,0.015188150306,9.835004199984073,5.127707949380717,9.403383369440299,0.10139179587612447,0.05286296855031667,0.09694209659216803,AlphaSparse 248af573c867cf4c7e05d40c611c7c34ebac4715,CUDA,13040,13000,2026-10-06T03:42:12.571092+00:00,derived,csr-alg5,0,0,,,,5,20,4,true
3,A100-SXM4-80GB-suitesparse_all-fp64-n2-row-major-AlphaSparse-SpMM-CSR-pre-plus-solve,AlphaSparse-SpMM-CSR-best-pre-plus-solve,AlphaSparseLib CSR PER MATRIX BEST,per-matrix-best,AlphaSparse-SpMM-CSR,best,pre-plus-solve,"csr-alg1,csr-alg2,csr-alg3,csr-alg4,csr-alg5",manual-selection,csr,ALPHASPARSE_SPMM_CSR_ALG5,workspace-setup,spmm.csr.fp64,fp64,A100-SXM4-80GB,A100-SXM4-80GB,,9700.0,018f64fd-81d1-5f6a-986f-7d386c913e5c,suitesparse_all,JGD_Kocay/Trec12,Trec12,551,2726,151219,2,row-major,N,N,1.0,0.0,20260922,main,pass,pass,0,0,604876.0,0.01321,0.017049600184,0.030259600184,0.017710100184,35.47743017268163,19.9895569115891,34.15429578125531,0.3657467028111508,0.2060779063050423,0.35210614207479696,AlphaSparse 248af573c867cf4c7e05d40c611c7c34ebac4715,CUDA,13040,13000,2026-10-06T23:12:46.809609+00:00,derived,csr-alg5,0,0,,,,5,20,4,true
3,A100-SXM4-80GB-suitesparse_all-fp64-n2-row-major-AlphaSparse-SpMM-CSR-pre-plus-solve,AlphaSparse-SpMM-CSR-best-pre-plus-solve,AlphaSparseLib CSR PER MATRIX BEST,per-matrix-best,AlphaSparse-SpMM-CSR,best,pre-plus-solve,"csr-alg1,csr-alg2,csr-alg3,csr-alg4,csr-alg5",manual-selection,csr,ALPHASPARSE_SPMM_CSR_ALG5,workspace-setup,spmm.csr.fp64,fp64,A100-SXM4-80GB,A100-SXM4-80GB,,9700.0,752b02ae-c4ef-54eb-ad5c-0957985c94ee,suitesparse_all,JGD_Kocay/Trec14,Trec14,3159,15905,2872265,2,row-major,N,N,1.0,0.0,20260922,main,pass,pass,0,0,11489060.0,0.01341,0.108902394772,0.122312394772,0.109572894772,105.49869012571946,93.93209920725138,104.85312105613812,1.087615362120819,0.9683721567757875,1.0809600108880217,AlphaSparse 248af573c867cf4c7e05d40c611c7c34ebac4715,CUDA,13040,13000,2026-10-08T08:02:19.585393+00:00,derived,csr-alg5,0,0,,,,5,20,4,true
3,A100-SXM4-80GB-suitesparse_all-fp64-n2-row-major-AlphaSparse-SpMM-CSR-pre-plus-solve,AlphaSparse-SpMM-CSR-best-pre-plus-solve,AlphaSparseLib CSR PER MATRIX BEST,per-matrix-best,AlphaSparse-SpMM-CSR,best,pre-plus-solve,"csr-alg1,csr-alg2,csr-alg3,csr-alg4,csr-alg5",manual-selection,csr,ALPHASPARSE_SPMM_CSR_ALG1,workspace-setup,spmm.csr.fp64,fp64,A100-SXM4-80GB,A100-SXM4-80GB,,9700.0,d94c6f41-d28e-5f45-abb9-189a8a3b4f78,suitesparse_all,JGD_Kocay/Trec3,Trec3,1,2,1,2,row-major,N,N,1.0,0.0,20260922,main,pass,pass,0,0,4.0,0.01586,0.00368640013039,0.0195464001304,0.00447940013039,0.0010850694060649414,0.00020464126249922134,0.0008929767119624876,1.1186282536751972e-05,2.1097037371053745e-06,9.205945484149358e-06,AlphaSparse 248af573c867cf4c7e05d40c611c7c34ebac4715,CUDA,13040,13000,2026-10-06T01:59:17.531912+00:00,derived,csr-alg1,0,0,,,,5,20,4,true
3,A100-SXM4-80GB-suitesparse_all-fp64-n2-row-major-AlphaSparse-SpMM-CSR-pre-plus-solve,AlphaSparse-SpMM-CSR-best-pre-plus-solve,AlphaSparseLib CSR PER MATRIX BEST,per-matrix-best,AlphaSparse-SpMM-CSR,best,pre-plus-solve,"csr-alg1,csr-alg2,csr-alg3,csr-alg4,csr-alg5",manual-selection,csr,ALPHASPARSE_SPMM_CSR_ALG4,workspace-setup,spmm.csr.fp64,fp64,A100-SXM4-80GB,A100-SXM4-80GB,,9700.0,018f64fd-81d1-5f6a-986f-7d386c913e5c,suitesparse_all,JGD_Kocay/Trec4,Trec4,2,3,3,2,row-major,N,N,1.0,0.0,20260922,main,pass,pass,0,0,12.0,0.01344,0.00860159993172,0.0220415999317,0.00927359993172,0.0013950892967885854,0.0005444250887950164,0.0012939958687407304,1.4382363884418407e-05,5.612629781391922e-06,1.3340163595265262e-05,AlphaSparse 248af573c867cf4c7e05d40c611c7c34ebac4715,CUDA,13040,13000,2026-10-06T22:34:49.680624+00:00,derived,csr-alg4,0,0,,,,5,20,4,true
3,A100-SXM4-80GB-suitesparse_all-fp64-n2-row-major-AlphaSparse-SpMM-CSR-pre-plus-solve,AlphaSparse-SpMM-CSR-best-pre-plus-solve,AlphaSparseLib CSR PER MATRIX BEST,per-matrix-best,AlphaSparse-SpMM-CSR,best,pre-plus-solve,"csr-alg1,csr-alg2,csr-alg3,csr-alg4,csr-alg5",manual-selection,csr,ALPHASPARSE_SPMM_CSR_ALG4,workspace-setup,spmm.csr.fp64,fp64,A100-SXM4-80GB,A100-SXM4-80GB,,9700.0,752b02ae-c4ef-54eb-ad5c-0957985c94ee,suitesparse_all,JGD_Kocay/Trec6,Trec6,6,15,40,2,row-major,N,N,1.0,0.0,20260922,main,pass,pass,0,0,160.0,0.0122,0.011193600297,0.023393600297,0.011803600297,0.014293881839150683,0.006839477377089256,0.01355518621218185,0.0001473596065891823,7.051007605246656e-05,0.0001397441877544521,AlphaSparse 248af573c867cf4c7e05d40c611c7c34ebac4715,CUDA,13040,13000,2026-10-08T07:00:57.259374+00:00,derived,csr-alg4,0,0,,,,5,20,4,true
3,A100-SXM4-80GB-suitesparse_all-fp64-n2-row-major-AlphaSparse-SpMM-CSR-pre-plus-solve,AlphaSparse-SpMM-CSR-best-pre-plus-solve,AlphaSparseLib CSR PER MATRIX BEST,per-matrix-best,AlphaSparse-SpMM-CSR,best,pre-plus-solve,"csr-alg1,csr-alg2,csr-alg3,csr-alg4,csr-alg5",manual-selection,csr,ALPHASPARSE_SPMM_CSR_ALG1,workspace-setup,spmm.csr.fp64,fp64,A100-SXM4-80GB,A100-SXM4-80GB,,9700.0,152f8cc9-7213-5fba-8430-8cd9341fa530,suitesparse_all,JGD_Kocay/Trec7,Trec7,11,36,147,2,row-major,N,N,1.0,0.0,20260922,main,pass,pass,0,0,588.0,0.01334,0.00911360010505,0.022453600105,0.00978060010505,0.06451895993046472,0.026187337320088076,0.060119010457896034,0.0006651439168089146,0.00026997254969162967,0.0006197836129680003,AlphaSparse 248af573c867cf4c7e05d40c611c7c34ebac4715,CUDA,13040,13000,2026-10-07T22:29:35.273710+00:00,derived,csr-alg1,0,0,,,,5,20,4,true
3,A100-SXM4-80GB-suitesparse_all-fp64-n2-row-major-AlphaSparse-SpMM-CSR-pre-plus-solve,AlphaSparse-SpMM-CSR-best-pre-plus-solve,AlphaSparseLib CSR PER MATRIX BEST,per-matrix-best,AlphaSparse-SpMM-CSR,best,pre-plus-solve,"csr-alg1,csr-alg2,csr-alg3,csr-alg4,csr-alg5",manual-selection,csr,ALPHASPARSE_SPMM_CSR_ALG5,workspace-setup,spmm.csr.fp64,fp64,A100-SXM4-80GB,A100-SXM4-80GB,,9700.0,a0827285-e98d-55a9-b486-73107367c8f5,suitesparse_all,JGD_Kocay/Trec8,Trec8,23,84,549,2,row-major,N,N,1.0,0.0,20260922,main,pass,pass,0,0,2196.0,0.01231,0.010342399776,0.022652399776,0.010957899776,0.21232983133140104,0.09694337119754706,0.20040336605465955,0.002188967333313413,0.0009994161979128564,0.0020660140830377274,AlphaSparse 248af573c867cf4c7e05d40c611c7c34ebac4715,CUDA,13040,13000,2026-10-06T09:01:47.072568+00:00,derived,csr-alg5,0,0,,,,5,20,4,true
3,A100-SXM4-80GB-suitesparse_all-fp64-n2-row-major-AlphaSparse-SpMM-CSR-pre-plus-solve,AlphaSparse-SpMM-CSR-best-pre-plus-solve,AlphaSparseLib CSR PER MATRIX BEST,per-matrix-best,AlphaSparse-SpMM-CSR,best,pre-plus-solve,"csr-alg1,csr-alg2,csr-alg3,csr-alg4,csr-alg5",manual-selection,csr,ALPHASPARSE_SPMM_CSR_ALG2,workspace-setup,spmm.csr.fp64,fp64,A100-SXM4-80GB,A100-SXM4-80GB,,9700.0,dd6a9a30-d69d-5ea7-834e-7b0f3242a57c,suitesparse_all,JGD_Kocay/Trec9,Trec9,47,201,2147,2,row-major,N,N,1.0,0.0,20260922,main,pass,pass,0,0,8588.0,0.0123,0.0125952005386,0.0248952005386,0.0132102005386,0.6818470236881664,0.3449660904190873,0.6501036812352695,0.007029350759671819,0.003556351447619457,0.006702099806549171,AlphaSparse 248af573c867cf4c7e05d40c611c7c34ebac4715,CUDA,13040,13000,2026-10-06T20:34:14.036190+00:00,derived,csr-alg2,0,0,,,,5,20,4,true
3,A100-SXM4-80GB-suitesparse_all-fp64-n2-row-major-AlphaSparse-SpMM-CSR-pre-plus-solve,AlphaSparse-SpMM-CSR-best-pre-plus-solve,AlphaSparseLib CSR PER MATRIX BEST,per-matrix-best,AlphaSparse-SpMM-CSR,best,pre-plus-solve,"csr-alg1,csr-alg2,csr-alg3,csr-alg4,csr-alg5",manual-selection,csr,ALPHASPARSE_SPMM_CSR_ALG4,workspace-setup,spmm.csr.fp64,fp64,A100-SXM4-80GB,A100-SXM4-80GB,,9700.0,152f8cc9-7213-5fba-8430-8cd9341fa530,suitesparse_all,JGD_Margulies/cat_ears_2_1,cat_ears_2_1,85,85,254,2,row-major,N,N,1.0,0.0,20260922,main,pass,pass,0,0,1016.0,0.01758,0.00974399968982,0.0273239996898,0.0106229996898,0.10426929724366284,0.03718342890990703,0.09564153531657765,0.0010749412086975552,0.0003833343186588353,0.000985995209449254,AlphaSparse 248af573c867cf4c7e05d40c611c7c34ebac4715,CUDA,13040,13000,2026-10-08T01:25:35.621576+00:00,derived,csr-alg4,0,0,,,,5,20,4,true
3,A100-SXM4-80GB-suitesparse_all-fp64-n2-row-major-AlphaSparse-SpMM-CSR-pre-plus-solve,AlphaSparse-SpMM-CSR-best-pre-plus-solve,AlphaSparseLib CSR PER MATRIX BEST,per-matrix-best,AlphaSparse-SpMM-CSR,best,pre-plus-solve,"csr-alg1,csr-alg2,csr-alg3,csr-alg4,csr-alg5",manual-selection,csr,ALPHASPARSE_SPMM_CSR_ALG1,workspace-setup,spmm.csr.fp64,fp64,A100-SXM4-80GB,A100-SXM4-80GB,,9700.0,a0827285-e98d-55a9-b486-73107367c8f5,suitesparse_all,JGD_Margulies/cat_ears_2_4,cat_ears_2_4,1009,2689,7982,2,row-major,N,N,1.0,0.0,20260922,main,pass,pass,0,0,31928.0,0.01834,0.00737280026078,0.0257128002608,0.00828980026078,4.330511999605181,1.2417161754519315,3.8514800110510556,0.044644453604177126,0.012801197685071458,0.039705979495371704,AlphaSparse 248af573c867cf4c7e05d40c611c7c34ebac4715,CUDA,13040,13000,2026-10-06T07:09:42.404373+00:00,derived,csr-alg1,0,0,,,,5,20,4,true
3,A100-SXM4-80GB-suitesparse_all-fp64-n2-row-major-AlphaSparse-SpMM-CSR-pre-plus-solve,AlphaSparse-SpMM-CSR-best-pre-plus-solve,AlphaSparseLib CSR PER MATRIX BEST,per-matrix-best,AlphaSparse-SpMM-CSR,best,pre-plus-solve,"csr-alg1,csr-alg2,csr-alg3,csr-alg4,csr-alg5",manual-selection,csr,ALPHASPARSE_SPMM_CSR_ALG1,workspace-setup,spmm.csr.fp64,fp64,A100-SXM4-80GB,A100-SXM4-80GB,,9700.0,dd6a9a30-d69d-5ea7-834e-7b0f3242a57c,suitesparse_all,JGD_Margulies/cat_ears_3_1,cat_ears_3_1,204,181,542,2,row-major,N,N,1.0,0.0,20260922,main,pass,pass,0,0,2168.0,0.01339,0.00583680011332,0.0192268001133,0.00650630011332,0.371436396297428,0.11275927284958362,0.33321549302061393,0.0038292411989425566,0.0011624667304080784,0.003435211268253752,AlphaSparse 248af573c867cf4c7e05d40c611c7c34ebac4715,CUDA,13040,13000,2026-10-06T19:56:18.206246+00:00,derived,csr-alg1,0,0,,,,5,20,4,true
3,A100-SXM4-80GB-suitesparse_all-fp64-n2-row-major-AlphaSparse-SpMM-CSR-pre-plus-solve,AlphaSparse-SpMM-CSR-best-pre-plus-solve,AlphaSparseLib CSR PER MATRIX BEST,per-matrix-best,AlphaSparse-SpMM-CSR,best,pre-plus-solve,"csr-alg1,csr-alg2,csr-alg3,csr-alg4,csr-alg5",manual-selection,csr,ALPHASPARSE_SPMM_CSR_ALG1,workspace-setup,spmm.csr.fp64,fp64,A100-SXM4-80GB,A100-SXM4-80GB,,9700.0,005fdebf-9ece-5bc0-9d3c-6fda0356699d,suitesparse_all,JGD_Margulies/cat_ears_3_4,cat_ears_3_4,5226,13271,39592,2,row-major,N,N,1.0,0.0,20260922,main,pass,pass,0,0,158368.0,0.0133,0.00758080035448,0.0208808003545,0.00824580035448,20.89067019241706,7.584383611324088,19.205897934935763,0.2153677339424439,0.0781895217662277,0.19799894778284294,AlphaSparse 248af573c867cf4c7e05d40c611c7c34ebac4715,CUDA,13040,13000,2026-10-08T14:00:05.605682+00:00,derived,csr-alg1,0,0,,,,5,20,4,true
3,A100-SXM4-80GB-suitesparse_all-fp64-n2-row-major-AlphaSparse-SpMM-CSR-pre-plus-solve,AlphaSparse-SpMM-CSR-best-pre-plus-solve,AlphaSparseLib CSR PER MATRIX BEST,per-matrix-best,AlphaSparse-SpMM-CSR,best,pre-plus-solve,"csr-alg1,csr-alg2,csr-alg3,csr-alg4,csr-alg5",manual-selection,csr,ALPHASPARSE_SPMM_CSR_ALG4,workspace-setup,spmm.csr.fp64,fp64,A100-SXM4-80GB,A100-SXM4-80GB,,9700.0,d94c6f41-d28e-5f45-abb9-189a8a3b4f78,suitesparse_all,JGD_Margulies/cat_ears_4_1,cat_ears_4_1,377,313,938,2,row-major,N,N,1.0,0.0,20260922,main,pass,pass,0,0,3752.0,0.01296,0.0130848005414,0.0260448005414,0.0137328005414,0.2867449135452054,0.14405946377035747,0.2732144829955784,0.002956133129332015,0.0014851491110346132,0.0028166441545935915,AlphaSparse 248af573c867cf4c7e05d40c611c7c34ebac4715,CUDA,13040,13000,2026-10-06T03:17:51.174748+00:00,derived,csr-alg4,0,0,,,,5,20,4,true
3,A100-SXM4-80GB-suitesparse_all-fp64-n2-row-major-AlphaSparse-SpMM-CSR-pre-plus-solve,AlphaSparse-SpMM-CSR-best-pre-plus-solve,AlphaSparseLib CSR PER MATRIX BEST,per-matrix-best,AlphaSparse-SpMM-CSR,best,pre-plus-solve,"csr-alg1,csr-alg2,csr-alg3,csr-alg4,csr-alg5",manual-selection,csr,ALPHASPARSE_SPMM_CSR_ALG3,workspace-setup,spmm.csr.fp64,fp64,A100-SXM4-80GB,A100-SXM4-80GB,,9700.0,018f64fd-81d1-5f6a-986f-7d386c913e5c,suitesparse_all,JGD_Margulies/cat_ears_4_4,cat_ears_4_4,19020,44448,132888,2,row-major,N,N,1.0,0.0,20260922,main,pass,pass,0,0,531552.0,0.011,0.0185855999589,0.0295855999589,0.0191355999589,28.600206674816445,17.966578360365393,27.778172680327913,0.29484749149295303,0.18522245732335457,0.2863729142301847,AlphaSparse 248af573c867cf4c7e05d40c611c7c34ebac4715,CUDA,13040,13000,2026-10-06T21:57:36.560288+00:00,derived,csr-alg3,0,0,,,,5,20,4,true
3,A100-SXM4-80GB-suitesparse_all-fp64-n2-row-major-AlphaSparse-SpMM-CSR-pre-plus-solve,AlphaSparse-SpMM-CSR-best-pre-plus-solve,AlphaSparseLib CSR PER MATRIX BEST,per-matrix-best,AlphaSparse-SpMM-CSR,best,pre-plus-solve,"csr-alg1,csr-alg2,csr-alg3,csr-alg4,csr-alg5",manual-selection,csr,ALPHASPARSE_SPMM_CSR_ALG1,workspace-setup,spmm.csr.fp64,fp64,A100-SXM4-80GB,A100-SXM4-80GB,,9700.0,752b02ae-c4ef-54eb-ad5c-0957985c94ee,suitesparse_all,JGD_Margulies/flower_4_4,flower_4_4,1837,5529,16466,2,row-major,N,N,1.0,0.0,20260922,main,pass,pass,0,0,65864.0,0.01566,0.00874880030751,0.0244088003075,0.00953180030751,7.528346480083918,2.6983710452890315,6.909922352035268,0.07761181938230843,0.027818258198855996,0.07123631290758009,AlphaSparse 248af573c867cf4c7e05d40c611c7c34ebac4715,CUDA,13040,13000,2026-10-08T03:38:03.590796+00:00,derived,csr-alg1,0,0,,,,5,20,4,true
3,A100-SXM4-80GB-suitesparse_all-fp64-n2-row-major-AlphaSparse-SpMM-CSR-pre-plus-solve,AlphaSparse-SpMM-CSR-best-pre-plus-solve,AlphaSparseLib CSR PER MATRIX BEST,per-matrix-best,AlphaSparse-SpMM-CSR,best,pre-plus-solve,"csr-alg1,csr-alg2,csr-alg3,csr-alg4,csr-alg5",manual-selection,csr,ALPHASPARSE_SPMM_CSR_ALG2,workspace-setup,spmm.csr.fp64,fp64,A100-SXM4-80GB,A100-SXM4-80GB,,9700.0,152f8cc9-7213-5fba-8430-8cd9341fa530,suitesparse_all,JGD_Margulies/flower_5_1,flower_5_1,211,201,602,2,row-major,N,N,1.0,0.0,20260922,main,pass,pass,0,0,2408.0,0.01791,0.0132095992565,0.0311195992565,0.0141050992565,0.18229167692692144,0.07737888846679275,0.170718401636935,0.0018792956384218705,0.0007977204996576572,0.0017599835220302577,AlphaSparse 248af573c867cf4c7e05d40c611c7c34ebac4715,CUDA,13040,13000,2026-10-07T23:28:05.159193+00:00,derived,csr-alg2,0,0,,,,5,20,4,true
3,A100-SXM4-80GB-suitesparse_all-fp64-n2-row-major-AlphaSparse-SpMM-CSR-pre-plus-solve,AlphaSparse-SpMM-CSR-best-pre-plus-solve,AlphaSparseLib CSR PER MATRIX BEST,per-matrix-best,AlphaSparse-SpMM-CSR,best,pre-plus-solve,"csr-alg1,csr-alg2,csr-alg3,csr-alg4,csr-alg5",manual-selection,csr,ALPHASPARSE_SPMM_CSR_ALG1,workspace-setup,spmm.csr.fp64,fp64,A100-SXM4-80GB,A100-SXM4-80GB,,9700.0,a0827285-e98d-55a9-b486-73107367c8f5,suitesparse_all,JGD_Margulies/flower_5_4,flower_5_4,5226,14721,43942,2,row-major,N,N,1.0,0.0,20260922,main,pass,pass,0,0,175768.0,0.01846,0.00773120000958,0.0261912000096,0.00865420000958,22.734892355934363,6.710956349291932,20.310138407412452,0.23438033356633364,0.06918511700300961,0.2093828701795098,AlphaSparse 248af573c867cf4c7e05d40c611c7c34ebac4715,CUDA,13040,13000,2026-10-06T07:09:43.424592+00:00,derived,csr-alg1,0,0,,,,5,20,4,true
3,A100-SXM4-80GB-suitesparse_all-fp64-n2-row-major-AlphaSparse-SpMM-CSR-pre-plus-solve,AlphaSparse-SpMM-CSR-best-pre-plus-solve,AlphaSparseLib CSR PER MATRIX BEST,per-matrix-best,AlphaSparse-SpMM-CSR,best,pre-plus-solve,"csr-alg1,csr-alg2,csr-alg3,csr-alg4,csr-alg5",manual-selection,csr,ALPHASPARSE_SPMM_CSR_ALG1,workspace-setup,spmm.csr.fp64,fp64,A100-SXM4-80GB,A100-SXM4-80GB,,9700.0,dd6a9a30-d69d-5ea7-834e-7b0f3242a57c,suitesparse_all,JGD_Margulies/flower_7_1,flower_7_1,463,393,1178,2,row-major,N,N,1.0,0.0,20260922,main,pass,pass,0,0,4712.0,0.01389,0.00583680011332,0.0197268001133,0.00653130011332,0.8072916509933029,0.23886286538804252,0.7214490098824733,0.008322594340137143,0.002462503766887036,0.007437618658582198,AlphaSparse 248af573c867cf4c7e05d40c611c7c34ebac4715,CUDA,13040,13000,2026-10-06T19:56:19.434679+00:00,derived,csr-alg1,0,0,,,,5,20,4,true
3,A100-SXM4-80GB-suitesparse_all-fp64-n2-row-major-AlphaSparse-SpMM-CSR-pre-plus-solve,AlphaSparse-SpMM-CSR-best-pre-plus-solve,AlphaSparseLib CSR PER MATRIX BEST,per-matrix-best,AlphaSparse-SpMM-CSR,best,pre-plus-solve,"csr-alg1,csr-alg2,csr-alg3,csr-alg4,csr-alg5",manual-selection,csr,ALPHASPARSE_SPMM_CSR_ALG1,workspace-setup,spmm.csr.fp64,fp64,A100-SXM4-80GB,A100-SXM4-80GB,,9700.0,005fdebf-9ece-5bc0-9d3c-6fda0356699d,suitesparse_all,JGD_Margulies/flower_7_4,flower_7_4,27693,67593,202218,2,row-major,N,N,1.0,0.0,20260922,main,pass,pass,0,0,808872.0,0.01532,0.0103936001658,0.0257136001658,0.0111596001658,77.82404432504363,31.456971983091986,72.48216674275574,0.8023097353097283,0.3242986802380617,0.7472388323995437,AlphaSparse 248af573c867cf4c7e05d40c611c7c34ebac4715,CUDA,13040,13000,2026-10-08T14:00:06.518417+00:00,derived,csr-alg1,0,0,,,,5,20,4,true
3,A100-SXM4-80GB-suitesparse_all-fp64-n2-row-major-AlphaSparse-SpMM-CSR-pre-plus-solve,AlphaSparse-SpMM-CSR-best-pre-plus-solve,AlphaSparseLib CSR PER MATRIX BEST,per-matrix-best,AlphaSparse-SpMM-CSR,best,pre-plus-solve,"csr-alg1,csr-alg2,csr-alg3,csr-alg4,csr-alg5",manual-selection,csr,ALPHASPARSE_SPMM_CSR_ALG4,workspace-setup,spmm.csr.fp64,fp64,A100-SXM4-80GB,A100-SXM4-80GB,,9700.0,d94c6f41-d28e-5f45-abb9-189a8a3b4f78,suitesparse_all,JGD_Margulies/flower_8_1,flower_8_1,625,513,1538,2,row-major,N,N,1.0,0.0,20260922,main,pass,pass,0,0,6152.0,0.01318,0.0120255999267,0.0252055999267,0.0126845999267,0.5115753091320575,0.24407274644882615,0.4849975588942751,0.005273972259093376,0.0025162138809157334,0.004999974833961599,AlphaSparse 248af573c867cf4c7e05d40c611c7c34ebac4715,CUDA,13040,13000,2026-10-06T03:17:52.159150+00:00,derived,csr-alg4,0,0,,,,5,20,4,true
3,A100-SXM4-80GB-suitesparse_all-fp64-n2-row-major-AlphaSparse-SpMM-CSR-pre-plus-solve,AlphaSparse-SpMM-CSR-best-pre-plus-solve,AlphaSparseLib CSR PER MATRIX BEST,per-matrix-best,AlphaSparse-SpMM-CSR,best,pre-plus-solve,"csr-alg1,csr-alg2,csr-alg3,csr-alg4,csr-alg5",manual-selection,csr,ALPHASPARSE_SPMM_CSR_ALG1,workspace-setup,spmm.csr.fp64,fp64,A100-SXM4-80GB,A100-SXM4-80GB,,9700.0,018f64fd-81d1-5f6a-986f-7d386c913e5c,suitesparse_all,JGD_Margulies/flower_8_4,flower_8_4,55081,125361,375266,2,row-major,N,N,1.0,0.0,20260922,main,pass,pass,0,0,1501064.0,0.01737,0.0129536002874,0.0303236002874,0.0138221002874,115.88006165823171,49.50150990559386,108.59883583454717,1.1946398109096052,0.5103248443875656,1.1195756271602801,AlphaSparse 248af573c867cf4c7e05d40c611c7c34ebac4715,CUDA,13040,13000,2026-10-06T20:32:30.010733+00:00,derived,csr-alg1,0,0,,,,5,20,4,true
3,A100-SXM4-80GB-suitesparse_all-fp64-n2-row-major-AlphaSparse-SpMM-CSR-pre-plus-solve,AlphaSparse-SpMM-CSR-best-pre-plus-solve,AlphaSparseLib CSR PER MATRIX BEST,per-matrix-best,AlphaSparse-SpMM-CSR,best,pre-plus-solve,"csr-alg1,csr-alg2,csr-alg3,csr-alg4,csr-alg5",manual-selection,csr,ALPHASPARSE_SPMM_CSR_ALG1,workspace-setup,spmm.csr.fp64,fp64,A100-SXM4-80GB,A100-SXM4-80GB,,9700.0,752b02ae-c4ef-54eb-ad5c-0957985c94ee,suitesparse_all,JGD_Margulies/kneser_6_2_1,kneser_6_2_1,601,676,2027,2,row-major,N,N,1.0,0.0,20260922,main,pass,pass,0,0,8108.0,0.01809,0.00639519989491,0.0244851998949,0.00729969989491,1.2678258902357742,0.3311388118047918,1.1107305939595706,0.013070370002430661,0.003413802183554555,0.011450830865562584,AlphaSparse 248af573c867cf4c7e05d40c611c7c34ebac4715,CUDA,13040,13000,2026-10-08T03:38:04.559642+00:00,derived,csr-alg1,0,0,,,,5,20,4,true
3,A100-SXM4-80GB-suitesparse_all-fp64-n2-row-major-AlphaSparse-SpMM-CSR-pre-plus-solve,AlphaSparse-SpMM-CSR-best-pre-plus-solve,AlphaSparseLib CSR PER MATRIX BEST,per-matrix-best,AlphaSparse-SpMM-CSR,best,pre-plus-solve,"csr-alg1,csr-alg2,csr-alg3,csr-alg4,csr-alg5",manual-selection,csr,ALPHASPARSE_SPMM_CSR_ALG2,workspace-setup,spmm.csr.fp64,fp64,A100-SXM4-80GB,A100-SXM4-80GB,,9700.0,152f8cc9-7213-5fba-8430-8cd9341fa530,suitesparse_all,JGD_Margulies/kneser_8_3_1,kneser_8_3_1,15737,15681,47042,2,row-major,N,N,1.0,0.0,20260922,main,pass,pass,0,0,188168.0,0.02082,0.0173567995429,0.0381767995429,0.0183977995429,10.841169164563656,4.928857375499798,10.227744875751567,0.11176463056251192,0.05081296263401854,0.1054406688221811,AlphaSparse 248af573c867cf4c7e05d40c611c7c34ebac4715,CUDA,13040,13000,2026-10-07T23:28:06.153845+00:00,derived,csr-alg2,0,0,,,,5,20,4,true
3,A100-SXM4-80GB-suitesparse_all-fp64-n2-row-major-AlphaSparse-SpMM-CSR-pre-plus-solve,AlphaSparse-SpMM-CSR-best-pre-plus-solve,AlphaSparseLib CSR PER MATRIX BEST,per-matrix-best,AlphaSparse-SpMM-CSR,best,pre-plus-solve,"csr-alg1,csr-alg2,csr-alg3,csr-alg4,csr-alg5",manual-selection,csr,ALPHASPARSE_SPMM_CSR_ALG1,workspace-setup,spmm.csr.fp64,fp64,A100-SXM4-80GB,A100-SXM4-80GB,,9700.0,a0827285-e98d-55a9-b486-73107367c8f5,suitesparse_all,JGD_Margulies/wheel_3_1,wheel_3_1,21,25,74,2,row-major,N,N,1.0,0.0,20260922,main,pass,pass,0,0,296.0,0.02236,0.00394239984453,0.0263023998445,0.00506039984453,0.07508117179202257,0.011253725962267869,0.05849340152833158,0.0007740326988868307,0.00011601779342544194,0.000603024758024037,AlphaSparse 248af573c867cf4c7e05d40c611c7c34ebac4715,CUDA,13040,13000,2026-10-06T07:09:44.705852+00:00,derived,csr-alg1,0,0,,,,5,20,4,true
3,A100-SXM4-80GB-suitesparse_all-fp64-n2-row-major-AlphaSparse-SpMM-CSR-pre-plus-solve,AlphaSparse-SpMM-CSR-best-pre-plus-solve,AlphaSparseLib CSR PER MATRIX BEST,per-matrix-best,AlphaSparse-SpMM-CSR,best,pre-plus-solve,"csr-alg1,csr-alg2,csr-alg3,csr-alg4,csr-alg5",manual-selection,csr,ALPHASPARSE_SPMM_CSR_ALG1,workspace-setup,spmm.csr.fp64,fp64,A100-SXM4-80GB,A100-SXM4-80GB,,9700.0,dd6a9a30-d69d-5ea7-834e-7b0f3242a57c,suitesparse_all,JGD_Margulies/wheel_4_1,wheel_4_1,36,41,122,2,row-major,N,N,1.0,0.0,20260922,main,pass,pass,0,0,488.0,0.01187,0.00552960000932,0.0173996000093,0.00612310000932,0.08825231466606778,0.028046621746429024,0.07969819197093185,0.0009098176769697709,0.00028914043037555693,0.0008216308450611531,AlphaSparse 248af573c867cf4c7e05d40c611c7c34ebac4715,CUDA,13040,13000,2026-10-06T19:56:20.833560+00:00,derived,csr-alg1,0,0,,,,5,20,4,true
3,A100-SXM4-80GB-suitesparse_all-fp64-n2-row-major-AlphaSparse-SpMM-CSR-pre-plus-solve,AlphaSparse-SpMM-CSR-best-pre-plus-solve,AlphaSparseLib CSR PER MATRIX BEST,per-matrix-best,AlphaSparse-SpMM-CSR,best,pre-plus-solve,"csr-alg1,csr-alg2,csr-alg3,csr-alg4,csr-alg5",manual-selection,csr,ALPHASPARSE_SPMM_CSR_ALG1,workspace-setup,spmm.csr.fp64,fp64,A100-SXM4-80GB,A100-SXM4-80GB,,9700.0,005fdebf-9ece-5bc0-9d3c-6fda0356699d,suitesparse_all,JGD_Margulies/wheel_5_1,wheel_5_1,57,61,182,2,row-major,N,N,1.0,0.0,20260922,main,pass,pass,0,0,728.0,0.01312,0.00514720007777,0.0182672000778,0.00580320007777,0.14143611847227874,0.03985285084191601,0.12544802699267765,0.0014581043141472035,0.0004108541323908867,0.0012932786287904912,AlphaSparse 248af573c867cf4c7e05d40c611c7c34ebac4715,CUDA,13040,13000,2026-10-08T14:00:07.186420+00:00,derived,csr-alg1,0,0,,,,5,20,4,true
3,A100-SXM4-80GB-suitesparse_all-fp64-n2-row-major-AlphaSparse-SpMM-CSR-pre-plus-solve,AlphaSparse-SpMM-CSR-best-pre-plus-solve,AlphaSparseLib CSR PER MATRIX BEST,per-matrix-best,AlphaSparse-SpMM-CSR,best,pre-plus-solve,"csr-alg1,csr-alg2,csr-alg3,csr-alg4,csr-alg5",manual-selection,csr,ALPHASPARSE_SPMM_CSR_ALG3,workspace-setup,spmm.csr.fp64,fp64,A100-SXM4-80GB,A100-SXM4-80GB,,9700.0,018f64fd-81d1-5f6a-986f-7d386c913e5c,suitesparse_all,JGD_Margulies/wheel_6_1,wheel_6_1,83,85,254,2,row-major,N,N,1.0,0.0,20260922,main,pass,pass,0,0,1016.0,0.01141,0.0123392000794,0.0237492000794,0.0129097000794,0.0823392110884228,0.04278038824900364,0.07870051153405419,0.0008488578462724001,0.00044103493040209936,0.0008113454797325175,AlphaSparse 248af573c867cf4c7e05d40c611c7c34ebac4715,CUDA,13040,13000,2026-10-06T21:57:40.183652+00:00,derived,csr-alg3,0,0,,,,5,20,4,true
3,A100-SXM4-80GB-suitesparse_all-fp64-n2-row-major-AlphaSparse-SpMM-CSR-pre-plus-solve,AlphaSparse-SpMM-CSR-best-pre-plus-solve,AlphaSparseLib CSR PER MATRIX BEST,per-matrix-best,AlphaSparse-SpMM-CSR,best,pre-plus-solve,"csr-alg1,csr-alg2,csr-alg3,csr-alg4,csr-alg5",manual-selection,csr,ALPHASPARSE_SPMM_CSR_ALG4,workspace-setup,spmm.csr.fp64,fp64,A100-SXM4-80GB,A100-SXM4-80GB,,9700.0,d94c6f41-d28e-5f45-abb9-189a8a3b4f78,suitesparse_all,JGD_Margulies/wheel_601,wheel_601,902103,723605,2170814,2,row-major,N,N,1.0,0.0,20260922,main,pass,pass,0,0,8683256.0,0.27243,0.1462272048,0.4186572048,0.1598487048,59.38194614248688,20.740729886992263,54.321716343365715,0.6121850117782153,0.21382195759785835,0.5600176942615022,AlphaSparse 248af573c867cf4c7e05d40c611c7c34ebac4715,CUDA,13040,13000,2026-10-06T03:17:53.863991+00:00,derived,csr-alg4,0,0,,,,5,20,4,true
3,A100-SXM4-80GB-suitesparse_all-fp64-n2-row-major-AlphaSparse-SpMM-CSR-pre-plus-solve,AlphaSparse-SpMM-CSR-best-pre-plus-solve,AlphaSparseLib CSR PER MATRIX BEST,per-matrix-best,AlphaSparse-SpMM-CSR,best,pre-plus-solve,"csr-alg1,csr-alg2,csr-alg3,csr-alg4,csr-alg5",manual-selection,csr,ALPHASPARSE_SPMM_CSR_ALG4,workspace-setup,spmm.csr.fp64,fp64,A100-SXM4-80GB,A100-SXM4-80GB,,9700.0,752b02ae-c4ef-54eb-ad5c-0957985c94ee,suitesparse_all,JGD_Relat/rel3,rel3,12,5,18,2,row-major,N,N,1.0,0.0,20260922,main,pass,pass,0,0,72.0,0.01183,0.00931840017438,0.0211484001744,0.00990990017438,0.00772664820705562,0.0034045128428747784,0.007265461683069334,7.965616708304763e-05,3.509807054510081e-05,7.490166683576633e-05,AlphaSparse 248af573c867cf4c7e05d40c611c7c34ebac4715,CUDA,13040,13000,2026-10-08T07:01:01.216646+00:00,derived,csr-alg4,0,0,,,,5,20,4,true
3,A100-SXM4-80GB-suitesparse_all-fp64-n2-row-major-AlphaSparse-SpMM-CSR-pre-plus-solve,AlphaSparse-SpMM-CSR-best-pre-plus-solve,AlphaSparseLib CSR PER MATRIX BEST,per-matrix-best,AlphaSparse-SpMM-CSR,best,pre-plus-solve,"csr-alg1,csr-alg2,csr-alg3,csr-alg4,csr-alg5",manual-selection,csr,ALPHASPARSE_SPMM_CSR_ALG1,workspace-setup,spmm.csr.fp64,fp64,A100-SXM4-80GB,A100-SXM4-80GB,,9700.0,152f8cc9-7213-5fba-8430-8cd9341fa530,suitesparse_all,JGD_Relat/rel4,rel4,66,12,104,2,row-major,N,N,1.0,0.0,20260922,main,pass,pass,0,0,416.0,0.023409,0.00465920008719,0.0280682000872,0.00582965008719,0.08928571261486494,0.01482104298485849,0.07135934297568103,0.0009204712640707725,0.00015279425757586072,0.0007356633296461961,AlphaSparse 248af573c867cf4c7e05d40c611c7c34ebac4715,CUDA,13040,13000,2026-10-07T22:29:38.557470+00:00,derived,csr-alg1,0,0,,,,5,20,4,true
3,A100-SXM4-80GB-suitesparse_all-fp64-n2-row-major-AlphaSparse-SpMM-CSR-pre-plus-solve,AlphaSparse-SpMM-CSR-best-pre-plus-solve,AlphaSparseLib CSR PER MATRIX BEST,per-matrix-best,AlphaSparse-SpMM-CSR,best,pre-plus-solve,"csr-alg1,csr-alg2,csr-alg3,csr-alg4,csr-alg5",manual-selection,csr,ALPHASPARSE_SPMM_CSR_ALG1,workspace-setup,spmm.csr.fp64,fp64,A100-SXM4-80GB,A100-SXM4-80GB,,9700.0,a0827285-e98d-55a9-b486-73107367c8f5,suitesparse_all,JGD_Relat/rel5,rel5,340,35,656,2,row-major,N,N,1.0,0.0,20260922,main,pass,pass,0,0,2624.0,0.01691,0.00419839993119,0.0211083999312,0.00504389993119,0.6250000102434857,0.12431070135834912,0.5202323669773764,0.00644329907467511,0.001281553622251022,0.005363220278117283,AlphaSparse 248af573c867cf4c7e05d40c611c7c34ebac4715,CUDA,13040,13000,2026-10-06T07:09:45.722656+00:00,derived,csr-alg1,0,0,,,,5,20,4,true
3,A100-SXM4-80GB-suitesparse_all-fp64-n2-row-major-AlphaSparse-SpMM-CSR-pre-plus-solve,AlphaSparse-SpMM-CSR-best-pre-plus-solve,AlphaSparseLib CSR PER MATRIX BEST,per-matrix-best,AlphaSparse-SpMM-CSR,best,pre-plus-solve,"csr-alg1,csr-alg2,csr-alg3,csr-alg4,csr-alg5",manual-selection,csr,ALPHASPARSE_SPMM_CSR_ALG1,workspace-setup,spmm.csr.fp64,fp64,A100-SXM4-80GB,A100-SXM4-80GB,,9700.0,dd6a9a30-d69d-5ea7-834e-7b0f3242a57c,suitesparse_all,JGD_Relat/rel6,rel6,2340,157,5101,2,row-major,N,N,1.0,0.0,20260922,main,pass,pass,0,0,20404.0,0.01351,0.00558080002666,0.0190908000267,0.00625630002666,3.6561066339105857,1.0687870582407957,3.2613525427253074,0.037691820968150366,0.011018423280832945,0.03362219116211657,AlphaSparse 248af573c867cf4c7e05d40c611c7c34ebac4715,CUDA,13040,13000,2026-10-06T19:56:21.977260+00:00,derived,csr-alg1,0,0,,,,5,20,4,true
3,A100-SXM4-80GB-suitesparse_all-fp64-n2-row-major-AlphaSparse-SpMM-CSR-pre-plus-solve,AlphaSparse-SpMM-CSR-best-pre-plus-solve,AlphaSparseLib CSR PER MATRIX BEST,per-matrix-best,AlphaSparse-SpMM-CSR,best,pre-plus-solve,"csr-alg1,csr-alg2,csr-alg3,csr-alg4,csr-alg5",manual-selection,csr,ALPHASPARSE_SPMM_CSR_ALG1,workspace-setup,spmm.csr.fp64,fp64,A100-SXM4-80GB,A100-SXM4-80GB,,9700.0,005fdebf-9ece-5bc0-9d3c-6fda0356699d,suitesparse_all,JGD_Relat/rel7,rel7,21924,1045,50636,2,row-major,N,N,1.0,0.0,20260922,main,pass,pass,0,0,202544.0,0.01443,0.00587039999664,0.0203003999966,0.00659189999664,34.50258928112713,9.977340349644487,30.726194284385386,0.3556967967126508,0.1028591788623143,0.31676488952974624,AlphaSparse 248af573c867cf4c7e05d40c611c7c34ebac4715,CUDA,13040,13000,2026-10-08T14:00:08.594155+00:00,derived,csr-alg1,0,0,,,,5,20,4,true
3,A100-SXM4-80GB-suitesparse_all-fp64-n2-row-major-AlphaSparse-SpMM-CSR-pre-plus-solve,AlphaSparse-SpMM-CSR-best-pre-plus-solve,AlphaSparseLib CSR PER MATRIX BEST,per-matrix-best,AlphaSparse-SpMM-CSR,best,pre-plus-solve,"csr-alg1,csr-alg2,csr-alg3,csr-alg4,csr-alg5",manual-selection,csr,ALPHASPARSE_SPMM_CSR_ALG1,workspace-setup,spmm.csr.fp64,fp64,A100-SXM4-80GB,A100-SXM4-80GB,,9700.0,d94c6f41-d28e-5f45-abb9-189a8a3b4f78,suitesparse_all,JGD_Relat/rel8,rel8,345688,12347,821839,2,row-major,N,N,1.0,0.0,20260922,main,pass,pass,0,0,3287356.0,0.01686,0.0198144003749,0.0366744003749,0.0206574003749,165.907417726568,89.63625761826687,159.13696497814593,1.7103857497584332,0.9240851300852254,1.6405872678159374,AlphaSparse 248af573c867cf4c7e05d40c611c7c34ebac4715,CUDA,13040,13000,2026-10-06T01:59:24.787702+00:00,derived,csr-alg1,0,0,,,,5,20,4,true
3,A100-SXM4-80GB-suitesparse_all-fp64-n2-row-major-AlphaSparse-SpMM-CSR-pre-plus-solve,AlphaSparse-SpMM-CSR-best-pre-plus-solve,AlphaSparseLib CSR PER MATRIX BEST,per-matrix-best,AlphaSparse-SpMM-CSR,best,pre-plus-solve,"csr-alg1,csr-alg2,csr-alg3,csr-alg4,csr-alg5",manual-selection,csr,ALPHASPARSE_SPMM_CSR_ALG1,workspace-setup,spmm.csr.fp64,fp64,A100-SXM4-80GB,A100-SXM4-80GB,,9700.0,018f64fd-81d1-5f6a-986f-7d386c913e5c,suitesparse_all,JGD_Relat/rel9,rel9,9888048,274669,23667183,2,row-major,N,N,1.0,0.0,20260922,main,pass,pass,0,0,94668732.0,0.45582,0.697190380096,1.1530103801,0.719981380096,135.7860560080656,82.10570662146982,131.48775040179117,1.399856247505831,0.846450583726493,1.3555438185751667,AlphaSparse 248af573c867cf4c7e05d40c611c7c34ebac4715,CUDA,13040,13000,2026-10-06T20:32:44.534917+00:00,derived,csr-alg1,0,0,,,,5,20,4,true
3,A100-SXM4-80GB-suitesparse_all-fp64-n2-row-major-AlphaSparse-SpMM-CSR-pre-plus-solve,AlphaSparse-SpMM-CSR-best-pre-plus-solve,AlphaSparseLib CSR PER MATRIX BEST,per-matrix-best,AlphaSparse-SpMM-CSR,best,pre-plus-solve,"csr-alg1,csr-alg2,csr-alg3,csr-alg4,csr-alg5",manual-selection,csr,ALPHASPARSE_SPMM_CSR_ALG1,workspace-setup,spmm.csr.fp64,fp64,A100-SXM4-80GB,A100-SXM4-80GB,,9700.0,752b02ae-c4ef-54eb-ad5c-0957985c94ee,suitesparse_all,JGD_Relat/relat4,relat4,66,12,172,2,row-major,N,N,1.0,0.0,20260922,main,pass,pass,0,0,688.0,0.01689,0.00520160011947,0.0220916001195,0.00604610011947,0.13226699173294038,0.03114305873175345,0.11379235976997185,0.00136357723436021,0.0003210624611520974,0.0011731171110306376,AlphaSparse 248af573c867cf4c7e05d40c611c7c34ebac4715,CUDA,13040,13000,2026-10-08T03:38:05.923299+00:00,derived,csr-alg1,0,0,,,,5,20,4,true
3,A100-SXM4-80GB-suitesparse_all-fp64-n2-row-major-AlphaSparse-SpMM-CSR-pre-plus-solve,AlphaSparse-SpMM-CSR-best-pre-plus-solve,AlphaSparseLib CSR PER MATRIX BEST,per-matrix-best,AlphaSparse-SpMM-CSR,best,pre-plus-solve,"csr-alg1,csr-alg2,csr-alg3,csr-alg4,csr-alg5",manual-selection,csr,ALPHASPARSE_SPMM_CSR_ALG1,workspace-setup,spmm.csr.fp64,fp64,A100-SXM4-80GB,A100-SXM4-80GB,,9700.0,152f8cc9-7213-5fba-8430-8cd9341fa530,suitesparse_all,JGD_Relat/relat5,relat5,340,35,1058,2,row-major,N,N,1.0,0.0,20260922,main,pass,pass,0,0,4232.0,0.02274,0.00527359992266,0.0280135999227,0.00641059992266,0.8024878758465588,0.1510694809548816,0.6601566235697928,0.00827307088501607,0.0015574173294317691,0.006805738387317451,AlphaSparse 248af573c867cf4c7e05d40c611c7c34ebac4715,CUDA,13040,13000,2026-10-07T22:29:39.209595+00:00,derived,csr-alg1,0,0,,,,5,20,4,true
3,A100-SXM4-80GB-suitesparse_all-fp64-n2-row-major-AlphaSparse-SpMM-CSR-pre-plus-solve,AlphaSparse-SpMM-CSR-best-pre-plus-solve,AlphaSparseLib CSR PER MATRIX BEST,per-matrix-best,AlphaSparse-SpMM-CSR,best,pre-plus-solve,"csr-alg1,csr-alg2,csr-alg3,csr-alg4,csr-alg5",manual-selection,csr,ALPHASPARSE_SPMM_CSR_ALG1,workspace-setup,spmm.csr.fp64,fp64,A100-SXM4-80GB,A100-SXM4-80GB,,9700.0,a0827285-e98d-55a9-b486-73107367c8f5,suitesparse_all,JGD_Relat/relat6,relat6,2340,157,8108,2,row-major,N,N,1.0,0.0,20260922,main,pass,pass,0,0,32432.0,0.02245,0.00481280013919,0.0272628001392,0.00593530013919,6.738696613622178,1.1896063439707878,5.464256101533232,0.069471099109507,0.012263982927533895,0.056332537129208576,AlphaSparse 248af573c867cf4c7e05d40c611c7c34ebac4715,CUDA,13040,13000,2026-10-06T07:09:46.725055+00:00,derived,csr-alg1,0,0,,,,5,20,4,true
3,A100-SXM4-80GB-suitesparse_all-fp64-n2-row-major-AlphaSparse-SpMM-CSR-pre-plus-solve,AlphaSparse-SpMM-CSR-best-pre-plus-solve,AlphaSparseLib CSR PER MATRIX BEST,per-matrix-best,AlphaSparse-SpMM-CSR,best,pre-plus-solve,"csr-alg1,csr-alg2,csr-alg3,csr-alg4,csr-alg5",manual-selection,csr,ALPHASPARSE_SPMM_CSR_ALG1,workspace-setup,spmm.csr.fp64,fp64,A100-SXM4-80GB,A100-SXM4-80GB,,9700.0,005fdebf-9ece-5bc0-9d3c-6fda0356699d,suitesparse_all,JGD_Relat/relat7,relat7,21924,1045,81355,2,row-major,N,N,1.0,0.0,20260922,main,pass,pass,0,0,325420.0,0.01354,0.00622240006924,0.0197624000692,0.00689940006924,52.298148042375324,16.466623429366354,47.16641979508321,0.5391561653853126,0.16975900442645725,0.48625175046477537,AlphaSparse 248af573c867cf4c7e05d40c611c7c34ebac4715,CUDA,13040,13000,2026-10-08T14:00:09.330632+00:00,derived,csr-alg1,0,0,,,,5,20,4,true
3,A100-SXM4-80GB-suitesparse_all-fp64-n2-row-major-AlphaSparse-SpMM-CSR-pre-plus-solve,AlphaSparse-SpMM-CSR-best-pre-plus-solve,AlphaSparseLib CSR PER MATRIX BEST,per-matrix-best,AlphaSparse-SpMM-CSR,best,pre-plus-solve,"csr-alg1,csr-alg2,csr-alg3,csr-alg4,csr-alg5",manual-selection,csr,ALPHASPARSE_SPMM_CSR_ALG1,workspace-setup,spmm.csr.fp64,fp64,A100-SXM4-80GB,A100-SXM4-80GB,,9700.0,dd6a9a30-d69d-5ea7-834e-7b0f3242a57c,suitesparse_all,JGD_Relat/relat7b,relat7b,21924,1045,81355,2,row-major,N,N,1.0,0.0,20260922,main,pass,pass,0,0,325420.0,0.01246,0.00640000030398,0.018860000304,0.00702300030398,50.84687258493245,17.254506614773593,46.33632150287413,0.5241945627312623,0.17788151149251127,0.4776940361121044,AlphaSparse 248af573c867cf4c7e05d40c611c7c34ebac4715,CUDA,13040,13000,2026-10-06T19:56:23.728506+00:00,derived,csr-alg1,0,0,,,,5,20,4,true
3,A100-SXM4-80GB-suitesparse_all-fp64-n2-row-major-AlphaSparse-SpMM-CSR-pre-plus-solve,AlphaSparse-SpMM-CSR-best-pre-plus-solve,AlphaSparseLib CSR PER MATRIX BEST,per-matrix-best,AlphaSparse-SpMM-CSR,best,pre-plus-solve,"csr-alg1,csr-alg2,csr-alg3,csr-alg4,csr-alg5",manual-selection,csr,ALPHASPARSE_SPMM_CSR_ALG1,workspace-setup,spmm.csr.fp64,fp64,A100-SXM4-80GB,A100-SXM4-80GB,,9700.0,d94c6f41-d28e-5f45-abb9-189a8a3b4f78,suitesparse_all,JGD_Relat/relat8,relat8,345688,12347,1334038,2,row-major,N,N,1.0,0.0,20260922,main,pass,pass,0,0,5336152.0,0.01522,0.0255488008261,0.0407688008261,0.0263098008261,208.86115306628105,130.8881274865416,202.8199314495152,2.153207763569908,1.3493621390365114,2.0909271283455175,AlphaSparse 248af573c867cf4c7e05d40c611c7c34ebac4715,CUDA,13040,13000,2026-10-06T01:59:26.825410+00:00,derived,csr-alg1,0,0,,,,5,20,4,true
3,A100-SXM4-80GB-suitesparse_all-fp64-n2-row-major-AlphaSparse-SpMM-CSR-pre-plus-solve,AlphaSparse-SpMM-CSR-best-pre-plus-solve,AlphaSparseLib CSR PER MATRIX BEST,per-matrix-best,AlphaSparse-SpMM-CSR,best,pre-plus-solve,"csr-alg1,csr-alg2,csr-alg3,csr-alg4,csr-alg5",manual-selection,csr,ALPHASPARSE_SPMM_CSR_ALG1,workspace-setup,spmm.csr.fp64,fp64,A100-SXM4-80GB,A100-SXM4-80GB,,9700.0,018f64fd-81d1-5f6a-986f-7d386c913e5c,suitesparse_all,JGD_Relat/relat9,relat9,12360060,549336,38955420,2,row-major,N,N,1.0,0.0,20260922,main,pass,pass,0,0,155821680.0,0.41579,1.01990404129,1.43569404129,1.04069354129,152.78072611901104,108.53404382732626,149.7286893957754,1.575059032154753,1.118907668322951,1.5435947360389217,AlphaSparse 248af573c867cf4c7e05d40c611c7c34ebac4715,CUDA,13040,13000,2026-10-06T20:33:05.909336+00:00,derived,csr-alg1,0,0,,,,5,20,4,true
3,A100-SXM4-80GB-suitesparse_all-fp64-n2-row-major-AlphaSparse-SpMM-CSR-pre-plus-solve,AlphaSparse-SpMM-CSR-best-pre-plus-solve,AlphaSparseLib CSR PER MATRIX BEST,per-matrix-best,AlphaSparse-SpMM-CSR,best,pre-plus-solve,"csr-alg1,csr-alg2,csr-alg3,csr-alg4,csr-alg5",manual-selection,csr,ALPHASPARSE_SPMM_CSR_ALG3,workspace-setup,spmm.csr.fp64,fp64,A100-SXM4-80GB,A100-SXM4-80GB,,9700.0,005fdebf-9ece-5bc0-9d3c-6fda0356699d,suitesparse_all,JGD_SL6/D_10,D_10,460,816,7614,2,row-major,N,N,1.0,0.0,20260922,main,pass,pass,0,0,30456.0,0.01344,0.011264000088,0.024704000088,0.011936000088,2.703835206149015,1.232836783173185,2.5516085602763443,0.027874589754113555,0.012709657558486444,0.02630524288944685,AlphaSparse 248af573c867cf4c7e05d40c611c7c34ebac4715,CUDA,13040,13000,2026-10-08T14:50:27.237104+00:00,derived,csr-alg3,0,0,,,,5,20,4,true
3,A100-SXM4-80GB-suitesparse_all-fp64-n2-row-major-AlphaSparse-SpMM-CSR-pre-plus-solve,AlphaSparse-SpMM-CSR-best-pre-plus-solve,AlphaSparseLib CSR PER MATRIX BEST,per-matrix-best,AlphaSparse-SpMM-CSR,best,pre-plus-solve,"csr-alg1,csr-alg2,csr-alg3,csr-alg4,csr-alg5",manual-selection,csr,ALPHASPARSE_SPMM_CSR_ALG5,workspace-setup,spmm.csr.fp64,fp64,A100-SXM4-80GB,A100-SXM4-80GB,,9700.0,d94c6f41-d28e-5f45-abb9-189a8a3b4f78,suitesparse_all,JGD_SL6/D_11,D_11,169,461,2952,2,row-major,N,N,1.0,0.0,20260922,main,pass,pass,0,0,11808.0,0.01298,0.0125440001488,0.0255240001488,0.0131930001488,0.9413265194459992,0.4626234105611047,0.8950200763147891,0.009704397107690712,0.004769313510939223,0.009227011096028753,AlphaSparse 248af573c867cf4c7e05d40c611c7c34ebac4715,CUDA,13040,13000,2026-10-06T03:42:26.156703+00:00,derived,csr-alg5,0,0,,,,5,20,4,true
3,A100-SXM4-80GB-suitesparse_all-fp64-n2-row-major-AlphaSparse-SpMM-CSR-pre-plus-solve,AlphaSparse-SpMM-CSR-best-pre-plus-solve,AlphaSparseLib CSR PER MATRIX BEST,per-matrix-best,AlphaSparse-SpMM-CSR,best,pre-plus-solve,"csr-alg1,csr-alg2,csr-alg3,csr-alg4,csr-alg5",manual-selection,csr,ALPHASPARSE_SPMM_CSR_ALG5,workspace-setup,spmm.csr.fp64,fp64,A100-SXM4-80GB,A100-SXM4-80GB,,9700.0,752b02ae-c4ef-54eb-ad5c-0957985c94ee,suitesparse_all,JGD_SL6/D_6,D_6,970,435,6491,2,row-major,N,N,1.0,0.0,20260922,main,pass,pass,0,0,25964.0,0.0123,0.0132607996464,0.0255607996464,0.0138757996464,1.95795130703514,1.015774168225476,1.87117143960321,0.020185065020980823,0.010471898641499751,0.01929042721240423,AlphaSparse 248af573c867cf4c7e05d40c611c7c34ebac4715,CUDA,13040,13000,2026-10-08T08:02:22.710332+00:00,derived,csr-alg5,0,0,,,,5,20,4,true
3,A100-SXM4-80GB-suitesparse_all-fp64-n2-row-major-AlphaSparse-SpMM-CSR-pre-plus-solve,AlphaSparse-SpMM-CSR-best-pre-plus-solve,AlphaSparseLib CSR PER MATRIX BEST,per-matrix-best,AlphaSparse-SpMM-CSR,best,pre-plus-solve,"csr-alg1,csr-alg2,csr-alg3,csr-alg4,csr-alg5",manual-selection,csr,ALPHASPARSE_SPMM_CSR_ALG1,workspace-setup,spmm.csr.fp64,fp64,A100-SXM4-80GB,A100-SXM4-80GB,,9700.0,152f8cc9-7213-5fba-8430-8cd9341fa530,suitesparse_all,JGD_SL6/D_7,D_7,1270,971,12714,2,row-major,N,N,1.0,0.0,20260922,main,pass,pass,0,0,50856.0,0.0226,0.00998400002718,0.0325840000272,0.0111140000272,5.093749986133,1.5607660188297068,4.575850267728709,0.052512886454979375,0.01609037132814131,0.04717371410029598,AlphaSparse 248af573c867cf4c7e05d40c611c7c34ebac4715,CUDA,13040,13000,2026-10-07T22:29:39.889561+00:00,derived,csr-alg1,0,0,,,,5,20,4,true
3,A100-SXM4-80GB-suitesparse_all-fp64-n2-row-major-AlphaSparse-SpMM-CSR-pre-plus-solve,AlphaSparse-SpMM-CSR-best-pre-plus-solve,AlphaSparseLib CSR PER MATRIX BEST,per-matrix-best,AlphaSparse-SpMM-CSR,best,pre-plus-solve,"csr-alg1,csr-alg2,csr-alg3,csr-alg4,csr-alg5",manual-selection,csr,ALPHASPARSE_SPMM_CSR_ALG1,workspace-setup,spmm.csr.fp64,fp64,A100-SXM4-80GB,A100-SXM4-80GB,,9700.0,a0827285-e98d-55a9-b486-73107367c8f5,suitesparse_all,JGD_SL6/D_8,D_8,1132,1271,14966,2,row-major,N,N,1.0,0.0,20260922,main,pass,pass,0,0,59864.0,0.0133,0.0105471998453,0.0238471998453,0.0112121998453,5.6758192580067925,2.510315692758305,5.339184176697865,0.05851360059800816,0.02587954322431242,0.05504313584224603,AlphaSparse 248af573c867cf4c7e05d40c611c7c34ebac4715,CUDA,13040,13000,2026-10-06T07:09:47.842324+00:00,derived,csr-alg1,0,0,,,,5,20,4,true
3,A100-SXM4-80GB-suitesparse_all-fp64-n2-row-major-AlphaSparse-SpMM-CSR-pre-plus-solve,AlphaSparse-SpMM-CSR-best-pre-plus-solve,AlphaSparseLib CSR PER MATRIX BEST,per-matrix-best,AlphaSparse-SpMM-CSR,best,pre-plus-solve,"csr-alg1,csr-alg2,csr-alg3,csr-alg4,csr-alg5",manual-selection,csr,ALPHASPARSE_SPMM_CSR_ALG2,workspace-setup,spmm.csr.fp64,fp64,A100-SXM4-80GB,A100-SXM4-80GB,,9700.0,dd6a9a30-d69d-5ea7-834e-7b0f3242a57c,suitesparse_all,JGD_SL6/D_9,D_9,815,1133,12395,2,row-major,N,N,1.0,0.0,20260922,main,pass,pass,0,0,49580.0,0.012829,0.0142335996032,0.0270625996032,0.0148750496032,3.4833072014231323,1.8320486844189736,3.333098128918783,0.03591038351982611,0.018887099839370862,0.03436183638060601,AlphaSparse 248af573c867cf4c7e05d40c611c7c34ebac4715,CUDA,13040,13000,2026-10-06T20:34:18.042457+00:00,derived,csr-alg2,0,0,,,,5,20,4,true
3,A100-SXM4-80GB-suitesparse_all-fp64-n2-row-major-AlphaSparse-SpMM-CSR-pre-plus-solve,AlphaSparse-SpMM-CSR-best-pre-plus-solve,AlphaSparseLib CSR PER MATRIX BEST,per-matrix-best,AlphaSparse-SpMM-CSR,best,pre-plus-solve,"csr-alg1,csr-alg2,csr-alg3,csr-alg4,csr-alg5",manual-selection,csr,ALPHASPARSE_SPMM_CSR_ALG3,workspace-setup,spmm.csr.fp64,fp64,A100-SXM4-80GB,A100-SXM4-80GB,,9700.0,018f64fd-81d1-5f6a-986f-7d386c913e5c,suitesparse_all,JGD_SPG/08blocks,08blocks,300,300,592,2,row-major,N,N,1.0,0.0,20260922,main,pass,pass,0,0,2368.0,0.01319,0.0123903997242,0.0255803997242,0.0130498997242,0.19111570673341555,0.09257087557391783,0.18145733300990294,0.0019702650178702636,0.000954338923442452,0.0018706941547412675,AlphaSparse 248af573c867cf4c7e05d40c611c7c34ebac4715,CUDA,13040,13000,2026-10-06T21:58:15.599280+00:00,derived,csr-alg3,0,0,,,,5,20,4,true
3,A100-SXM4-80GB-suitesparse_all-fp64-n2-row-major-AlphaSparse-SpMM-CSR-pre-plus-solve,AlphaSparse-SpMM-CSR-best-pre-plus-solve,AlphaSparseLib CSR PER MATRIX BEST,per-matrix-best,AlphaSparse-SpMM-CSR,best,pre-plus-solve,"csr-alg1,csr-alg2,csr-alg3,csr-alg4,csr-alg5",manual-selection,csr,ALPHASPARSE_SPMM_CSR_ALG3,workspace-setup,spmm.csr.fp64,fp64,A100-SXM4-80GB,A100-SXM4-80GB,,9700.0,752b02ae-c4ef-54eb-ad5c-0957985c94ee,suitesparse_all,JGD_SPG/EX2,EX2,560,560,8736,2,row-major,N,N,1.0,0.0,20260922,main,pass,pass,0,0,34944.0,0.01136,0.0140799999237,0.0254399999237,0.0146479999237,2.4818181952672393,1.373584909780052,2.3855816617981893,0.025585754590383914,0.014160669172990227,0.024593625379362775,AlphaSparse 248af573c867cf4c7e05d40c611c7c34ebac4715,CUDA,13040,13000,2026-10-08T05:59:33.833148+00:00,derived,csr-alg3,0,0,,,,5,20,4,true
3,A100-SXM4-80GB-suitesparse_all-fp64-n2-row-major-AlphaSparse-SpMM-CSR-pre-plus-solve,AlphaSparse-SpMM-CSR-best-pre-plus-solve,AlphaSparseLib CSR PER MATRIX BEST,per-matrix-best,AlphaSparse-SpMM-CSR,best,pre-plus-solve,"csr-alg1,csr-alg2,csr-alg3,csr-alg4,csr-alg5",manual-selection,csr,ALPHASPARSE_SPMM_CSR_ALG2,workspace-setup,spmm.csr.fp64,fp64,A100-SXM4-80GB,A100-SXM4-80GB,,9700.0,152f8cc9-7213-5fba-8430-8cd9341fa530,suitesparse_all,JGD_SPG/EX3,EX3,2600,2600,71760,2,row-major,N,N,1.0,0.0,20260922,main,pass,pass,0,0,287040.0,0.02308,0.0153088003397,0.0383888003397,0.0164628003397,18.749999583940294,7.477180778247867,17.435672794245328,0.19329896478288963,0.07708433792008111,0.17974920406438483,AlphaSparse 248af573c867cf4c7e05d40c611c7c34ebac4715,CUDA,13040,13000,2026-10-07T23:28:09.202093+00:00,derived,csr-alg2,0,0,,,,5,20,4,true
3,A100-SXM4-80GB-suitesparse_all-fp64-n2-row-major-AlphaSparse-SpMM-CSR-pre-plus-solve,AlphaSparse-SpMM-CSR-best-pre-plus-solve,AlphaSparseLib CSR PER MATRIX BEST,per-matrix-best,AlphaSparse-SpMM-CSR,best,pre-plus-solve,"csr-alg1,csr-alg2,csr-alg3,csr-alg4,csr-alg5",manual-selection,csr,ALPHASPARSE_SPMM_CSR_ALG3,workspace-setup,spmm.csr.fp64,fp64,A100-SXM4-80GB,A100-SXM4-80GB,,9700.0,a0827285-e98d-55a9-b486-73107367c8f5,suitesparse_all,JGD_SPG/EX4,EX4,2600,2600,71760,2,row-major,N,N,1.0,0.0,20260922,main,pass,pass,0,0,287040.0,0.0161,0.015513600409,0.031613600409,0.016318600409,18.502474759726166,9.079636494623475,17.5897437773948,0.19074716247140378,0.09360449994457191,0.18133756471541032,AlphaSparse 248af573c867cf4c7e05d40c611c7c34ebac4715,CUDA,13040,13000,2026-10-06T08:06:11.996720+00:00,derived,csr-alg3,0,0,,,,5,20,4,true
3,A100-SXM4-80GB-suitesparse_all-fp64-n2-row-major-AlphaSparse-SpMM-CSR-pre-plus-solve,AlphaSparse-SpMM-CSR-best-pre-plus-solve,AlphaSparseLib CSR PER MATRIX BEST,per-matrix-best,AlphaSparse-SpMM-CSR,best,pre-plus-solve,"csr-alg1,csr-alg2,csr-alg3,csr-alg4,csr-alg5",manual-selection,csr,ALPHASPARSE_SPMM_CSR_ALG5,workspace-setup,spmm.csr.fp64,fp64,A100-SXM4-80GB,A100-SXM4-80GB,,9700.0,dd6a9a30-d69d-5ea7-834e-7b0f3242a57c,suitesparse_all,JGD_SPG/EX5,EX5,6545,6545,295680,2,row-major,N,N,1.0,0.0,20260922,main,pass,pass,0,0,1182720.0,0.01321,0.0200192004442,0.0332292004442,0.0206797004442,59.07928257657562,35.59279140604294,57.19231780901911,0.6090647688306765,0.36693599387673137,0.5896115238043207,AlphaSparse 248af573c867cf4c7e05d40c611c7c34ebac4715,CUDA,13040,13000,2026-10-06T22:26:29.571836+00:00,derived,csr-alg5,0,0,,,,5,20,4,true
3,A100-SXM4-80GB-suitesparse_all-fp64-n2-row-major-AlphaSparse-SpMM-CSR-pre-plus-solve,AlphaSparse-SpMM-CSR-best-pre-plus-solve,AlphaSparseLib CSR PER MATRIX BEST,per-matrix-best,AlphaSparse-SpMM-CSR,best,pre-plus-solve,"csr-alg1,csr-alg2,csr-alg3,csr-alg4,csr-alg5",manual-selection,csr,ALPHASPARSE_SPMM_CSR_ALG5,workspace-setup,spmm.csr.fp64,fp64,A100-SXM4-80GB,A100-SXM4-80GB,,9700.0,005fdebf-9ece-5bc0-9d3c-6fda0356699d,suitesparse_all,JGD_SPG/EX6,EX6,6545,6545,295680,2,row-major,N,N,1.0,0.0,20260922,main,pass,pass,0,0,1182720.0,0.01405,0.0168448001146,0.0308948001146,0.0175473001146,70.21276547976926,38.28217032034075,67.40182206241137,0.7238429430904048,0.39466154969423445,0.6948641449733131,AlphaSparse 248af573c867cf4c7e05d40c611c7c34ebac4715,CUDA,13040,13000,2026-10-08T15:38:05.135266+00:00,derived,csr-alg5,0,0,,,,5,20,4,true
3,A100-SXM4-80GB-suitesparse_all-fp64-n2-row-major-AlphaSparse-SpMM-CSR-pre-plus-solve,AlphaSparse-SpMM-CSR-best-pre-plus-solve,AlphaSparseLib CSR PER MATRIX BEST,per-matrix-best,AlphaSparse-SpMM-CSR,best,pre-plus-solve,"csr-alg1,csr-alg2,csr-alg3,csr-alg4,csr-alg5",manual-selection,csr,ALPHASPARSE_SPMM_CSR_ALG1,workspace-setup,spmm.csr.fp64,fp64,A100-SXM4-80GB,A100-SXM4-80GB,,9700.0,018f64fd-81d1-5f6a-986f-7d386c913e5c,suitesparse_all,JGD_Taha/abtaha1,abtaha1,14596,209,51307,2,row-major,N,N,1.0,0.0,20260922,main,pass,pass,0,0,205228.0,0.01583,0.00558080002666,0.0214108000267,0.00637230002666,36.77393904451096,9.585256027055209,32.20626761787438,0.37911277365475216,0.09881707244386814,0.3320233775038596,AlphaSparse 248af573c867cf4c7e05d40c611c7c34ebac4715,CUDA,13040,13000,2026-10-06T20:33:07.427222+00:00,derived,csr-alg1,0,0,,,,5,20,4,true
3,A100-SXM4-80GB-suitesparse_all-fp64-n2-row-major-AlphaSparse-SpMM-CSR-pre-plus-solve,AlphaSparse-SpMM-CSR-best-pre-plus-solve,AlphaSparseLib CSR PER MATRIX BEST,per-matrix-best,AlphaSparse-SpMM-CSR,best,pre-plus-solve,"csr-alg1,csr-alg2,csr-alg3,csr-alg4,csr-alg5",manual-selection,csr,ALPHASPARSE_SPMM_CSR_ALG1,workspace-setup,spmm.csr.fp64,fp64,A100-SXM4-80GB,A100-SXM4-80GB,,9700.0,d94c6f41-d28e-5f45-abb9-189a8a3b4f78,suitesparse_all,JGD_Taha/abtaha2,abtaha2,37932,331,137228,2,row-major,N,N,1.0,0.0,20260922,main,pass,pass,0,0,548912.0,0.015989,0.00624639987946,0.0222353998795,0.00704584987946,87.87653858104476,24.68640109801089,77.90571888285379,0.9059436967118016,0.25449898039186486,0.8031517410603484,AlphaSparse 248af573c867cf4c7e05d40c611c7c34ebac4715,CUDA,13040,13000,2026-10-06T01:59:28.869275+00:00,derived,csr-alg1,0,0,,,,5,20,4,true
3,A100-SXM4-80GB-suitesparse_all-fp64-n2-row-major-AlphaSparse-SpMM-CSR-pre-plus-solve,AlphaSparse-SpMM-CSR-best-pre-plus-solve,AlphaSparseLib CSR PER MATRIX BEST,per-matrix-best,AlphaSparse-SpMM-CSR,best,pre-plus-solve,"csr-alg1,csr-alg2,csr-alg3,csr-alg4,csr-alg5",manual-selection,csr,ALPHASPARSE_SPMM_CSR_ALG1,workspace-setup,spmm.csr.fp64,fp64,A100-SXM4-80GB,A100-SXM4-80GB,,9700.0,152f8cc9-7213-5fba-8430-8cd9341fa530,suitesparse_all,JGD_Trefethen/Trefethen_150,Trefethen_150,150,150,2040,2,row-major,N,N,1.0,0.0,20260922,main,pass,pass,0,0,8160.0,0.02321,0.00727040022612,0.0304804002261,0.00843090022612,1.1223591200225786,0.26771302015295356,0.9678681731660499,0.011570712577552357,0.0027599280428139542,0.00997802240377371,AlphaSparse 248af573c867cf4c7e05d40c611c7c34ebac4715,CUDA,13040,13000,2026-10-07T22:29:41.198192+00:00,derived,csr-alg1,0,0,,,,5,20,4,true
3,A100-SXM4-80GB-suitesparse_all-fp64-n2-row-major-AlphaSparse-SpMM-CSR-pre-plus-solve,AlphaSparse-SpMM-CSR-best-pre-plus-solve,AlphaSparseLib CSR PER MATRIX BEST,per-matrix-best,AlphaSparse-SpMM-CSR,best,pre-plus-solve,"csr-alg1,csr-alg2,csr-alg3,csr-alg4,csr-alg5",manual-selection,csr,ALPHASPARSE_SPMM_CSR_ALG4,workspace-setup,spmm.csr.fp64,fp64,A100-SXM4-80GB,A100-SXM4-80GB,,9700.0,752b02ae-c4ef-54eb-ad5c-0957985c94ee,suitesparse_all,JGD_Trefethen/Trefethen_20,Trefethen_20,20,20,158,2,row-major,N,N,1.0,0.0,20260922,main,pass,pass,0,0,632.0,0.011651,0.01064959988,0.02230059988,0.01123214988,0.05934495259177755,0.028340044814973826,0.056267055439256655,0.0006118036349667789,0.0002921654104636477,0.0005800727364871821,AlphaSparse 248af573c867cf4c7e05d40c611c7c34ebac4715,CUDA,13040,13000,2026-10-08T07:01:05.370362+00:00,derived,csr-alg4,0,0,,,,5,20,4,true
3,A100-SXM4-80GB-suitesparse_all-fp64-n2-row-major-AlphaSparse-SpMM-CSR-pre-plus-solve,AlphaSparse-SpMM-CSR-best-pre-plus-solve,AlphaSparseLib CSR PER MATRIX BEST,per-matrix-best,AlphaSparse-SpMM-CSR,best,pre-plus-solve,"csr-alg1,csr-alg2,csr-alg3,csr-alg4,csr-alg5",manual-selection,csr,ALPHASPARSE_SPMM_CSR_ALG1,workspace-setup,spmm.csr.fp64,fp64,A100-SXM4-80GB,A100-SXM4-80GB,,9700.0,dd6a9a30-d69d-5ea7-834e-7b0f3242a57c,suitesparse_all,JGD_Trefethen/Trefethen_200,Trefethen_200,200,200,2890,2,row-major,N,N,1.0,0.0,20260922,main,pass,pass,0,0,11560.0,0.01325,0.00737280026078,0.0206228002608,0.00803530026078,1.5679252917638404,0.5605446328243479,1.4386519015877883,0.016164178265606604,0.0057788106476736895,0.01483146290296689,AlphaSparse 248af573c867cf4c7e05d40c611c7c34ebac4715,CUDA,13040,13000,2026-10-06T19:56:27.721485+00:00,derived,csr-alg1,0,0,,,,5,20,4,true
3,A100-SXM4-80GB-suitesparse_all-fp64-n2-row-major-AlphaSparse-SpMM-CSR-pre-plus-solve,AlphaSparse-SpMM-CSR-best-pre-plus-solve,AlphaSparseLib CSR PER MATRIX BEST,per-matrix-best,AlphaSparse-SpMM-CSR,best,pre-plus-solve,"csr-alg1,csr-alg2,csr-alg3,csr-alg4,csr-alg5",manual-selection,csr,ALPHASPARSE_SPMM_CSR_ALG1,workspace-setup,spmm.csr.fp64,fp64,A100-SXM4-80GB,A100-SXM4-80GB,,9700.0,152f8cc9-7213-5fba-8430-8cd9341fa530,suitesparse_all,JGD_Trefethen/Trefethen_20000,Trefethen_20000,20000,20000,554466,2,row-major,N,N,1.0,0.0,20260922,main,pass,pass,0,0,2217864.0,0.026281,0.0143360003829,0.0406170003829,0.0156500503829,154.70591104653366,54.60432772218537,141.71609328640534,1.5949062994488006,0.562931213630777,1.4609906524371683,AlphaSparse 248af573c867cf4c7e05d40c611c7c34ebac4715,CUDA,13040,13000,2026-10-07T22:29:42.016727+00:00,derived,csr-alg1,0,0,,,,5,20,4,true
3,A100-SXM4-80GB-suitesparse_all-fp64-n2-row-major-AlphaSparse-SpMM-CSR-pre-plus-solve,AlphaSparse-SpMM-CSR-best-pre-plus-solve,AlphaSparseLib CSR PER MATRIX BEST,per-matrix-best,AlphaSparse-SpMM-CSR,best,pre-plus-solve,"csr-alg1,csr-alg2,csr-alg3,csr-alg4,csr-alg5",manual-selection,csr,ALPHASPARSE_SPMM_CSR_ALG1,workspace-setup,spmm.csr.fp64,fp64,A100-SXM4-80GB,A100-SXM4-80GB,,9700.0,752b02ae-c4ef-54eb-ad5c-0957985c94ee,suitesparse_all,JGD_Trefethen/Trefethen_20000b,Trefethen_20000b,19999,19999,554435,2,row-major,N,N,1.0,0.0,20260922,main,pass,pass,0,0,2217740.0,0.0203,0.0142112001777,0.0345112001777,0.0152262001777,156.05578503355713,64.26145681925692,145.65288608566038,1.6088225261191456,0.6624892455593497,1.5015761452129937,AlphaSparse 248af573c867cf4c7e05d40c611c7c34ebac4715,CUDA,13040,13000,2026-10-08T03:38:08.987154+00:00,derived,csr-alg1,0,0,,,,5,20,4,true
3,A100-SXM4-80GB-suitesparse_all-fp64-n2-row-major-AlphaSparse-SpMM-CSR-pre-plus-solve,AlphaSparse-SpMM-CSR-best-pre-plus-solve,AlphaSparseLib CSR PER MATRIX BEST,per-matrix-best,AlphaSparse-SpMM-CSR,best,pre-plus-solve,"csr-alg1,csr-alg2,csr-alg3,csr-alg4,csr-alg5",manual-selection,csr,ALPHASPARSE_SPMM_CSR_ALG1,workspace-setup,spmm.csr.fp64,fp64,A100-SXM4-80GB,A100-SXM4-80GB,,9700.0,a0827285-e98d-55a9-b486-73107367c8f5,suitesparse_all,JGD_Trefethen/Trefethen_200b,Trefethen_200b,199,199,2873,2,row-major,N,N,1.0,0.0,20260922,main,pass,pass,0,0,11492.0,0.01775,0.00634879991412,0.0240987999141,0.00723629991412,1.8101058712594338,0.47687021930399653,1.5881044368512098,0.01866088527071581,0.004916187827876253,0.01637221068918773,AlphaSparse 248af573c867cf4c7e05d40c611c7c34ebac4715,CUDA,13040,13000,2026-10-06T07:09:49.792843+00:00,derived,csr-alg1,0,0,,,,5,20,4,true
3,A100-SXM4-80GB-suitesparse_all-fp64-n2-row-major-AlphaSparse-SpMM-CSR-pre-plus-solve,AlphaSparse-SpMM-CSR-best-pre-plus-solve,AlphaSparseLib CSR PER MATRIX BEST,per-matrix-best,AlphaSparse-SpMM-CSR,best,pre-plus-solve,"csr-alg1,csr-alg2,csr-alg3,csr-alg4,csr-alg5",manual-selection,csr,ALPHASPARSE_SPMM_CSR_ALG1,workspace-setup,spmm.csr.fp64,fp64,A100-SXM4-80GB,A100-SXM4-80GB,,9700.0,005fdebf-9ece-5bc0-9d3c-6fda0356699d,suitesparse_all,JGD_Trefethen/Trefethen_300,Trefethen_300,300,300,4678,2,row-major,N,N,1.0,0.0,20260922,main,pass,pass,0,0,18712.0,0.01263,0.00658719986677,0.0192171998668,0.00721869986677,2.8406607327030042,0.9737110572663193,2.5921565303105845,0.02928516219281448,0.01003825832233319,0.026723263199078192,AlphaSparse 248af573c867cf4c7e05d40c611c7c34ebac4715,CUDA,13040,13000,2026-10-08T14:00:11.588708+00:00,derived,csr-alg1,0,0,,,,5,20,4,true
3,A100-SXM4-80GB-suitesparse_all-fp64-n2-row-major-AlphaSparse-SpMM-CSR-pre-plus-solve,AlphaSparse-SpMM-CSR-best-pre-plus-solve,AlphaSparseLib CSR PER MATRIX BEST,per-matrix-best,AlphaSparse-SpMM-CSR,best,pre-plus-solve,"csr-alg1,csr-alg2,csr-alg3,csr-alg4,csr-alg5",manual-selection,csr,ALPHASPARSE_SPMM_CSR_ALG1,workspace-setup,spmm.csr.fp64,fp64,A100-SXM4-80GB,A100-SXM4-80GB,,9700.0,d94c6f41-d28e-5f45-abb9-189a8a3b4f78,suitesparse_all,JGD_Trefethen/Trefethen_500,Trefethen_500,500,500,8478,2,row-major,N,N,1.0,0.0,20260922,main,pass,pass,0,0,33912.0,0.01405,0.00890880003572,0.0229588000357,0.00961130003572,3.8065732605995426,1.4770806813626245,3.528346828625415,0.03924302330514993,0.015227635890336334,0.036374709573457883,AlphaSparse 248af573c867cf4c7e05d40c611c7c34ebac4715,CUDA,13040,13000,2026-10-06T01:59:29.961359+00:00,derived,csr-alg1,0,0,,,,5,20,4,true
3,A100-SXM4-80GB-suitesparse_all-fp64-n2-row-major-AlphaSparse-SpMM-CSR-pre-plus-solve,AlphaSparse-SpMM-CSR-best-pre-plus-solve,AlphaSparseLib CSR PER MATRIX BEST,per-matrix-best,AlphaSparse-SpMM-CSR,best,pre-plus-solve,"csr-alg1,csr-alg2,csr-alg3,csr-alg4,csr-alg5",manual-selection,csr,ALPHASPARSE_SPMM_CSR_ALG1,workspace-setup,spmm.csr.fp64,fp64,A100-SXM4-80GB,A100-SXM4-80GB,,9700.0,018f64fd-81d1-5f6a-986f-7d386c913e5c,suitesparse_all,JGD_Trefethen/Trefethen_700,Trefethen_700,700,700,12654,2,row-major,N,N,1.0,0.0,20260922,main,pass,pass,0,0,50616.0,0.01585,0.00885759964585,0.0247075996459,0.00965009964585,5.71441496836164,2.048600459996496,5.245127185994113,0.05891149451919216,0.0211195923710979,0.0540734761442692,AlphaSparse 248af573c867cf4c7e05d40c611c7c34ebac4715,CUDA,13040,13000,2026-10-06T20:33:08.129193+00:00,derived,csr-alg1,0,0,,,,5,20,4,true
3,A100-SXM4-80GB-suitesparse_all-fp64-n2-row-major-AlphaSparse-SpMM-CSR-pre-plus-solve,AlphaSparse-SpMM-CSR-best-pre-plus-solve,AlphaSparseLib CSR PER MATRIX BEST,per-matrix-best,AlphaSparse-SpMM-CSR,best,pre-plus-solve,"csr-alg1,csr-alg2,csr-alg3,csr-alg4,csr-alg5",manual-selection,csr,ALPHASPARSE_SPMM_CSR_ALG5,workspace-setup,spmm.csr.fp64,fp64,A100-SXM4-80GB,A100-SXM4-80GB,,9700.0,752b02ae-c4ef-54eb-ad5c-0957985c94ee,suitesparse_all,Kamvar/Stanford_Berkeley,Stanford_Berkeley,683446,683446,7583376,2,row-major,N,N,1.0,0.0,20260922,main,pass,pass,0,0,30333504.0,0.44349,0.284876799583,0.728366799583,0.307051299583,106.47937650381462,41.64591798715475,98.78969423414037,1.097725530967161,0.429339360692317,1.0184504560220657,AlphaSparse 248af573c867cf4c7e05d40c611c7c34ebac4715,CUDA,13040,13000,2026-10-08T07:58:23.483544+00:00,derived,csr-alg5,0,0,,,,5,20,4,true
3,A100-SXM4-80GB-suitesparse_all-fp64-n2-row-major-AlphaSparse-SpMM-CSR-pre-plus-solve,AlphaSparse-SpMM-CSR-best-pre-plus-solve,AlphaSparseLib CSR PER MATRIX BEST,per-matrix-best,AlphaSparse-SpMM-CSR,best,pre-plus-solve,"csr-alg1,csr-alg2,csr-alg3,csr-alg4,csr-alg5",manual-selection,csr,ALPHASPARSE_SPMM_CSR_ALG1,workspace-setup,spmm.csr.fp64,fp64,A100-SXM4-80GB,A100-SXM4-80GB,,9700.0,d94c6f41-d28e-5f45-abb9-189a8a3b4f78,suitesparse_all,Kemelmacher/Kemelmacher,Kemelmacher,28452,9693,100875,2,row-major,N,N,1.0,0.0,20260922,main,pass,pass,0,0,403500.0,0.01524,0.00573440007865,0.0209744000787,0.00649640007865,70.36481488312766,19.237737360114718,62.111322442421105,0.7254104627126563,0.19832718927953316,0.6403229117775372,AlphaSparse 248af573c867cf4c7e05d40c611c7c34ebac4715,CUDA,13040,13000,2026-10-06T01:51:59.181187+00:00,derived,csr-alg1,0,0,,,,5,20,4,true
3,A100-SXM4-80GB-suitesparse_all-fp64-n2-row-major-AlphaSparse-SpMM-CSR-pre-plus-solve,AlphaSparse-SpMM-CSR-best-pre-plus-solve,AlphaSparseLib CSR PER MATRIX BEST,per-matrix-best,AlphaSparse-SpMM-CSR,best,pre-plus-solve,"csr-alg1,csr-alg2,csr-alg3,csr-alg4,csr-alg5",manual-selection,csr,ALPHASPARSE_SPMM_CSR_ALG1,workspace-setup,spmm.csr.fp64,fp64,A100-SXM4-80GB,A100-SXM4-80GB,,9700.0,a0827285-e98d-55a9-b486-73107367c8f5,suitesparse_all,Kim/kim1,kim1,38415,38415,933195,2,row-major,N,N,1.0,0.0,20260922,main,pass,pass,0,0,3732780.0,0.02194,0.0140911996365,0.0360311996365,0.0151881996365,264.9015056412298,103.59854897028332,245.76843137019694,2.73094335712608,1.0680262780441578,2.533695168764917,AlphaSparse 248af573c867cf4c7e05d40c611c7c34ebac4715,CUDA,13040,13000,2026-10-06T07:04:45.704147+00:00,derived,csr-alg1,0,0,,,,5,20,4,true
3,A100-SXM4-80GB-suitesparse_all-fp64-n2-row-major-AlphaSparse-SpMM-CSR-pre-plus-solve,AlphaSparse-SpMM-CSR-best-pre-plus-solve,AlphaSparseLib CSR PER MATRIX BEST,per-matrix-best,AlphaSparse-SpMM-CSR,best,pre-plus-solve,"csr-alg1,csr-alg2,csr-alg3,csr-alg4,csr-alg5",manual-selection,csr,ALPHASPARSE_SPMM_CSR_ALG1,workspace-setup,spmm.csr.fp64,fp64,A100-SXM4-80GB,A100-SXM4-80GB,,9700.0,dd6a9a30-d69d-5ea7-834e-7b0f3242a57c,suitesparse_all,Kim/kim2,kim2,456976,456976,11330020,2,row-major,N,N,1.0,0.0,20260922,main,pass,pass,0,0,45320080.0,0.0518,0.168857598305,0.220657598305,0.171447598305,268.39230484695366,205.38644645881232,264.33779445178914,2.766930977803646,2.1173860459671374,2.7251319015648363,AlphaSparse 248af573c867cf4c7e05d40c611c7c34ebac4715,CUDA,13040,13000,2026-10-06T19:50:12.109552+00:00,derived,csr-alg1,0,0,,,,5,20,4,true
3,A100-SXM4-80GB-suitesparse_all-fp64-n2-row-major-AlphaSparse-SpMM-CSR-pre-plus-solve,AlphaSparse-SpMM-CSR-best-pre-plus-solve,AlphaSparseLib CSR PER MATRIX BEST,per-matrix-best,AlphaSparse-SpMM-CSR,best,pre-plus-solve,"csr-alg1,csr-alg2,csr-alg3,csr-alg4,csr-alg5",manual-selection,csr,ALPHASPARSE_SPMM_CSR_ALG5,workspace-setup,spmm.csr.fp64,fp64,A100-SXM4-80GB,A100-SXM4-80GB,,9700.0,152f8cc9-7213-5fba-8430-8cd9341fa530,suitesparse_all,Koutsovasilis/F2,F2,71505,71505,5294285,2,row-major,N,N,1.0,0.0,20260922,main,pass,pass,0,0,21177140.0,0.02669,0.150323200226,0.177013200226,0.151657700226,140.87738930625287,119.63593660225496,139.63774980394578,1.4523442196520913,1.2333601711572675,1.4395644309685132,AlphaSparse 248af573c867cf4c7e05d40c611c7c34ebac4715,CUDA,13040,13000,2026-10-08T02:23:32.322772+00:00,derived,csr-alg5,0,0,,,,5,20,4,true
3,A100-SXM4-80GB-suitesparse_all-fp64-n2-row-major-AlphaSparse-SpMM-CSR-pre-plus-solve,AlphaSparse-SpMM-CSR-best-pre-plus-solve,AlphaSparseLib CSR PER MATRIX BEST,per-matrix-best,AlphaSparse-SpMM-CSR,best,pre-plus-solve,"csr-alg1,csr-alg2,csr-alg3,csr-alg4,csr-alg5",manual-selection,csr,ALPHASPARSE_SPMM_CSR_ALG2,workspace-setup,spmm.csr.fp64,fp64,A100-SXM4-80GB,A100-SXM4-80GB,,9700.0,005fdebf-9ece-5bc0-9d3c-6fda0356699d,suitesparse_all,Langemyr/comsol,comsol,1500,1500,97645,2,row-major,N,N,1.0,0.0,20260922,main,pass,pass,0,0,390580.0,0.01481,0.014008000493,0.028818000493,0.014748500493,27.882637510983702,13.55333448949289,26.482692269995777,0.2874498712472547,0.13972509782982362,0.27301744608243067,AlphaSparse 248af573c867cf4c7e05d40c611c7c34ebac4715,CUDA,13040,13000,2026-10-08T14:20:20.592150+00:00,derived,csr-alg2,0,0,,,,5,20,4,true
3,A100-SXM4-80GB-suitesparse_all-fp64-n2-row-major-AlphaSparse-SpMM-CSR-pre-plus-solve,AlphaSparse-SpMM-CSR-best-pre-plus-solve,AlphaSparseLib CSR PER MATRIX BEST,per-matrix-best,AlphaSparse-SpMM-CSR,best,pre-plus-solve,"csr-alg1,csr-alg2,csr-alg3,csr-alg4,csr-alg5",manual-selection,csr,ALPHASPARSE_SPMM_CSR_ALG1,workspace-setup,spmm.csr.fp64,fp64,A100-SXM4-80GB,A100-SXM4-80GB,,9700.0,152f8cc9-7213-5fba-8430-8cd9341fa530,suitesparse_all,LAW/amazon-2008,amazon-2008,735323,735323,5158388,2,row-major,N,N,1.0,0.0,20260922,main,pass,pass,0,0,20633552.0,0.35146,0.151193594933,0.502653594933,0.168766594933,136.47107213201434,41.04924784781515,122.26087756401957,1.4069182694022095,0.42318812214242424,1.2604214181857687,AlphaSparse 248af573c867cf4c7e05d40c611c7c34ebac4715,CUDA,13040,13000,2026-10-07T22:30:59.872906+00:00,derived,csr-alg1,0,0,,,,5,20,4,true
3,A100-SXM4-80GB-suitesparse_all-fp64-n2-row-major-AlphaSparse-SpMM-CSR-pre-plus-solve,AlphaSparse-SpMM-CSR-best-pre-plus-solve,AlphaSparseLib CSR PER MATRIX BEST,per-matrix-best,AlphaSparse-SpMM-CSR,best,pre-plus-solve,"csr-alg1,csr-alg2,csr-alg3,csr-alg4,csr-alg5",manual-selection,csr,ALPHASPARSE_SPMM_CSR_ALG1,workspace-setup,spmm.csr.fp64,fp64,A100-SXM4-80GB,A100-SXM4-80GB,,9700.0,152f8cc9-7213-5fba-8430-8cd9341fa530,suitesparse_all,LAW/arabic-2005,arabic-2005,22744080,22744080,639999458,2,row-major,N,N,1.0,0.0,20260922,main,pass,pass,0,0,2559997832.0,0.3554,13.2270706177,13.5824706177,13.2448406177,193.54231227693762,188.4780688326274,193.28264536297232,1.9952815698653363,1.943072874563169,1.9926045913708488,AlphaSparse 248af573c867cf4c7e05d40c611c7c34ebac4715,CUDA,13040,13000,2026-10-07T22:35:01.556067+00:00,derived,csr-alg1,0,0,,,,5,20,4,true
3,A100-SXM4-80GB-suitesparse_all-fp64-n2-row-major-AlphaSparse-SpMM-CSR-pre-plus-solve,AlphaSparse-SpMM-CSR-best-pre-plus-solve,AlphaSparseLib CSR PER MATRIX BEST,per-matrix-best,AlphaSparse-SpMM-CSR,best,pre-plus-solve,"csr-alg1,csr-alg2,csr-alg3,csr-alg4,csr-alg5",manual-selection,csr,ALPHASPARSE_SPMM_CSR_ALG5,workspace-setup,spmm.csr.fp64,fp64,A100-SXM4-80GB,A100-SXM4-80GB,,9700.0,d94c6f41-d28e-5f45-abb9-189a8a3b4f78,suitesparse_all,LAW/cnr-2000,cnr-2000,325557,325557,3216152,2,row-major,N,N,1.0,0.0,20260922,main,pass,pass,0,0,12864608.0,0.02644,0.108902394772,0.135342394772,0.110224394772,118.12970712842058,95.05231543798178,116.71289306337803,1.2178320322517584,0.9799207777111524,1.2032257016843095,AlphaSparse 248af573c867cf4c7e05d40c611c7c34ebac4715,CUDA,13040,13000,2026-10-06T03:44:12.338192+00:00,derived,csr-alg5,0,0,,,,5,20,4,true
3,A100-SXM4-80GB-suitesparse_all-fp64-n2-row-major-AlphaSparse-SpMM-CSR-pre-plus-solve,AlphaSparse-SpMM-CSR-best-pre-plus-solve,AlphaSparseLib CSR PER MATRIX BEST,per-matrix-best,AlphaSparse-SpMM-CSR,best,pre-plus-solve,"csr-alg1,csr-alg2,csr-alg3,csr-alg4,csr-alg5",manual-selection,csr,ALPHASPARSE_SPMM_CSR_ALG5,workspace-setup,spmm.csr.fp64,fp64,A100-SXM4-80GB,A100-SXM4-80GB,,9700.0,005fdebf-9ece-5bc0-9d3c-6fda0356699d,suitesparse_all,LAW/dblp-2010,dblp-2010,326186,326186,1615400,2,row-major,N,N,1.0,0.0,20260922,main,pass,pass,0,0,6461600.0,0.01628,0.061747199297,0.078027199297,0.062561199297,104.64604182159138,82.81214830491085,103.28446501360233,1.078825173418468,0.8537334876794932,1.0647882991093023,AlphaSparse 248af573c867cf4c7e05d40c611c7c34ebac4715,CUDA,13040,13000,2026-10-08T15:42:21.769275+00:00,derived,csr-alg5,0,0,,,,5,20,4,true
3,A100-SXM4-80GB-suitesparse_all-fp64-n2-row-major-AlphaSparse-SpMM-CSR-pre-plus-solve,AlphaSparse-SpMM-CSR-best-pre-plus-solve,AlphaSparseLib CSR PER MATRIX BEST,per-matrix-best,AlphaSparse-SpMM-CSR,best,pre-plus-solve,"csr-alg1,csr-alg2,csr-alg3,csr-alg4,csr-alg5",manual-selection,csr,ALPHASPARSE_SPMM_CSR_ALG3,workspace-setup,spmm.csr.fp64,fp64,A100-SXM4-80GB,A100-SXM4-80GB,,9700.0,752b02ae-c4ef-54eb-ad5c-0957985c94ee,suitesparse_all,LAW/enron,enron,69244,69244,276143,2,row-major,N,N,1.0,0.0,20260922,main,pass,pass,0,0,1104572.0,0.01476,0.027084800601,0.041844800601,0.027822800601,40.78198751661543,26.396875696274748,39.700244983975466,0.42043286099603533,0.2721327391368531,0.40928087612345837,AlphaSparse 248af573c867cf4c7e05d40c611c7c34ebac4715,CUDA,13040,13000,2026-10-08T06:02:04.084907+00:00,derived,csr-alg3,0,0,,,,5,20,4,true
3,A100-SXM4-80GB-suitesparse_all-fp64-n2-row-major-AlphaSparse-SpMM-CSR-pre-plus-solve,AlphaSparse-SpMM-CSR-best-pre-plus-solve,AlphaSparseLib CSR PER MATRIX BEST,per-matrix-best,AlphaSparse-SpMM-CSR,best,pre-plus-solve,"csr-alg1,csr-alg2,csr-alg3,csr-alg4,csr-alg5",manual-selection,csr,ALPHASPARSE_SPMM_CSR_ALG5,workspace-setup,spmm.csr.fp64,fp64,A100-SXM4-80GB,A100-SXM4-80GB,,9700.0,dd6a9a30-d69d-5ea7-834e-7b0f3242a57c,suitesparse_all,LAW/hollywood-2009,hollywood-2009,1139905,1139905,113891327,2,row-major,N,N,1.0,0.0,20260922,main,pass,pass,0,0,455565308.0,0.55207,3.15147037506,3.70354037506,3.17907387506,144.5564304222046,123.00805765958998,143.30126505518905,1.490272478579429,1.2681243057689688,1.4773326294349387,AlphaSparse 248af573c867cf4c7e05d40c611c7c34ebac4715,CUDA,13040,13000,2026-10-06T22:27:49.302483+00:00,derived,csr-alg5,0,0,,,,5,20,4,true
3,A100-SXM4-80GB-suitesparse_all-fp64-n2-row-major-AlphaSparse-SpMM-CSR-pre-plus-solve,AlphaSparse-SpMM-CSR-best-pre-plus-solve,AlphaSparseLib CSR PER MATRIX BEST,per-matrix-best,AlphaSparse-SpMM-CSR,best,pre-plus-solve,"csr-alg1,csr-alg2,csr-alg3,csr-alg4,csr-alg5",manual-selection,csr,ALPHASPARSE_SPMM_CSR_ALG5,workspace-setup,spmm.csr.fp64,fp64,A100-SXM4-80GB,A100-SXM4-80GB,,9700.0,018f64fd-81d1-5f6a-986f-7d386c913e5c,suitesparse_all,LAW/in-2004,in-2004,1382908,1382908,16917053,2,row-major,N,N,1.0,0.0,20260922,main,pass,pass,0,0,67668212.0,0.37487,0.545843219757,0.920713219757,0.564586719757,123.97005138238178,73.4954278356722,119.85441674774891,1.2780417668286783,0.7576848230481671,1.235612543791226,AlphaSparse 248af573c867cf4c7e05d40c611c7c34ebac4715,CUDA,13040,13000,2026-10-06T23:15:08.041609+00:00,derived,csr-alg5,0,0,,,,5,20,4,true
3,A100-SXM4-80GB-suitesparse_all-fp64-n2-row-major-AlphaSparse-SpMM-CSR-pre-plus-solve,AlphaSparse-SpMM-CSR-best-pre-plus-solve,AlphaSparseLib CSR PER MATRIX BEST,per-matrix-best,AlphaSparse-SpMM-CSR,best,pre-plus-solve,"csr-alg1,csr-alg2,csr-alg3,csr-alg4,csr-alg5",manual-selection,csr,ALPHASPARSE_SPMM_CSR_ALG1,workspace-setup,spmm.csr.fp64,fp64,A100-SXM4-80GB,A100-SXM4-80GB,,9700.0,752b02ae-c4ef-54eb-ad5c-0957985c94ee,suitesparse_all,LAW/it-2004,it-2004,41291594,41291594,1150725436,2,row-major,N,N,1.0,0.0,20260922,main,pass,pass,0,0,4602901744.0,0.444151,23.5600387573,24.0041897573,23.5822463073,195.36902258167152,191.75409753625178,195.18504234158343,2.014113634862593,1.9768463663531113,2.01221693135653,AlphaSparse 248af573c867cf4c7e05d40c611c7c34ebac4715,CUDA,13040,13000,2026-10-08T03:48:08.338441+00:00,derived,csr-alg1,0,0,,,,5,20,4,true
3,A100-SXM4-80GB-suitesparse_all-fp64-n2-row-major-AlphaSparse-SpMM-CSR-pre-plus-solve,AlphaSparse-SpMM-CSR-best-pre-plus-solve,AlphaSparseLib CSR PER MATRIX BEST,per-matrix-best,AlphaSparse-SpMM-CSR,best,pre-plus-solve,"csr-alg1,csr-alg2,csr-alg3,csr-alg4,csr-alg5",manual-selection,csr,ALPHASPARSE_SPMM_CSR_ALG5,workspace-setup,spmm.csr.fp64,fp64,A100-SXM4-80GB,A100-SXM4-80GB,,9700.0,a0827285-e98d-55a9-b486-73107367c8f5,suitesparse_all,LAW/ljournal-2008,ljournal-2008,5363260,5363260,79023142,2,row-major,N,N,1.0,0.0,20260922,main,pass,pass,0,0,316092568.0,0.44328,2.79505119324,3.23833119324,2.81721519324,113.09008177184337,97.60970979739245,112.20036323759521,1.1658771316684884,1.0062856680143553,1.1567047756453115,AlphaSparse 248af573c867cf4c7e05d40c611c7c34ebac4715,CUDA,13040,13000,2026-10-06T09:03:16.588458+00:00,derived,csr-alg5,0,0,,,,5,20,4,true
3,A100-SXM4-80GB-suitesparse_all-fp64-n2-row-major-AlphaSparse-SpMM-CSR-pre-plus-solve,AlphaSparse-SpMM-CSR-best-pre-plus-solve,AlphaSparseLib CSR PER MATRIX BEST,per-matrix-best,AlphaSparse-SpMM-CSR,best,pre-plus-solve,"csr-alg1,csr-alg2,csr-alg3,csr-alg4,csr-alg5",manual-selection,csr,ALPHASPARSE_SPMM_CSR_ALG1,workspace-setup,spmm.csr.fp64,fp64,A100-SXM4-80GB,A100-SXM4-80GB,,9700.0,a0827285-e98d-55a9-b486-73107367c8f5,suitesparse_all,LAW/sk-2005,sk-2005,50636154,50636154,1949412601,2,row-major,N,N,1.0,0.0,20260922,main,pass,pass,0,0,7797650404.0,0.41571,31.7382659912,32.1539759912,31.7590514912,245.6860877705807,242.50967924259461,245.52529240870504,2.5328462656760897,2.50009978600613,2.5311885815330415,AlphaSparse 248af573c867cf4c7e05d40c611c7c34ebac4715,CUDA,13040,13000,2026-10-06T07:23:46.277189+00:00,derived,csr-alg1,0,0,,,,5,20,4,true
3,A100-SXM4-80GB-suitesparse_all-fp64-n2-row-major-AlphaSparse-SpMM-CSR-pre-plus-solve,AlphaSparse-SpMM-CSR-best-pre-plus-solve,AlphaSparseLib CSR PER MATRIX BEST,per-matrix-best,AlphaSparse-SpMM-CSR,best,pre-plus-solve,"csr-alg1,csr-alg2,csr-alg3,csr-alg4,csr-alg5",manual-selection,csr,ALPHASPARSE_SPMM_CSR_ALG1,workspace-setup,spmm.csr.fp64,fp64,A100-SXM4-80GB,A100-SXM4-80GB,,9700.0,018f64fd-81d1-5f6a-986f-7d386c913e5c,suitesparse_all,LAW/uk-2002,uk-2002,18520486,18520486,298113762,2,row-major,N,N,1.0,0.0,20260922,main,pass,pass,0,0,1192455048.0,0.41072,7.36860122681,7.77932122681,7.38913722681,161.82922800345858,153.28523057904113,161.37946980784392,1.6683425567366863,1.5802601090622796,1.6637058743076694,AlphaSparse 248af573c867cf4c7e05d40c611c7c34ebac4715,CUDA,13040,13000,2026-10-06T20:36:33.229993+00:00,derived,csr-alg1,0,0,,,,5,20,4,true
3,A100-SXM4-80GB-suitesparse_all-fp64-n2-row-major-AlphaSparse-SpMM-CSR-pre-plus-solve,AlphaSparse-SpMM-CSR-best-pre-plus-solve,AlphaSparseLib CSR PER MATRIX BEST,per-matrix-best,AlphaSparse-SpMM-CSR,best,pre-plus-solve,"csr-alg1,csr-alg2,csr-alg3,csr-alg4,csr-alg5",manual-selection,csr,ALPHASPARSE_SPMM_CSR_ALG1,workspace-setup,spmm.csr.fp64,fp64,A100-SXM4-80GB,A100-SXM4-80GB,,9700.0,dd6a9a30-d69d-5ea7-834e-7b0f3242a57c,suitesparse_all,LAW/uk-2005,uk-2005,39459925,39459925,936364282,2,row-major,N,N,1.0,0.0,20260922,main,pass,pass,0,0,3745457128.0,0.36456,17.479208374,17.843768374,17.497436374,214.28070698964254,209.9028102974859,214.05747950399723,2.2090794535014697,2.163946497912226,2.2067781392164663,AlphaSparse 248af573c867cf4c7e05d40c611c7c34ebac4715,CUDA,13040,13000,2026-10-06T20:03:47.971669+00:00,derived,csr-alg1,0,0,,,,5,20,4,true
3,A100-SXM4-80GB-suitesparse_all-fp64-n2-row-major-AlphaSparse-SpMM-CSR-pre-plus-solve,AlphaSparse-SpMM-CSR-best-pre-plus-solve,AlphaSparseLib CSR PER MATRIX BEST,per-matrix-best,AlphaSparse-SpMM-CSR,best,pre-plus-solve,"csr-alg1,csr-alg2,csr-alg3,csr-alg4,csr-alg5",manual-selection,csr,ALPHASPARSE_SPMM_CSR_ALG5,workspace-setup,spmm.csr.fp64,fp64,A100-SXM4-80GB,A100-SXM4-80GB,,9700.0,d94c6f41-d28e-5f45-abb9-189a8a3b4f78,suitesparse_all,LAW/webbase-2001,webbase-2001,118142155,118142155,1019903190,2,row-major,N,N,1.0,0.0,20260922,main,pass,pass,0,0,4079612760.0,0.65105,30.2476287842,30.8986787842,30.2801812842,134.8738041287721,132.03194830732065,134.7288089760782,1.3904515889564133,1.3611541062610377,1.3889567935678166,AlphaSparse 248af573c867cf4c7e05d40c611c7c34ebac4715,CUDA,13040,13000,2026-10-06T03:51:00.543311+00:00,derived,csr-alg5,0,0,,,,5,20,4,true
3,A100-SXM4-80GB-suitesparse_all-fp64-n2-row-major-AlphaSparse-SpMM-CSR-pre-plus-solve,AlphaSparse-SpMM-CSR-best-pre-plus-solve,AlphaSparseLib CSR PER MATRIX BEST,per-matrix-best,AlphaSparse-SpMM-CSR,best,pre-plus-solve,"csr-alg1,csr-alg2,csr-alg3,csr-alg4,csr-alg5",manual-selection,csr,ALPHASPARSE_SPMM_CSR_ALG5,workspace-setup,spmm.csr.fp64,fp64,A100-SXM4-80GB,A100-SXM4-80GB,,9700.0,a0827285-e98d-55a9-b486-73107367c8f5,suitesparse_all,Lee/fem_filter,fem_filter,74062,74062,1731206,2,row-major,N,N,1.0,0.0,20260922,main,pass,pass,0,0,6924824.0,0.02224,0.047678399086,0.069918399086,0.048790399086,145.24027930361788,99.0415125421054,141.93005447227466,1.497322467047607,1.021046521052633,1.4631964378585016,AlphaSparse 248af573c867cf4c7e05d40c611c7c34ebac4715,CUDA,13040,13000,2026-10-06T09:00:29.940878+00:00,derived,csr-alg5,0,0,,,,5,20,4,true
3,A100-SXM4-80GB-suitesparse_all-fp64-n2-row-major-AlphaSparse-SpMM-CSR-pre-plus-solve,AlphaSparse-SpMM-CSR-best-pre-plus-solve,AlphaSparseLib CSR PER MATRIX BEST,per-matrix-best,AlphaSparse-SpMM-CSR,best,pre-plus-solve,"csr-alg1,csr-alg2,csr-alg3,csr-alg4,csr-alg5",manual-selection,csr,ALPHASPARSE_SPMM_CSR_ALG4,workspace-setup,spmm.csr.fp64,fp64,A100-SXM4-80GB,A100-SXM4-80GB,,9700.0,a0827285-e98d-55a9-b486-73107367c8f5,suitesparse_all,Lee/fem_hifreq_circuit,fem_hifreq_circuit,491100,491100,20239237,2,row-major,N,N,1.0,0.0,20260922,main,pass,pass,0,0,80956948.0,0.04132,0.432128000259,0.473448000259,0.434194000259,187.34483290015388,170.99438154921438,186.4534009030723,1.9313900298984936,1.7628286757650966,1.9222000093100235,AlphaSparse 248af573c867cf4c7e05d40c611c7c34ebac4715,CUDA,13040,13000,2026-10-06T08:34:30.457383+00:00,derived,csr-alg4,0,0,,,,5,20,4,true
3,A100-SXM4-80GB-suitesparse_all-fp64-n2-row-major-AlphaSparse-SpMM-CSR-pre-plus-solve,AlphaSparse-SpMM-CSR-best-pre-plus-solve,AlphaSparseLib CSR PER MATRIX BEST,per-matrix-best,AlphaSparse-SpMM-CSR,best,pre-plus-solve,"csr-alg1,csr-alg2,csr-alg3,csr-alg4,csr-alg5",manual-selection,csr,ALPHASPARSE_SPMM_CSR_ALG3,workspace-setup,spmm.csr.fp64,fp64,A100-SXM4-80GB,A100-SXM4-80GB,,9700.0,dd6a9a30-d69d-5ea7-834e-7b0f3242a57c,suitesparse_all,LeGresley/LeGresley_2508,LeGresley_2508,2508,2508,16727,2,row-major,N,N,1.0,0.0,20260922,main,pass,pass,0,0,66908.0,0.0127,0.0142335996032,0.0269335996032,0.0148685996032,4.700708314498163,2.4841833615158744,4.49995304101135,0.04846091045874395,0.025610137747586335,0.04639126846403454,AlphaSparse 248af573c867cf4c7e05d40c611c7c34ebac4715,CUDA,13040,13000,2026-10-06T21:22:11.181142+00:00,derived,csr-alg3,0,0,,,,5,20,4,true
3,A100-SXM4-80GB-suitesparse_all-fp64-n2-row-major-AlphaSparse-SpMM-CSR-pre-plus-solve,AlphaSparse-SpMM-CSR-best-pre-plus-solve,AlphaSparseLib CSR PER MATRIX BEST,per-matrix-best,AlphaSparse-SpMM-CSR,best,pre-plus-solve,"csr-alg1,csr-alg2,csr-alg3,csr-alg4,csr-alg5",manual-selection,csr,ALPHASPARSE_SPMM_CSR_ALG3,workspace-setup,spmm.csr.fp64,fp64,A100-SXM4-80GB,A100-SXM4-80GB,,9700.0,005fdebf-9ece-5bc0-9d3c-6fda0356699d,suitesparse_all,LeGresley/LeGresley_4908,LeGresley_4908,4908,4908,30482,2,row-major,N,N,1.0,0.0,20260922,main,pass,pass,0,0,121928.0,0.013449,0.015513600409,0.028962600409,0.016186050409,7.8594263604511285,4.209842979503713,7.532906232159257,0.08102501402526936,0.04340044308766714,0.07765882713566244,AlphaSparse 248af573c867cf4c7e05d40c611c7c34ebac4715,CUDA,13040,13000,2026-10-08T14:57:06.598535+00:00,derived,csr-alg3,0,0,,,,5,20,4,true
3,A100-SXM4-80GB-suitesparse_all-fp64-n2-row-major-AlphaSparse-SpMM-CSR-pre-plus-solve,AlphaSparse-SpMM-CSR-best-pre-plus-solve,AlphaSparseLib CSR PER MATRIX BEST,per-matrix-best,AlphaSparse-SpMM-CSR,best,pre-plus-solve,"csr-alg1,csr-alg2,csr-alg3,csr-alg4,csr-alg5",manual-selection,csr,ALPHASPARSE_SPMM_CSR_ALG1,workspace-setup,spmm.csr.fp64,fp64,A100-SXM4-80GB,A100-SXM4-80GB,,9700.0,d94c6f41-d28e-5f45-abb9-189a8a3b4f78,suitesparse_all,LeGresley/LeGresley_87936,LeGresley_87936,87936,87936,593276,2,row-major,N,N,1.0,0.0,20260922,main,pass,pass,0,0,2373104.0,0.0156,0.0304127991199,0.0460127991199,0.0311927991199,78.02977919408961,51.57486711069616,76.07858438347189,0.80443071334113,0.531699660935012,0.7843153029223906,AlphaSparse 248af573c867cf4c7e05d40c611c7c34ebac4715,CUDA,13040,13000,2026-10-06T02:10:09.406486+00:00,derived,csr-alg1,0,0,,,,5,20,4,true
3,A100-SXM4-80GB-suitesparse_all-fp64-n2-row-major-AlphaSparse-SpMM-CSR-pre-plus-solve,AlphaSparse-SpMM-CSR-best-pre-plus-solve,AlphaSparseLib CSR PER MATRIX BEST,per-matrix-best,AlphaSparse-SpMM-CSR,best,pre-plus-solve,"csr-alg1,csr-alg2,csr-alg3,csr-alg4,csr-alg5",manual-selection,csr,ALPHASPARSE_SPMM_CSR_ALG5,workspace-setup,spmm.csr.fp64,fp64,A100-SXM4-80GB,A100-SXM4-80GB,,9700.0,752b02ae-c4ef-54eb-ad5c-0957985c94ee,suitesparse_all,Li/li,li,22695,22695,1350309,2,row-major,N,N,1.0,0.0,20260922,main,pass,pass,0,0,5401236.0,0.01354,0.0424448013306,0.0559848013306,0.0431218013306,127.25318132437698,96.47682713214897,125.25534261870426,1.3118884672616185,0.9946064652798863,1.2912921919454048,AlphaSparse 248af573c867cf4c7e05d40c611c7c34ebac4715,CUDA,13040,13000,2026-10-08T07:56:20.772944+00:00,derived,csr-alg5,0,0,,,,5,20,4,true
3,A100-SXM4-80GB-suitesparse_all-fp64-n2-row-major-AlphaSparse-SpMM-CSR-pre-plus-solve,AlphaSparse-SpMM-CSR-best-pre-plus-solve,AlphaSparseLib CSR PER MATRIX BEST,per-matrix-best,AlphaSparse-SpMM-CSR,best,pre-plus-solve,"csr-alg1,csr-alg2,csr-alg3,csr-alg4,csr-alg5",manual-selection,csr,ALPHASPARSE_SPMM_CSR_ALG1,workspace-setup,spmm.csr.fp64,fp64,A100-SXM4-80GB,A100-SXM4-80GB,,9700.0,152f8cc9-7213-5fba-8430-8cd9341fa530,suitesparse_all,Li/pli,pli,22695,22695,1350309,2,row-major,N,N,1.0,0.0,20260922,main,pass,pass,0,0,5401236.0,0.02483,0.0383487999439,0.0631787999439,0.0395902999439,140.84498101378406,85.4912724647518,136.42826671315007,1.4520101135441656,0.8813533243788845,1.4064769764242275,AlphaSparse 248af573c867cf4c7e05d40c611c7c34ebac4715,CUDA,13040,13000,2026-10-07T22:25:34.741966+00:00,derived,csr-alg1,0,0,,,,5,20,4,true
3,A100-SXM4-80GB-suitesparse_all-fp64-n2-row-major-AlphaSparse-SpMM-CSR-pre-plus-solve,AlphaSparse-SpMM-CSR-best-pre-plus-solve,AlphaSparseLib CSR PER MATRIX BEST,per-matrix-best,AlphaSparse-SpMM-CSR,best,pre-plus-solve,"csr-alg1,csr-alg2,csr-alg3,csr-alg4,csr-alg5",manual-selection,csr,ALPHASPARSE_SPMM_CSR_ALG1,workspace-setup,spmm.csr.fp64,fp64,A100-SXM4-80GB,A100-SXM4-80GB,,9700.0,152f8cc9-7213-5fba-8430-8cd9341fa530,suitesparse_all,Lin/Lin,Lin,256000,256000,1766400,2,row-major,N,N,1.0,0.0,20260922,main,pass,pass,0,0,7065600.0,0.02206,0.0350719988346,0.0571319988346,0.0361749988346,201.45986070886522,123.6715001072388,195.31721430885088,2.076905780503765,1.2749639186313277,2.0135795289572256,AlphaSparse 248af573c867cf4c7e05d40c611c7c34ebac4715,CUDA,13040,13000,2026-10-07T22:26:33.762312+00:00,derived,csr-alg1,0,0,,,,5,20,4,true
3,A100-SXM4-80GB-suitesparse_all-fp64-n2-row-major-AlphaSparse-SpMM-CSR-pre-plus-solve,AlphaSparse-SpMM-CSR-best-pre-plus-solve,AlphaSparseLib CSR PER MATRIX BEST,per-matrix-best,AlphaSparse-SpMM-CSR,best,pre-plus-solve,"csr-alg1,csr-alg2,csr-alg3,csr-alg4,csr-alg5",manual-selection,csr,ALPHASPARSE_SPMM_CSR_ALG5,workspace-setup,spmm.csr.fp64,fp64,A100-SXM4-80GB,A100-SXM4-80GB,,9700.0,752b02ae-c4ef-54eb-ad5c-0957985c94ee,suitesparse_all,LiuWenzhuo/powersim,powersim,15838,15838,67562,2,row-major,N,N,1.0,0.0,20260922,main,pass,pass,0,0,270248.0,0.01371,0.0151040002704,0.0288140002704,0.0157895002704,17.892478493238468,9.379051761779149,17.115677847425232,0.1844585411674069,0.0966912552760737,0.17645028708685806,AlphaSparse 248af573c867cf4c7e05d40c611c7c34ebac4715,CUDA,13040,13000,2026-10-08T07:58:44.833560+00:00,derived,csr-alg5,0,0,,,,5,20,4,true
3,A100-SXM4-80GB-suitesparse_all-fp64-n2-row-major-AlphaSparse-SpMM-CSR-pre-plus-solve,AlphaSparse-SpMM-CSR-best-pre-plus-solve,AlphaSparseLib CSR PER MATRIX BEST,per-matrix-best,AlphaSparse-SpMM-CSR,best,pre-plus-solve,"csr-alg1,csr-alg2,csr-alg3,csr-alg4,csr-alg5",manual-selection,csr,ALPHASPARSE_SPMM_CSR_ALG5,workspace-setup,spmm.csr.fp64,fp64,A100-SXM4-80GB,A100-SXM4-80GB,,9700.0,018f64fd-81d1-5f6a-986f-7d386c913e5c,suitesparse_all,LPnetlib/lp_25fv47,lp_25fv47,821,1876,10705,2,row-major,N,N,1.0,0.0,20260922,main,pass,pass,0,0,42820.0,0.01287,0.0137728005648,0.0266428005648,0.0144163005648,3.109026359492762,1.6071883995773715,2.970248837940627,0.03205181813910064,0.016568952572962592,0.030621122040625018,AlphaSparse 248af573c867cf4c7e05d40c611c7c34ebac4715,CUDA,13040,13000,2026-10-06T23:06:52.456936+00:00,derived,csr-alg5,0,0,,,,5,20,4,true
3,A100-SXM4-80GB-suitesparse_all-fp64-n2-row-major-AlphaSparse-SpMM-CSR-pre-plus-solve,AlphaSparse-SpMM-CSR-best-pre-plus-solve,AlphaSparseLib CSR PER MATRIX BEST,per-matrix-best,AlphaSparse-SpMM-CSR,best,pre-plus-solve,"csr-alg1,csr-alg2,csr-alg3,csr-alg4,csr-alg5",manual-selection,csr,ALPHASPARSE_SPMM_CSR_ALG2,workspace-setup,spmm.csr.fp64,fp64,A100-SXM4-80GB,A100-SXM4-80GB,,9700.0,752b02ae-c4ef-54eb-ad5c-0957985c94ee,suitesparse_all,LPnetlib/lp_adlittle,lp_adlittle,56,138,424,2,row-major,N,N,1.0,0.0,20260922,main,pass,pass,0,0,1696.0,0.0114,0.0130048006773,0.0244048006773,0.0135748006773,0.13041337903474243,0.06949452373841863,0.12493737774257552,0.0013444678251004374,0.0007164383890558622,0.0012880142035317063,AlphaSparse 248af573c867cf4c7e05d40c611c7c34ebac4715,CUDA,13040,13000,2026-10-08T04:51:29.156285+00:00,derived,csr-alg2,0,0,,,,5,20,4,true
3,A100-SXM4-80GB-suitesparse_all-fp64-n2-row-major-AlphaSparse-SpMM-CSR-pre-plus-solve,AlphaSparse-SpMM-CSR-best-pre-plus-solve,AlphaSparseLib CSR PER MATRIX BEST,per-matrix-best,AlphaSparse-SpMM-CSR,best,pre-plus-solve,"csr-alg1,csr-alg2,csr-alg3,csr-alg4,csr-alg5",manual-selection,csr,ALPHASPARSE_SPMM_CSR_ALG1,workspace-setup,spmm.csr.fp64,fp64,A100-SXM4-80GB,A100-SXM4-80GB,,9700.0,152f8cc9-7213-5fba-8430-8cd9341fa530,suitesparse_all,LPnetlib/lp_afiro,lp_afiro,27,51,102,2,row-major,N,N,1.0,0.0,20260922,main,pass,pass,0,0,408.0,0.01954,0.00665439963341,0.0261943996334,0.00763139963341,0.06131281895838337,0.015575848490902867,0.05346332515647461,0.0006320909170967358,0.0001605757576381739,0.0005511683005822124,AlphaSparse 248af573c867cf4c7e05d40c611c7c34ebac4715,CUDA,13040,13000,2026-10-07T22:25:21.303305+00:00,derived,csr-alg1,0,0,,,,5,20,4,true
3,A100-SXM4-80GB-suitesparse_all-fp64-n2-row-major-AlphaSparse-SpMM-CSR-pre-plus-solve,AlphaSparse-SpMM-CSR-best-pre-plus-solve,AlphaSparseLib CSR PER MATRIX BEST,per-matrix-best,AlphaSparse-SpMM-CSR,best,pre-plus-solve,"csr-alg1,csr-alg2,csr-alg3,csr-alg4,csr-alg5",manual-selection,csr,ALPHASPARSE_SPMM_CSR_ALG1,workspace-setup,spmm.csr.fp64,fp64,A100-SXM4-80GB,A100-SXM4-80GB,,9700.0,a0827285-e98d-55a9-b486-73107367c8f5,suitesparse_all,LPnetlib/lp_agg,lp_agg,488,615,2862,2,row-major,N,N,1.0,0.0,20260922,main,pass,pass,0,0,11448.0,0.01497,0.00921600013971,0.0241860001397,0.00996450013971,1.2421874811690523,0.47333167675000265,1.1488785026333668,0.012806056506897446,0.004879708007731986,0.01184410827457079,AlphaSparse 248af573c867cf4c7e05d40c611c7c34ebac4715,CUDA,13040,13000,2026-10-06T07:04:11.319681+00:00,derived,csr-alg1,0,0,,,,5,20,4,true
3,A100-SXM4-80GB-suitesparse_all-fp64-n2-row-major-AlphaSparse-SpMM-CSR-pre-plus-solve,AlphaSparse-SpMM-CSR-best-pre-plus-solve,AlphaSparseLib CSR PER MATRIX BEST,per-matrix-best,AlphaSparse-SpMM-CSR,best,pre-plus-solve,"csr-alg1,csr-alg2,csr-alg3,csr-alg4,csr-alg5",manual-selection,csr,ALPHASPARSE_SPMM_CSR_ALG5,workspace-setup,spmm.csr.fp64,fp64,A100-SXM4-80GB,A100-SXM4-80GB,,9700.0,dd6a9a30-d69d-5ea7-834e-7b0f3242a57c,suitesparse_all,LPnetlib/lp_agg2,lp_agg2,516,758,4740,2,row-major,N,N,1.0,0.0,20260922,main,pass,pass,0,0,18960.0,0.0127,0.0132607996464,0.0259607996464,0.0138957996464,1.4297780304031065,0.7303318949433515,1.364441088851766,0.014739979694877387,0.007529194793230427,0.014066402977853257,AlphaSparse 248af573c867cf4c7e05d40c611c7c34ebac4715,CUDA,13040,13000,2026-10-06T22:20:44.841803+00:00,derived,csr-alg5,0,0,,,,5,20,4,true
3,A100-SXM4-80GB-suitesparse_all-fp64-n2-row-major-AlphaSparse-SpMM-CSR-pre-plus-solve,AlphaSparse-SpMM-CSR-best-pre-plus-solve,AlphaSparseLib CSR PER MATRIX BEST,per-matrix-best,AlphaSparse-SpMM-CSR,best,pre-plus-solve,"csr-alg1,csr-alg2,csr-alg3,csr-alg4,csr-alg5",manual-selection,csr,ALPHASPARSE_SPMM_CSR_ALG1,workspace-setup,spmm.csr.fp64,fp64,A100-SXM4-80GB,A100-SXM4-80GB,,9700.0,005fdebf-9ece-5bc0-9d3c-6fda0356699d,suitesparse_all,LPnetlib/lp_agg3,lp_agg3,516,758,4756,2,row-major,N,N,1.0,0.0,20260922,main,pass,pass,0,0,19024.0,0.01133,0.0129199996591,0.0242499996591,0.0134864996591,1.4724458592845815,0.7844948563890431,1.4105958166219636,0.015179854219428676,0.0080875758390623,0.01454222491362849,AlphaSparse 248af573c867cf4c7e05d40c611c7c34ebac4715,CUDA,13040,13000,2026-10-08T13:53:37.732111+00:00,derived,csr-alg1,0,0,,,,5,20,4,true
3,A100-SXM4-80GB-suitesparse_all-fp64-n2-row-major-AlphaSparse-SpMM-CSR-pre-plus-solve,AlphaSparse-SpMM-CSR-best-pre-plus-solve,AlphaSparseLib CSR PER MATRIX BEST,per-matrix-best,AlphaSparse-SpMM-CSR,best,pre-plus-solve,"csr-alg1,csr-alg2,csr-alg3,csr-alg4,csr-alg5",manual-selection,csr,ALPHASPARSE_SPMM_CSR_ALG5,workspace-setup,spmm.csr.fp64,fp64,A100-SXM4-80GB,A100-SXM4-80GB,,9700.0,d94c6f41-d28e-5f45-abb9-189a8a3b4f78,suitesparse_all,LPnetlib/lp_bandm,lp_bandm,305,472,2494,2,row-major,N,N,1.0,0.0,20260922,main,pass,pass,0,0,9976.0,0.01328,0.011264000088,0.024544000088,0.011928000088,0.8856534021717419,0.40645371431845145,0.8363514358149793,0.009130447445069505,0.004190244477509809,0.00862217975066989,AlphaSparse 248af573c867cf4c7e05d40c611c7c34ebac4715,CUDA,13040,13000,2026-10-06T03:32:43.571690+00:00,derived,csr-alg5,0,0,,,,5,20,4,true
3,A100-SXM4-80GB-suitesparse_all-fp64-n2-row-major-AlphaSparse-SpMM-CSR-pre-plus-solve,AlphaSparse-SpMM-CSR-best-pre-plus-solve,AlphaSparseLib CSR PER MATRIX BEST,per-matrix-best,AlphaSparse-SpMM-CSR,best,pre-plus-solve,"csr-alg1,csr-alg2,csr-alg3,csr-alg4,csr-alg5",manual-selection,csr,ALPHASPARSE_SPMM_CSR_ALG3,workspace-setup,spmm.csr.fp64,fp64,A100-SXM4-80GB,A100-SXM4-80GB,,9700.0,018f64fd-81d1-5f6a-986f-7d386c913e5c,suitesparse_all,LPnetlib/lp_beaconfd,lp_beaconfd,173,295,3408,2,row-major,N,N,1.0,0.0,20260922,main,pass,pass,0,0,13632.0,0.01206,0.0135680004954,0.0256280004954,0.0141710004954,1.0047169444474664,0.5319182041707399,0.9619645419125514,0.010357906643788313,0.005483692826502473,0.009917160225902593,AlphaSparse 248af573c867cf4c7e05d40c611c7c34ebac4715,CUDA,13040,13000,2026-10-06T21:51:59.124763+00:00,derived,csr-alg3,0,0,,,,5,20,4,true
3,A100-SXM4-80GB-suitesparse_all-fp64-n2-row-major-AlphaSparse-SpMM-CSR-pre-plus-solve,AlphaSparse-SpMM-CSR-best-pre-plus-solve,AlphaSparseLib CSR PER MATRIX BEST,per-matrix-best,AlphaSparse-SpMM-CSR,best,pre-plus-solve,"csr-alg1,csr-alg2,csr-alg3,csr-alg4,csr-alg5",manual-selection,csr,ALPHASPARSE_SPMM_CSR_ALG5,workspace-setup,spmm.csr.fp64,fp64,A100-SXM4-80GB,A100-SXM4-80GB,,9700.0,752b02ae-c4ef-54eb-ad5c-0957985c94ee,suitesparse_all,LPnetlib/lp_bnl1,lp_bnl1,643,1586,5532,2,row-major,N,N,1.0,0.0,20260922,main,pass,pass,0,0,22128.0,0.01276,0.0136191993952,0.0263791993952,0.0142571993952,1.624765109746383,0.8388427438031514,1.5520579734228785,0.016750155770581268,0.008647863338176819,0.016000597664153387,AlphaSparse 248af573c867cf4c7e05d40c611c7c34ebac4715,CUDA,13040,13000,2026-10-08T07:56:06.040673+00:00,derived,csr-alg5,0,0,,,,5,20,4,true
3,A100-SXM4-80GB-suitesparse_all-fp64-n2-row-major-AlphaSparse-SpMM-CSR-pre-plus-solve,AlphaSparse-SpMM-CSR-best-pre-plus-solve,AlphaSparseLib CSR PER MATRIX BEST,per-matrix-best,AlphaSparse-SpMM-CSR,best,pre-plus-solve,"csr-alg1,csr-alg2,csr-alg3,csr-alg4,csr-alg5",manual-selection,csr,ALPHASPARSE_SPMM_CSR_ALG3,workspace-setup,spmm.csr.fp64,fp64,A100-SXM4-80GB,A100-SXM4-80GB,,9700.0,152f8cc9-7213-5fba-8430-8cd9341fa530,suitesparse_all,LPnetlib/lp_bnl2,lp_bnl2,2324,4486,14996,2,row-major,N,N,1.0,0.0,20260922,main,pass,pass,0,0,59984.0,0.01778,0.0145408004522,0.0323208004522,0.0154298004522,4.125219942133551,1.8558946301070653,3.8875421743673555,0.04252804064055207,0.019132934331000672,0.04007775437492119,AlphaSparse 248af573c867cf4c7e05d40c611c7c34ebac4715,CUDA,13040,13000,2026-10-08T00:22:02.489014+00:00,derived,csr-alg3,0,0,,,,5,20,4,true
3,A100-SXM4-80GB-suitesparse_all-fp64-n2-row-major-AlphaSparse-SpMM-CSR-pre-plus-solve,AlphaSparse-SpMM-CSR-best-pre-plus-solve,AlphaSparseLib CSR PER MATRIX BEST,per-matrix-best,AlphaSparse-SpMM-CSR,best,pre-plus-solve,"csr-alg1,csr-alg2,csr-alg3,csr-alg4,csr-alg5",manual-selection,csr,ALPHASPARSE_SPMM_CSR_ALG3,workspace-setup,spmm.csr.fp64,fp64,A100-SXM4-80GB,A100-SXM4-80GB,,9700.0,a0827285-e98d-55a9-b486-73107367c8f5,suitesparse_all,LPnetlib/lp_bore3d,lp_bore3d,233,334,1448,2,row-major,N,N,1.0,0.0,20260922,main,pass,pass,0,0,5792.0,0.0175,0.0131071999669,0.0306071999669,0.0139821999669,0.44189453236592935,0.18923651971639774,0.4142409644913802,0.00455561373573123,0.001950891955839152,0.004270525407127631,AlphaSparse 248af573c867cf4c7e05d40c611c7c34ebac4715,CUDA,13040,13000,2026-10-06T08:01:02.344041+00:00,derived,csr-alg3,0,0,,,,5,20,4,true
3,A100-SXM4-80GB-suitesparse_all-fp64-n2-row-major-AlphaSparse-SpMM-CSR-pre-plus-solve,AlphaSparse-SpMM-CSR-best-pre-plus-solve,AlphaSparseLib CSR PER MATRIX BEST,per-matrix-best,AlphaSparse-SpMM-CSR,best,pre-plus-solve,"csr-alg1,csr-alg2,csr-alg3,csr-alg4,csr-alg5",manual-selection,csr,ALPHASPARSE_SPMM_CSR_ALG5,workspace-setup,spmm.csr.fp64,fp64,A100-SXM4-80GB,A100-SXM4-80GB,,9700.0,dd6a9a30-d69d-5ea7-834e-7b0f3242a57c,suitesparse_all,LPnetlib/lp_brandy,lp_brandy,220,303,2202,2,row-major,N,N,1.0,0.0,20260922,main,pass,pass,0,0,8808.0,0.012969,0.0133632004261,0.0263322004261,0.0140116504261,0.659123542201528,0.33449540325045035,0.6286197365867068,0.006795088063933279,0.0034484062190768077,0.006480615841100069,AlphaSparse 248af573c867cf4c7e05d40c611c7c34ebac4715,CUDA,13040,13000,2026-10-06T22:20:45.677076+00:00,derived,csr-alg5,0,0,,,,5,20,4,true
3,A100-SXM4-80GB-suitesparse_all-fp64-n2-row-major-AlphaSparse-SpMM-CSR-pre-plus-solve,AlphaSparse-SpMM-CSR-best-pre-plus-solve,AlphaSparseLib CSR PER MATRIX BEST,per-matrix-best,AlphaSparse-SpMM-CSR,best,pre-plus-solve,"csr-alg1,csr-alg2,csr-alg3,csr-alg4,csr-alg5",manual-selection,csr,ALPHASPARSE_SPMM_CSR_ALG2,workspace-setup,spmm.csr.fp64,fp64,A100-SXM4-80GB,A100-SXM4-80GB,,9700.0,005fdebf-9ece-5bc0-9d3c-6fda0356699d,suitesparse_all,LPnetlib/lp_capri,lp_capri,271,482,1896,2,row-major,N,N,1.0,0.0,20260922,main,pass,pass,0,0,7584.0,0.01377,0.0113664001226,0.0251364001226,0.0120549001226,0.6672297225328719,0.3017138477669787,0.6291217615135482,0.006878656933328577,0.0031104520388348317,0.006485791355809775,AlphaSparse 248af573c867cf4c7e05d40c611c7c34ebac4715,CUDA,13040,13000,2026-10-08T14:19:48.625752+00:00,derived,csr-alg2,0,0,,,,5,20,4,true
3,A100-SXM4-80GB-suitesparse_all-fp64-n2-row-major-AlphaSparse-SpMM-CSR-pre-plus-solve,AlphaSparse-SpMM-CSR-best-pre-plus-solve,AlphaSparseLib CSR PER MATRIX BEST,per-matrix-best,AlphaSparse-SpMM-CSR,best,pre-plus-solve,"csr-alg1,csr-alg2,csr-alg3,csr-alg4,csr-alg5",manual-selection,csr,ALPHASPARSE_SPMM_CSR_ALG5,workspace-setup,spmm.csr.fp64,fp64,A100-SXM4-80GB,A100-SXM4-80GB,,9700.0,d94c6f41-d28e-5f45-abb9-189a8a3b4f78,suitesparse_all,LPnetlib/lp_cre_a,lp_cre_a,3516,7248,18168,2,row-major,N,N,1.0,0.0,20260922,main,pass,pass,0,0,72672.0,0.01307,0.0120319999754,0.0251019999754,0.0126854999754,6.039893629370129,2.8950681248991583,5.728745429106234,0.06226694463268174,0.029846063143290295,0.059059231227899314,AlphaSparse 248af573c867cf4c7e05d40c611c7c34ebac4715,CUDA,13040,13000,2026-10-06T03:32:44.211848+00:00,derived,csr-alg5,0,0,,,,5,20,4,true
3,A100-SXM4-80GB-suitesparse_all-fp64-n2-row-major-AlphaSparse-SpMM-CSR-pre-plus-solve,AlphaSparse-SpMM-CSR-best-pre-plus-solve,AlphaSparseLib CSR PER MATRIX BEST,per-matrix-best,AlphaSparse-SpMM-CSR,best,pre-plus-solve,"csr-alg1,csr-alg2,csr-alg3,csr-alg4,csr-alg5",manual-selection,csr,ALPHASPARSE_SPMM_CSR_ALG5,workspace-setup,spmm.csr.fp64,fp64,A100-SXM4-80GB,A100-SXM4-80GB,,9700.0,018f64fd-81d1-5f6a-986f-7d386c913e5c,suitesparse_all,LPnetlib/lp_cre_b,lp_cre_b,9648,77137,260785,2,row-major,N,N,1.0,0.0,20260922,main,pass,pass,0,0,1043140.0,0.01394,0.0205311998725,0.0344711998725,0.0212281998725,50.8075517494332,30.261203667360103,49.13935266604175,0.5237891932931258,0.3119711718284547,0.5065912645983686,AlphaSparse 248af573c867cf4c7e05d40c611c7c34ebac4715,CUDA,13040,13000,2026-10-06T23:06:54.104939+00:00,derived,csr-alg5,0,0,,,,5,20,4,true
3,A100-SXM4-80GB-suitesparse_all-fp64-n2-row-major-AlphaSparse-SpMM-CSR-pre-plus-solve,AlphaSparse-SpMM-CSR-best-pre-plus-solve,AlphaSparseLib CSR PER MATRIX BEST,per-matrix-best,AlphaSparse-SpMM-CSR,best,pre-plus-solve,"csr-alg1,csr-alg2,csr-alg3,csr-alg4,csr-alg5",manual-selection,csr,ALPHASPARSE_SPMM_CSR_ALG5,workspace-setup,spmm.csr.fp64,fp64,A100-SXM4-80GB,A100-SXM4-80GB,,9700.0,752b02ae-c4ef-54eb-ad5c-0957985c94ee,suitesparse_all,LPnetlib/lp_cre_d,lp_cre_d,8926,73948,246614,2,row-major,N,N,1.0,0.0,20260922,main,pass,pass,0,0,986456.0,0.01313,0.0205311998725,0.0336611998725,0.0211876998725,48.0466804729364,29.30543188408145,46.557956075276664,0.4953266028137773,0.3021178544750665,0.47997892861109964,AlphaSparse 248af573c867cf4c7e05d40c611c7c34ebac4715,CUDA,13040,13000,2026-10-08T07:56:07.169255+00:00,derived,csr-alg5,0,0,,,,5,20,4,true
3,A100-SXM4-80GB-suitesparse_all-fp64-n2-row-major-AlphaSparse-SpMM-CSR-pre-plus-solve,AlphaSparse-SpMM-CSR-best-pre-plus-solve,AlphaSparseLib CSR PER MATRIX BEST,per-matrix-best,AlphaSparse-SpMM-CSR,best,pre-plus-solve,"csr-alg1,csr-alg2,csr-alg3,csr-alg4,csr-alg5",manual-selection,csr,ALPHASPARSE_SPMM_CSR_ALG3,workspace-setup,spmm.csr.fp64,fp64,A100-SXM4-80GB,A100-SXM4-80GB,,9700.0,152f8cc9-7213-5fba-8430-8cd9341fa530,suitesparse_all,LPnetlib/lp_cycle,lp_cycle,1903,3371,21234,2,row-major,N,N,1.0,0.0,20260922,main,pass,pass,0,0,84936.0,0.017831,0.0144383996725,0.0322693996725,0.0153299496725,5.882646410029277,2.632091109906284,5.540526995490695,0.06064583927865234,0.02713495989594107,0.05711883500505871,AlphaSparse 248af573c867cf4c7e05d40c611c7c34ebac4715,CUDA,13040,13000,2026-10-08T00:22:03.180492+00:00,derived,csr-alg3,0,0,,,,5,20,4,true
3,A100-SXM4-80GB-suitesparse_all-fp64-n2-row-major-AlphaSparse-SpMM-CSR-pre-plus-solve,AlphaSparse-SpMM-CSR-best-pre-plus-solve,AlphaSparseLib CSR PER MATRIX BEST,per-matrix-best,AlphaSparse-SpMM-CSR,best,pre-plus-solve,"csr-alg1,csr-alg2,csr-alg3,csr-alg4,csr-alg5",manual-selection,csr,ALPHASPARSE_SPMM_CSR_ALG2,workspace-setup,spmm.csr.fp64,fp64,A100-SXM4-80GB,A100-SXM4-80GB,,9700.0,a0827285-e98d-55a9-b486-73107367c8f5,suitesparse_all,LPnetlib/lp_czprob,lp_czprob,929,3562,10708,2,row-major,N,N,1.0,0.0,20260922,main,pass,pass,0,0,42832.0,0.017849,0.0120319999754,0.0298809999754,0.0129244499754,3.559840432810179,1.4334192307908744,3.3140288431248615,0.03669938590525958,0.01477751784320489,0.03416524580541094,AlphaSparse 248af573c867cf4c7e05d40c611c7c34ebac4715,CUDA,13040,13000,2026-10-06T07:32:43.844016+00:00,derived,csr-alg2,0,0,,,,5,20,4,true
3,A100-SXM4-80GB-suitesparse_all-fp64-n2-row-major-AlphaSparse-SpMM-CSR-pre-plus-solve,AlphaSparse-SpMM-CSR-best-pre-plus-solve,AlphaSparseLib CSR PER MATRIX BEST,per-matrix-best,AlphaSparse-SpMM-CSR,best,pre-plus-solve,"csr-alg1,csr-alg2,csr-alg3,csr-alg4,csr-alg5",manual-selection,csr,ALPHASPARSE_SPMM_CSR_ALG3,workspace-setup,spmm.csr.fp64,fp64,A100-SXM4-80GB,A100-SXM4-80GB,,9700.0,dd6a9a30-d69d-5ea7-834e-7b0f3242a57c,suitesparse_all,LPnetlib/lp_d2q06c,lp_d2q06c,2171,5831,33081,2,row-major,N,N,1.0,0.0,20260922,main,pass,pass,0,0,132324.0,0.01326,0.0146944001317,0.0279544001317,0.0153574001317,9.005063072601343,4.733566071051046,8.616302164769623,0.09283570177939529,0.04879965021702109,0.088827857368759,AlphaSparse 248af573c867cf4c7e05d40c611c7c34ebac4715,CUDA,13040,13000,2026-10-06T21:06:05.649725+00:00,derived,csr-alg3,0,0,,,,5,20,4,true
3,A100-SXM4-80GB-suitesparse_all-fp64-n2-row-major-AlphaSparse-SpMM-CSR-pre-plus-solve,AlphaSparse-SpMM-CSR-best-pre-plus-solve,AlphaSparseLib CSR PER MATRIX BEST,per-matrix-best,AlphaSparse-SpMM-CSR,best,pre-plus-solve,"csr-alg1,csr-alg2,csr-alg3,csr-alg4,csr-alg5",manual-selection,csr,ALPHASPARSE_SPMM_CSR_ALG5,workspace-setup,spmm.csr.fp64,fp64,A100-SXM4-80GB,A100-SXM4-80GB,,9700.0,005fdebf-9ece-5bc0-9d3c-6fda0356699d,suitesparse_all,LPnetlib/lp_d6cube,lp_d6cube,415,6184,37704,2,row-major,N,N,1.0,0.0,20260922,main,pass,pass,0,0,150816.0,0.01431,0.0150015994906,0.0293115994906,0.0157170994906,10.0533279864258,5.145266809761287,9.595663633114954,0.10364255656109071,0.0530439877294978,0.09892436735170056,AlphaSparse 248af573c867cf4c7e05d40c611c7c34ebac4715,CUDA,13040,13000,2026-10-08T15:31:07.682943+00:00,derived,csr-alg5,0,0,,,,5,20,4,true
3,A100-SXM4-80GB-suitesparse_all-fp64-n2-row-major-AlphaSparse-SpMM-CSR-pre-plus-solve,AlphaSparse-SpMM-CSR-best-pre-plus-solve,AlphaSparseLib CSR PER MATRIX BEST,per-matrix-best,AlphaSparse-SpMM-CSR,best,pre-plus-solve,"csr-alg1,csr-alg2,csr-alg3,csr-alg4,csr-alg5",manual-selection,csr,ALPHASPARSE_SPMM_CSR_ALG5,workspace-setup,spmm.csr.fp64,fp64,A100-SXM4-80GB,A100-SXM4-80GB,,9700.0,d94c6f41-d28e-5f45-abb9-189a8a3b4f78,suitesparse_all,LPnetlib/lp_degen2,lp_degen2,444,757,4201,2,row-major,N,N,1.0,0.0,20260922,main,pass,pass,0,0,16804.0,0.0127,0.0112127996981,0.0239127996981,0.0118477996981,1.4986444467430757,0.702719891110666,1.4183224251077449,0.015449942749928615,0.007244534959903773,0.014621880671213864,AlphaSparse 248af573c867cf4c7e05d40c611c7c34ebac4715,CUDA,13040,13000,2026-10-06T03:32:45.071472+00:00,derived,csr-alg5,0,0,,,,5,20,4,true
3,A100-SXM4-80GB-suitesparse_all-fp64-n2-row-major-AlphaSparse-SpMM-CSR-pre-plus-solve,AlphaSparse-SpMM-CSR-best-pre-plus-solve,AlphaSparseLib CSR PER MATRIX BEST,per-matrix-best,AlphaSparse-SpMM-CSR,best,pre-plus-solve,"csr-alg1,csr-alg2,csr-alg3,csr-alg4,csr-alg5",manual-selection,csr,ALPHASPARSE_SPMM_CSR_ALG5,workspace-setup,spmm.csr.fp64,fp64,A100-SXM4-80GB,A100-SXM4-80GB,,9700.0,018f64fd-81d1-5f6a-986f-7d386c913e5c,suitesparse_all,LPnetlib/lp_degen3,lp_degen3,1503,2604,25432,2,row-major,N,N,1.0,0.0,20260922,main,pass,pass,0,0,101728.0,0.01313,0.0144383996725,0.0275683996725,0.0150948996725,7.045656188182375,3.690021952978127,6.739229952308251,0.07263563080600387,0.03804146343276419,0.06947659744647681,AlphaSparse 248af573c867cf4c7e05d40c611c7c34ebac4715,CUDA,13040,13000,2026-10-06T23:06:54.731077+00:00,derived,csr-alg5,0,0,,,,5,20,4,true
3,A100-SXM4-80GB-suitesparse_all-fp64-n2-row-major-AlphaSparse-SpMM-CSR-pre-plus-solve,AlphaSparse-SpMM-CSR-best-pre-plus-solve,AlphaSparseLib CSR PER MATRIX BEST,per-matrix-best,AlphaSparse-SpMM-CSR,best,pre-plus-solve,"csr-alg1,csr-alg2,csr-alg3,csr-alg4,csr-alg5",manual-selection,csr,ALPHASPARSE_SPMM_CSR_ALG2,workspace-setup,spmm.csr.fp64,fp64,A100-SXM4-80GB,A100-SXM4-80GB,,9700.0,752b02ae-c4ef-54eb-ad5c-0957985c94ee,suitesparse_all,LPnetlib/lp_e226,lp_e226,223,472,2768,2,row-major,N,N,1.0,0.0,20260922,main,pass,pass,0,0,11072.0,0.01086,0.0141312003136,0.0249912003136,0.0146742003136,0.7835144753658472,0.44303594309452643,0.7545215250836195,0.008077468818204609,0.004567380856644603,0.0077785724235424685,AlphaSparse 248af573c867cf4c7e05d40c611c7c34ebac4715,CUDA,13040,13000,2026-10-08T04:51:31.078699+00:00,derived,csr-alg2,0,0,,,,5,20,4,true
3,A100-SXM4-80GB-suitesparse_all-fp64-n2-row-major-AlphaSparse-SpMM-CSR-pre-plus-solve,AlphaSparse-SpMM-CSR-best-pre-plus-solve,AlphaSparseLib CSR PER MATRIX BEST,per-matrix-best,AlphaSparse-SpMM-CSR,best,pre-plus-solve,"csr-alg1,csr-alg2,csr-alg3,csr-alg4,csr-alg5",manual-selection,csr,ALPHASPARSE_SPMM_CSR_ALG5,workspace-setup,spmm.csr.fp64,fp64,A100-SXM4-80GB,A100-SXM4-80GB,,9700.0,152f8cc9-7213-5fba-8430-8cd9341fa530,suitesparse_all,LPnetlib/lp_etamacro,lp_etamacro,400,816,2537,2,row-major,N,N,1.0,0.0,20260922,main,pass,pass,0,0,10148.0,0.017729,0.0135680004954,0.0312970004954,0.0144544504954,0.7479362934457812,0.3242483253783871,0.7020675053146788,0.007710683437585373,0.0033427662410143,0.007237809333141018,AlphaSparse 248af573c867cf4c7e05d40c611c7c34ebac4715,CUDA,13040,13000,2026-10-08T02:19:36.810624+00:00,derived,csr-alg5,0,0,,,,5,20,4,true
3,A100-SXM4-80GB-suitesparse_all-fp64-n2-row-major-AlphaSparse-SpMM-CSR-pre-plus-solve,AlphaSparse-SpMM-CSR-best-pre-plus-solve,AlphaSparseLib CSR PER MATRIX BEST,per-matrix-best,AlphaSparse-SpMM-CSR,best,pre-plus-solve,"csr-alg1,csr-alg2,csr-alg3,csr-alg4,csr-alg5",manual-selection,csr,ALPHASPARSE_SPMM_CSR_ALG2,workspace-setup,spmm.csr.fp64,fp64,A100-SXM4-80GB,A100-SXM4-80GB,,9700.0,a0827285-e98d-55a9-b486-73107367c8f5,suitesparse_all,LPnetlib/lp_fffff800,lp_fffff800,524,1028,6401,2,row-major,N,N,1.0,0.0,20260922,main,pass,pass,0,0,25604.0,0.01719,0.0117760002613,0.0289660002613,0.0126355002613,2.17425266914638,0.8839328788589498,2.026354277275425,0.022414975970581237,0.00911271009132938,0.020890250281189945,AlphaSparse 248af573c867cf4c7e05d40c611c7c34ebac4715,CUDA,13040,13000,2026-10-06T07:32:44.465644+00:00,derived,csr-alg2,0,0,,,,5,20,4,true
3,A100-SXM4-80GB-suitesparse_all-fp64-n2-row-major-AlphaSparse-SpMM-CSR-pre-plus-solve,AlphaSparse-SpMM-CSR-best-pre-plus-solve,AlphaSparseLib CSR PER MATRIX BEST,per-matrix-best,AlphaSparse-SpMM-CSR,best,pre-plus-solve,"csr-alg1,csr-alg2,csr-alg3,csr-alg4,csr-alg5",manual-selection,csr,ALPHASPARSE_SPMM_CSR_ALG3,workspace-setup,spmm.csr.fp64,fp64,A100-SXM4-80GB,A100-SXM4-80GB,,9700.0,dd6a9a30-d69d-5ea7-834e-7b0f3242a57c,suitesparse_all,LPnetlib/lp_finnis,lp_finnis,497,1064,2760,2,row-major,N,N,1.0,0.0,20260922,main,pass,pass,0,0,11040.0,0.013169,0.0137728005648,0.0269418005648,0.0144312505648,0.8015798927790774,0.4097721669881255,0.7650064663784736,0.00826371023483585,0.00422445532977449,0.007886664601839934,AlphaSparse 248af573c867cf4c7e05d40c611c7c34ebac4715,CUDA,13040,13000,2026-10-06T21:06:06.348598+00:00,derived,csr-alg3,0,0,,,,5,20,4,true
3,A100-SXM4-80GB-suitesparse_all-fp64-n2-row-major-AlphaSparse-SpMM-CSR-pre-plus-solve,AlphaSparse-SpMM-CSR-best-pre-plus-solve,AlphaSparseLib CSR PER MATRIX BEST,per-matrix-best,AlphaSparse-SpMM-CSR,best,pre-plus-solve,"csr-alg1,csr-alg2,csr-alg3,csr-alg4,csr-alg5",manual-selection,csr,ALPHASPARSE_SPMM_CSR_ALG2,workspace-setup,spmm.csr.fp64,fp64,A100-SXM4-80GB,A100-SXM4-80GB,,9700.0,005fdebf-9ece-5bc0-9d3c-6fda0356699d,suitesparse_all,LPnetlib/lp_fit1d,lp_fit1d,24,1049,13427,2,row-major,N,N,1.0,0.0,20260922,main,pass,pass,0,0,53708.0,0.01436,0.0127616003156,0.0271216003156,0.0134796003156,4.208563085489083,1.9802666278917118,3.984391134939179,0.04338724830401117,0.020415119875172288,0.04107619726741422,AlphaSparse 248af573c867cf4c7e05d40c611c7c34ebac4715,CUDA,13040,13000,2026-10-08T14:19:50.045955+00:00,derived,csr-alg2,0,0,,,,5,20,4,true
3,A100-SXM4-80GB-suitesparse_all-fp64-n2-row-major-AlphaSparse-SpMM-CSR-pre-plus-solve,AlphaSparse-SpMM-CSR-best-pre-plus-solve,AlphaSparseLib CSR PER MATRIX BEST,per-matrix-best,AlphaSparse-SpMM-CSR,best,pre-plus-solve,"csr-alg1,csr-alg2,csr-alg3,csr-alg4,csr-alg5",manual-selection,csr,ALPHASPARSE_SPMM_CSR_ALG1,workspace-setup,spmm.csr.fp64,fp64,A100-SXM4-80GB,A100-SXM4-80GB,,9700.0,d94c6f41-d28e-5f45-abb9-189a8a3b4f78,suitesparse_all,LPnetlib/lp_fit1p,lp_fit1p,627,1677,9868,2,row-major,N,N,1.0,0.0,20260922,main,pass,pass,0,0,39472.0,0.01381,0.010956799984,0.024766799984,0.011647299984,3.602511687503668,1.593746468074194,3.3889399306468486,0.03713929574746049,0.016430375959527774,0.03493752505821494,AlphaSparse 248af573c867cf4c7e05d40c611c7c34ebac4715,CUDA,13040,13000,2026-10-06T01:50:06.283574+00:00,derived,csr-alg1,0,0,,,,5,20,4,true
3,A100-SXM4-80GB-suitesparse_all-fp64-n2-row-major-AlphaSparse-SpMM-CSR-pre-plus-solve,AlphaSparse-SpMM-CSR-best-pre-plus-solve,AlphaSparseLib CSR PER MATRIX BEST,per-matrix-best,AlphaSparse-SpMM-CSR,best,pre-plus-solve,"csr-alg1,csr-alg2,csr-alg3,csr-alg4,csr-alg5",manual-selection,csr,ALPHASPARSE_SPMM_CSR_ALG5,workspace-setup,spmm.csr.fp64,fp64,A100-SXM4-80GB,A100-SXM4-80GB,,9700.0,018f64fd-81d1-5f6a-986f-7d386c913e5c,suitesparse_all,LPnetlib/lp_fit2d,lp_fit2d,25,10524,129042,2,row-major,N,N,1.0,0.0,20260922,main,pass,pass,0,0,516168.0,0.01285,0.0160255998373,0.0288755998373,0.0166680998373,32.208965981953796,17.875576712115294,30.967417104432943,0.3320511956902453,0.1842842960011886,0.3192517227261128,AlphaSparse 248af573c867cf4c7e05d40c611c7c34ebac4715,CUDA,13040,13000,2026-10-06T23:06:55.410901+00:00,derived,csr-alg5,0,0,,,,5,20,4,true
3,A100-SXM4-80GB-suitesparse_all-fp64-n2-row-major-AlphaSparse-SpMM-CSR-pre-plus-solve,AlphaSparse-SpMM-CSR-best-pre-plus-solve,AlphaSparseLib CSR PER MATRIX BEST,per-matrix-best,AlphaSparse-SpMM-CSR,best,pre-plus-solve,"csr-alg1,csr-alg2,csr-alg3,csr-alg4,csr-alg5",manual-selection,csr,ALPHASPARSE_SPMM_CSR_ALG2,workspace-setup,spmm.csr.fp64,fp64,A100-SXM4-80GB,A100-SXM4-80GB,,9700.0,752b02ae-c4ef-54eb-ad5c-0957985c94ee,suitesparse_all,LPnetlib/lp_ganges,lp_ganges,1309,1706,6937,2,row-major,N,N,1.0,0.0,20260922,main,pass,pass,0,0,27748.0,0.01152,0.0144896000624,0.0260096000624,0.0150656000624,1.9150287020002075,1.066836857676757,1.8418118020570666,0.01974256393814647,0.01099831812037894,0.01898775053667079,AlphaSparse 248af573c867cf4c7e05d40c611c7c34ebac4715,CUDA,13040,13000,2026-10-08T04:51:31.696834+00:00,derived,csr-alg2,0,0,,,,5,20,4,true
3,A100-SXM4-80GB-suitesparse_all-fp64-n2-row-major-AlphaSparse-SpMM-CSR-pre-plus-solve,AlphaSparse-SpMM-CSR-best-pre-plus-solve,AlphaSparseLib CSR PER MATRIX BEST,per-matrix-best,AlphaSparse-SpMM-CSR,best,pre-plus-solve,"csr-alg1,csr-alg2,csr-alg3,csr-alg4,csr-alg5",manual-selection,csr,ALPHASPARSE_SPMM_CSR_ALG1,workspace-setup,spmm.csr.fp64,fp64,A100-SXM4-80GB,A100-SXM4-80GB,,9700.0,152f8cc9-7213-5fba-8430-8cd9341fa530,suitesparse_all,LPnetlib/lp_gfrd_pnc,lp_gfrd_pnc,616,1160,2445,2,row-major,N,N,1.0,0.0,20260922,main,pass,pass,0,0,9780.0,0.02164,0.00758239999413,0.0292223999941,0.00866439999413,1.289829078863064,0.3346747701069926,1.128756752530562,0.013297206998588289,0.0034502553619277588,0.011636667551861464,AlphaSparse 248af573c867cf4c7e05d40c611c7c34ebac4715,CUDA,13040,13000,2026-10-07T22:25:24.562421+00:00,derived,csr-alg1,0,0,,,,5,20,4,true
3,A100-SXM4-80GB-suitesparse_all-fp64-n2-row-major-AlphaSparse-SpMM-CSR-pre-plus-solve,AlphaSparse-SpMM-CSR-best-pre-plus-solve,AlphaSparseLib CSR PER MATRIX BEST,per-matrix-best,AlphaSparse-SpMM-CSR,best,pre-plus-solve,"csr-alg1,csr-alg2,csr-alg3,csr-alg4,csr-alg5",manual-selection,csr,ALPHASPARSE_SPMM_CSR_ALG3,workspace-setup,spmm.csr.fp64,fp64,A100-SXM4-80GB,A100-SXM4-80GB,,9700.0,a0827285-e98d-55a9-b486-73107367c8f5,suitesparse_all,LPnetlib/lp_greenbea,lp_greenbea,2392,5598,31070,2,row-major,N,N,1.0,0.0,20260922,main,pass,pass,0,0,124280.0,0.01852,0.0120832003653,0.0306032003653,0.0130092003653,10.285354561933922,4.061013178899981,9.553238977815838,0.10603458311272083,0.04186611524639156,0.0984869997712973,AlphaSparse 248af573c867cf4c7e05d40c611c7c34ebac4715,CUDA,13040,13000,2026-10-06T08:01:04.784331+00:00,derived,csr-alg3,0,0,,,,5,20,4,true
3,A100-SXM4-80GB-suitesparse_all-fp64-n2-row-major-AlphaSparse-SpMM-CSR-pre-plus-solve,AlphaSparse-SpMM-CSR-best-pre-plus-solve,AlphaSparseLib CSR PER MATRIX BEST,per-matrix-best,AlphaSparse-SpMM-CSR,best,pre-plus-solve,"csr-alg1,csr-alg2,csr-alg3,csr-alg4,csr-alg5",manual-selection,csr,ALPHASPARSE_SPMM_CSR_ALG3,workspace-setup,spmm.csr.fp64,fp64,A100-SXM4-80GB,A100-SXM4-80GB,,9700.0,dd6a9a30-d69d-5ea7-834e-7b0f3242a57c,suitesparse_all,LPnetlib/lp_greenbeb,lp_greenbeb,2392,5598,31070,2,row-major,N,N,1.0,0.0,20260922,main,pass,pass,0,0,124280.0,0.01278,0.0147967994213,0.0275767994213,0.0154357994213,8.399113650287026,4.506686874765008,8.051413250971951,0.08658880051842295,0.046460689430567095,0.08300426031929846,AlphaSparse 248af573c867cf4c7e05d40c611c7c34ebac4715,CUDA,13040,13000,2026-10-06T21:06:07.251642+00:00,derived,csr-alg3,0,0,,,,5,20,4,true
3,A100-SXM4-80GB-suitesparse_all-fp64-n2-row-major-AlphaSparse-SpMM-CSR-pre-plus-solve,AlphaSparse-SpMM-CSR-best-pre-plus-solve,AlphaSparseLib CSR PER MATRIX BEST,per-matrix-best,AlphaSparse-SpMM-CSR,best,pre-plus-solve,"csr-alg1,csr-alg2,csr-alg3,csr-alg4,csr-alg5",manual-selection,csr,ALPHASPARSE_SPMM_CSR_ALG1,workspace-setup,spmm.csr.fp64,fp64,A100-SXM4-80GB,A100-SXM4-80GB,,9700.0,005fdebf-9ece-5bc0-9d3c-6fda0356699d,suitesparse_all,LPnetlib/lp_grow15,lp_grow15,300,645,5620,2,row-major,N,N,1.0,0.0,20260922,main,pass,pass,0,0,22480.0,0.01384,0.0103936001658,0.0242336001658,0.0110856001658,2.1628694236257164,0.9276376537616234,2.027855926948608,0.022297622923976457,0.009563274781047664,0.02090573120565575,AlphaSparse 248af573c867cf4c7e05d40c611c7c34ebac4715,CUDA,13040,13000,2026-10-08T13:53:40.753560+00:00,derived,csr-alg1,0,0,,,,5,20,4,true
3,A100-SXM4-80GB-suitesparse_all-fp64-n2-row-major-AlphaSparse-SpMM-CSR-pre-plus-solve,AlphaSparse-SpMM-CSR-best-pre-plus-solve,AlphaSparseLib CSR PER MATRIX BEST,per-matrix-best,AlphaSparse-SpMM-CSR,best,pre-plus-solve,"csr-alg1,csr-alg2,csr-alg3,csr-alg4,csr-alg5",manual-selection,csr,ALPHASPARSE_SPMM_CSR_ALG1,workspace-setup,spmm.csr.fp64,fp64,A100-SXM4-80GB,A100-SXM4-80GB,,9700.0,d94c6f41-d28e-5f45-abb9-189a8a3b4f78,suitesparse_all,LPnetlib/lp_grow22,lp_grow22,440,946,8252,2,row-major,N,N,1.0,0.0,20260922,main,pass,pass,0,0,33008.0,0.01281,0.0116223998368,0.0244323998368,0.0122628998368,2.840033079526896,1.3509929528201097,2.691696127285129,0.02927869154151439,0.013927762400207317,0.027749444611186894,AlphaSparse 248af573c867cf4c7e05d40c611c7c34ebac4715,CUDA,13040,13000,2026-10-06T01:50:06.914444+00:00,derived,csr-alg1,0,0,,,,5,20,4,true
3,A100-SXM4-80GB-suitesparse_all-fp64-n2-row-major-AlphaSparse-SpMM-CSR-pre-plus-solve,AlphaSparse-SpMM-CSR-best-pre-plus-solve,AlphaSparseLib CSR PER MATRIX BEST,per-matrix-best,AlphaSparse-SpMM-CSR,best,pre-plus-solve,"csr-alg1,csr-alg2,csr-alg3,csr-alg4,csr-alg5",manual-selection,csr,ALPHASPARSE_SPMM_CSR_ALG3,workspace-setup,spmm.csr.fp64,fp64,A100-SXM4-80GB,A100-SXM4-80GB,,9700.0,018f64fd-81d1-5f6a-986f-7d386c913e5c,suitesparse_all,LPnetlib/lp_grow7,lp_grow7,140,301,2612,2,row-major,N,N,1.0,0.0,20260922,main,pass,pass,0,0,10448.0,0.01238,0.0132095992565,0.0255895992565,0.0138285992565,0.7909399669985362,0.4082908800279907,0.7555356696802836,0.008154020278335424,0.004209184330185471,0.0077890275224771505,AlphaSparse 248af573c867cf4c7e05d40c611c7c34ebac4715,CUDA,13040,13000,2026-10-06T21:52:02.435648+00:00,derived,csr-alg3,0,0,,,,5,20,4,true
3,A100-SXM4-80GB-suitesparse_all-fp64-n2-row-major-AlphaSparse-SpMM-CSR-pre-plus-solve,AlphaSparse-SpMM-CSR-best-pre-plus-solve,AlphaSparseLib CSR PER MATRIX BEST,per-matrix-best,AlphaSparse-SpMM-CSR,best,pre-plus-solve,"csr-alg1,csr-alg2,csr-alg3,csr-alg4,csr-alg5",manual-selection,csr,ALPHASPARSE_SPMM_CSR_ALG4,workspace-setup,spmm.csr.fp64,fp64,A100-SXM4-80GB,A100-SXM4-80GB,,9700.0,752b02ae-c4ef-54eb-ad5c-0957985c94ee,suitesparse_all,LPnetlib/lp_kb2,lp_kb2,43,68,313,2,row-major,N,N,1.0,0.0,20260922,main,pass,pass,0,0,1252.0,0.010991,0.010956799984,0.021947799984,0.011506349984,0.11426693941919823,0.05704444185352113,0.10880948361043699,0.0011780096847340024,0.0005880870294177437,0.0011217472537158454,AlphaSparse 248af573c867cf4c7e05d40c611c7c34ebac4715,CUDA,13040,13000,2026-10-08T06:55:02.840836+00:00,derived,csr-alg4,0,0,,,,5,20,4,true
3,A100-SXM4-80GB-suitesparse_all-fp64-n2-row-major-AlphaSparse-SpMM-CSR-pre-plus-solve,AlphaSparse-SpMM-CSR-best-pre-plus-solve,AlphaSparseLib CSR PER MATRIX BEST,per-matrix-best,AlphaSparse-SpMM-CSR,best,pre-plus-solve,"csr-alg1,csr-alg2,csr-alg3,csr-alg4,csr-alg5",manual-selection,csr,ALPHASPARSE_SPMM_CSR_ALG5,workspace-setup,spmm.csr.fp64,fp64,A100-SXM4-80GB,A100-SXM4-80GB,,9700.0,152f8cc9-7213-5fba-8430-8cd9341fa530,suitesparse_all,LPnetlib/lp_ken_07,lp_ken_07,2426,3602,8404,2,row-major,N,N,1.0,0.0,20260922,main,pass,pass,0,0,33616.0,0.01873,0.0139776006341,0.0327076006341,0.0149141006341,2.4049907333873755,1.0277733416175117,2.253974331052821,0.024793718900900777,0.010595601459974346,0.023236848773740423,AlphaSparse 248af573c867cf4c7e05d40c611c7c34ebac4715,CUDA,13040,13000,2026-10-08T02:19:38.204533+00:00,derived,csr-alg5,0,0,,,,5,20,4,true
3,A100-SXM4-80GB-suitesparse_all-fp64-n2-row-major-AlphaSparse-SpMM-CSR-pre-plus-solve,AlphaSparse-SpMM-CSR-best-pre-plus-solve,AlphaSparseLib CSR PER MATRIX BEST,per-matrix-best,AlphaSparse-SpMM-CSR,best,pre-plus-solve,"csr-alg1,csr-alg2,csr-alg3,csr-alg4,csr-alg5",manual-selection,csr,ALPHASPARSE_SPMM_CSR_ALG3,workspace-setup,spmm.csr.fp64,fp64,A100-SXM4-80GB,A100-SXM4-80GB,,9700.0,a0827285-e98d-55a9-b486-73107367c8f5,suitesparse_all,LPnetlib/lp_ken_11,lp_ken_11,14694,21349,49058,2,row-major,N,N,1.0,0.0,20260922,main,pass,pass,0,0,196232.0,0.01897,0.0137728005648,0.0327428005648,0.0147213005648,14.247792166650717,5.993134265092715,13.329800525179751,0.14688445532629607,0.06178488933085274,0.13742062397092528,AlphaSparse 248af573c867cf4c7e05d40c611c7c34ebac4715,CUDA,13040,13000,2026-10-06T08:01:05.718077+00:00,derived,csr-alg3,0,0,,,,5,20,4,true
3,A100-SXM4-80GB-suitesparse_all-fp64-n2-row-major-AlphaSparse-SpMM-CSR-pre-plus-solve,AlphaSparse-SpMM-CSR-best-pre-plus-solve,AlphaSparseLib CSR PER MATRIX BEST,per-matrix-best,AlphaSparse-SpMM-CSR,best,pre-plus-solve,"csr-alg1,csr-alg2,csr-alg3,csr-alg4,csr-alg5",manual-selection,csr,ALPHASPARSE_SPMM_CSR_ALG5,workspace-setup,spmm.csr.fp64,fp64,A100-SXM4-80GB,A100-SXM4-80GB,,9700.0,dd6a9a30-d69d-5ea7-834e-7b0f3242a57c,suitesparse_all,LPnetlib/lp_ken_13,lp_ken_13,28632,42659,97246,2,row-major,N,N,1.0,0.0,20260922,main,pass,pass,0,0,388984.0,0.01543,0.0165375992656,0.0319675992656,0.0173090992656,23.521189125021845,12.168070450588438,22.472804276595976,0.24248648582496746,0.12544402526379833,0.23167839460408224,AlphaSparse 248af573c867cf4c7e05d40c611c7c34ebac4715,CUDA,13040,13000,2026-10-06T22:20:48.754379+00:00,derived,csr-alg5,0,0,,,,5,20,4,true
3,A100-SXM4-80GB-suitesparse_all-fp64-n2-row-major-AlphaSparse-SpMM-CSR-pre-plus-solve,AlphaSparse-SpMM-CSR-best-pre-plus-solve,AlphaSparseLib CSR PER MATRIX BEST,per-matrix-best,AlphaSparse-SpMM-CSR,best,pre-plus-solve,"csr-alg1,csr-alg2,csr-alg3,csr-alg4,csr-alg5",manual-selection,csr,ALPHASPARSE_SPMM_CSR_ALG2,workspace-setup,spmm.csr.fp64,fp64,A100-SXM4-80GB,A100-SXM4-80GB,,9700.0,005fdebf-9ece-5bc0-9d3c-6fda0356699d,suitesparse_all,LPnetlib/lp_ken_18,lp_ken_18,105127,154699,358171,2,row-major,N,N,1.0,0.0,20260922,main,pass,pass,0,0,1432684.0,0.01554,0.0249439999461,0.0404839999461,0.0257209999461,57.436016801467346,35.38889442514232,55.70094487003931,0.5921238845512098,0.3648339631457971,0.5742365450519515,AlphaSparse 248af573c867cf4c7e05d40c611c7c34ebac4715,CUDA,13040,13000,2026-10-08T14:19:51.591402+00:00,derived,csr-alg2,0,0,,,,5,20,4,true
3,A100-SXM4-80GB-suitesparse_all-fp64-n2-row-major-AlphaSparse-SpMM-CSR-pre-plus-solve,AlphaSparse-SpMM-CSR-best-pre-plus-solve,AlphaSparseLib CSR PER MATRIX BEST,per-matrix-best,AlphaSparse-SpMM-CSR,best,pre-plus-solve,"csr-alg1,csr-alg2,csr-alg3,csr-alg4,csr-alg5",manual-selection,csr,ALPHASPARSE_SPMM_CSR_ALG5,workspace-setup,spmm.csr.fp64,fp64,A100-SXM4-80GB,A100-SXM4-80GB,,9700.0,d94c6f41-d28e-5f45-abb9-189a8a3b4f78,suitesparse_all,LPnetlib/lp_lotfi,lp_lotfi,153,366,1136,2,row-major,N,N,1.0,0.0,20260922,main,pass,pass,0,0,4544.0,0.01229,0.012800000608,0.025090000608,0.013414500608,0.3549999831375008,0.1811080067710774,0.33873791748088605,0.0036597936405927916,0.0018670928533100763,0.003492143479184392,AlphaSparse 248af573c867cf4c7e05d40c611c7c34ebac4715,CUDA,13040,13000,2026-10-06T03:32:47.886269+00:00,derived,csr-alg5,0,0,,,,5,20,4,true
3,A100-SXM4-80GB-suitesparse_all-fp64-n2-row-major-AlphaSparse-SpMM-CSR-pre-plus-solve,AlphaSparse-SpMM-CSR-best-pre-plus-solve,AlphaSparseLib CSR PER MATRIX BEST,per-matrix-best,AlphaSparse-SpMM-CSR,best,pre-plus-solve,"csr-alg1,csr-alg2,csr-alg3,csr-alg4,csr-alg5",manual-selection,csr,ALPHASPARSE_SPMM_CSR_ALG5,workspace-setup,spmm.csr.fp64,fp64,A100-SXM4-80GB,A100-SXM4-80GB,,9700.0,018f64fd-81d1-5f6a-986f-7d386c913e5c,suitesparse_all,LPnetlib/lp_maros,lp_maros,846,1966,10137,2,row-major,N,N,1.0,0.0,20260922,main,pass,pass,0,0,40548.0,0.01369,0.0139264002442,0.0276164002442,0.0146109002442,2.9115923202686376,1.4682579786449865,2.7751883403691084,0.030016415672872554,0.015136680192216355,0.028610189075970193,AlphaSparse 248af573c867cf4c7e05d40c611c7c34ebac4715,CUDA,13040,13000,2026-10-06T23:06:56.666213+00:00,derived,csr-alg5,0,0,,,,5,20,4,true
3,A100-SXM4-80GB-suitesparse_all-fp64-n2-row-major-AlphaSparse-SpMM-CSR-pre-plus-solve,AlphaSparse-SpMM-CSR-best-pre-plus-solve,AlphaSparseLib CSR PER MATRIX BEST,per-matrix-best,AlphaSparse-SpMM-CSR,best,pre-plus-solve,"csr-alg1,csr-alg2,csr-alg3,csr-alg4,csr-alg5",manual-selection,csr,ALPHASPARSE_SPMM_CSR_ALG3,workspace-setup,spmm.csr.fp64,fp64,A100-SXM4-80GB,A100-SXM4-80GB,,9700.0,752b02ae-c4ef-54eb-ad5c-0957985c94ee,suitesparse_all,LPnetlib/lp_modszk1,lp_modszk1,687,1620,3168,2,row-major,N,N,1.0,0.0,20260922,main,pass,pass,0,0,12672.0,0.01139,0.0140799999237,0.0254699999237,0.0146494999237,0.9000000048771307,0.4975265032572153,0.8650124622683676,0.009278350565743615,0.005129139208837272,0.008917654250189356,AlphaSparse 248af573c867cf4c7e05d40c611c7c34ebac4715,CUDA,13040,13000,2026-10-08T05:53:26.355113+00:00,derived,csr-alg3,0,0,,,,5,20,4,true
3,A100-SXM4-80GB-suitesparse_all-fp64-n2-row-major-AlphaSparse-SpMM-CSR-pre-plus-solve,AlphaSparse-SpMM-CSR-best-pre-plus-solve,AlphaSparseLib CSR PER MATRIX BEST,per-matrix-best,AlphaSparse-SpMM-CSR,best,pre-plus-solve,"csr-alg1,csr-alg2,csr-alg3,csr-alg4,csr-alg5",manual-selection,csr,ALPHASPARSE_SPMM_CSR_ALG5,workspace-setup,spmm.csr.fp64,fp64,A100-SXM4-80GB,A100-SXM4-80GB,,9700.0,152f8cc9-7213-5fba-8430-8cd9341fa530,suitesparse_all,LPnetlib/lp_osa_07,lp_osa_07,1118,25067,144812,2,row-major,N,N,1.0,0.0,20260922,main,pass,pass,0,0,579248.0,0.02012,0.0174592003226,0.0375792003226,0.0184652003226,33.17723545735336,15.414058708738468,31.369711125800485,0.34203335523044703,0.15890782173957183,0.323399083771139,AlphaSparse 248af573c867cf4c7e05d40c611c7c34ebac4715,CUDA,13040,13000,2026-10-08T02:19:39.148160+00:00,derived,csr-alg5,0,0,,,,5,20,4,true
3,A100-SXM4-80GB-suitesparse_all-fp64-n2-row-major-AlphaSparse-SpMM-CSR-pre-plus-solve,AlphaSparse-SpMM-CSR-best-pre-plus-solve,AlphaSparseLib CSR PER MATRIX BEST,per-matrix-best,AlphaSparse-SpMM-CSR,best,pre-plus-solve,"csr-alg1,csr-alg2,csr-alg3,csr-alg4,csr-alg5",manual-selection,csr,ALPHASPARSE_SPMM_CSR_ALG5,workspace-setup,spmm.csr.fp64,fp64,A100-SXM4-80GB,A100-SXM4-80GB,,9700.0,a0827285-e98d-55a9-b486-73107367c8f5,suitesparse_all,LPnetlib/lp_osa_14,lp_osa_14,2337,54797,317097,2,row-major,N,N,1.0,0.0,20260922,main,pass,pass,0,0,1268388.0,0.01825,0.0239616006613,0.0422116006613,0.0248741006613,52.934193250643446,30.048327477021502,50.9923159542971,0.5457133324808603,0.3097765719280567,0.5256939789102794,AlphaSparse 248af573c867cf4c7e05d40c611c7c34ebac4715,CUDA,13040,13000,2026-10-06T08:56:49.196775+00:00,derived,csr-alg5,0,0,,,,5,20,4,true
3,A100-SXM4-80GB-suitesparse_all-fp64-n2-row-major-AlphaSparse-SpMM-CSR-pre-plus-solve,AlphaSparse-SpMM-CSR-best-pre-plus-solve,AlphaSparseLib CSR PER MATRIX BEST,per-matrix-best,AlphaSparse-SpMM-CSR,best,pre-plus-solve,"csr-alg1,csr-alg2,csr-alg3,csr-alg4,csr-alg5",manual-selection,csr,ALPHASPARSE_SPMM_CSR_ALG5,workspace-setup,spmm.csr.fp64,fp64,A100-SXM4-80GB,A100-SXM4-80GB,,9700.0,dd6a9a30-d69d-5ea7-834e-7b0f3242a57c,suitesparse_all,LPnetlib/lp_osa_30,lp_osa_30,4350,104374,604488,2,row-major,N,N,1.0,0.0,20260922,main,pass,pass,0,0,2417952.0,0.01612,0.0318976014853,0.0480176014853,0.0327036014853,75.80356789880621,50.355534745737486,73.93534320942754,0.7814800814309918,0.5191292241828607,0.7622200330868819,AlphaSparse 248af573c867cf4c7e05d40c611c7c34ebac4715,CUDA,13040,13000,2026-10-06T22:20:50.145802+00:00,derived,csr-alg5,0,0,,,,5,20,4,true
3,A100-SXM4-80GB-suitesparse_all-fp64-n2-row-major-AlphaSparse-SpMM-CSR-pre-plus-solve,AlphaSparse-SpMM-CSR-best-pre-plus-solve,AlphaSparseLib CSR PER MATRIX BEST,per-matrix-best,AlphaSparse-SpMM-CSR,best,pre-plus-solve,"csr-alg1,csr-alg2,csr-alg3,csr-alg4,csr-alg5",manual-selection,csr,ALPHASPARSE_SPMM_CSR_ALG5,workspace-setup,spmm.csr.fp64,fp64,A100-SXM4-80GB,A100-SXM4-80GB,,9700.0,005fdebf-9ece-5bc0-9d3c-6fda0356699d,suitesparse_all,LPnetlib/lp_osa_60,lp_osa_60,10280,243246,1408073,2,row-major,N,N,1.0,0.0,20260922,main,pass,pass,0,0,5632292.0,0.01445,0.0611328005791,0.0755828005791,0.0618553005791,92.13207879642866,74.51817022982118,91.05593129884602,0.9498152453240069,0.7682285590703214,0.9387209412252167,AlphaSparse 248af573c867cf4c7e05d40c611c7c34ebac4715,CUDA,13040,13000,2026-10-08T15:31:11.138508+00:00,derived,csr-alg5,0,0,,,,5,20,4,true
3,A100-SXM4-80GB-suitesparse_all-fp64-n2-row-major-AlphaSparse-SpMM-CSR-pre-plus-solve,AlphaSparse-SpMM-CSR-best-pre-plus-solve,AlphaSparseLib CSR PER MATRIX BEST,per-matrix-best,AlphaSparse-SpMM-CSR,best,pre-plus-solve,"csr-alg1,csr-alg2,csr-alg3,csr-alg4,csr-alg5",manual-selection,csr,ALPHASPARSE_SPMM_CSR_ALG5,workspace-setup,spmm.csr.fp64,fp64,A100-SXM4-80GB,A100-SXM4-80GB,,9700.0,d94c6f41-d28e-5f45-abb9-189a8a3b4f78,suitesparse_all,LPnetlib/lp_pds_02,lp_pds_02,2953,7716,16571,2,row-major,N,N,1.0,0.0,20260922,main,pass,pass,0,0,66284.0,0.013,0.0138751998544,0.0268751998544,0.0145251998544,4.7771564154429464,2.466363054381082,4.563379551705179,0.04924903521075203,0.025426423241042086,0.04704515001757916,AlphaSparse 248af573c867cf4c7e05d40c611c7c34ebac4715,CUDA,13040,13000,2026-10-06T03:32:48.525595+00:00,derived,csr-alg5,0,0,,,,5,20,4,true
3,A100-SXM4-80GB-suitesparse_all-fp64-n2-row-major-AlphaSparse-SpMM-CSR-pre-plus-solve,AlphaSparse-SpMM-CSR-best-pre-plus-solve,AlphaSparseLib CSR PER MATRIX BEST,per-matrix-best,AlphaSparse-SpMM-CSR,best,pre-plus-solve,"csr-alg1,csr-alg2,csr-alg3,csr-alg4,csr-alg5",manual-selection,csr,ALPHASPARSE_SPMM_CSR_ALG3,workspace-setup,spmm.csr.fp64,fp64,A100-SXM4-80GB,A100-SXM4-80GB,,9700.0,018f64fd-81d1-5f6a-986f-7d386c913e5c,suitesparse_all,LPnetlib/lp_pds_06,lp_pds_06,9881,29351,63220,2,row-major,N,N,1.0,0.0,20260922,main,pass,pass,0,0,252880.0,0.01276,0.0167423993349,0.0295023993349,0.0173803993349,15.104167266687071,8.571506240201096,14.549723232895728,0.15571306460502135,0.08836604371341336,0.1499971467308838,AlphaSparse 248af573c867cf4c7e05d40c611c7c34ebac4715,CUDA,13040,13000,2026-10-06T21:52:03.910059+00:00,derived,csr-alg3,0,0,,,,5,20,4,true
3,A100-SXM4-80GB-suitesparse_all-fp64-n2-row-major-AlphaSparse-SpMM-CSR-pre-plus-solve,AlphaSparse-SpMM-CSR-best-pre-plus-solve,AlphaSparseLib CSR PER MATRIX BEST,per-matrix-best,AlphaSparse-SpMM-CSR,best,pre-plus-solve,"csr-alg1,csr-alg2,csr-alg3,csr-alg4,csr-alg5",manual-selection,csr,ALPHASPARSE_SPMM_CSR_ALG5,workspace-setup,spmm.csr.fp64,fp64,A100-SXM4-80GB,A100-SXM4-80GB,,9700.0,752b02ae-c4ef-54eb-ad5c-0957985c94ee,suitesparse_all,LPnetlib/lp_pds_20,lp_pds_20,33874,108175,232647,2,row-major,N,N,1.0,0.0,20260922,main,pass,pass,0,0,930588.0,0.0137,0.0199167996645,0.0336167996645,0.0206017996645,46.72377167395493,27.682230589686952,45.170228579765435,0.48168836777273116,0.2853838205122366,0.46567245958521064,AlphaSparse 248af573c867cf4c7e05d40c611c7c34ebac4715,CUDA,13040,13000,2026-10-08T07:56:12.573367+00:00,derived,csr-alg5,0,0,,,,5,20,4,true
3,A100-SXM4-80GB-suitesparse_all-fp64-n2-row-major-AlphaSparse-SpMM-CSR-pre-plus-solve,AlphaSparse-SpMM-CSR-best-pre-plus-solve,AlphaSparseLib CSR PER MATRIX BEST,per-matrix-best,AlphaSparse-SpMM-CSR,best,pre-plus-solve,"csr-alg1,csr-alg2,csr-alg3,csr-alg4,csr-alg5",manual-selection,csr,ALPHASPARSE_SPMM_CSR_ALG5,workspace-setup,spmm.csr.fp64,fp64,A100-SXM4-80GB,A100-SXM4-80GB,,9700.0,152f8cc9-7213-5fba-8430-8cd9341fa530,suitesparse_all,LPnetlib/lp_perold,lp_perold,625,1506,6148,2,row-major,N,N,1.0,0.0,20260922,main,pass,pass,0,0,24592.0,0.01866,0.0133632004261,0.0320232004261,0.0142962004261,1.840277719098544,0.7679432309319304,1.7201773385257928,0.0189719352484386,0.007916940525071447,0.017733786995111266,AlphaSparse 248af573c867cf4c7e05d40c611c7c34ebac4715,CUDA,13040,13000,2026-10-08T02:19:39.772406+00:00,derived,csr-alg5,0,0,,,,5,20,4,true
3,A100-SXM4-80GB-suitesparse_all-fp64-n2-row-major-AlphaSparse-SpMM-CSR-pre-plus-solve,AlphaSparse-SpMM-CSR-best-pre-plus-solve,AlphaSparseLib CSR PER MATRIX BEST,per-matrix-best,AlphaSparse-SpMM-CSR,best,pre-plus-solve,"csr-alg1,csr-alg2,csr-alg3,csr-alg4,csr-alg5",manual-selection,csr,ALPHASPARSE_SPMM_CSR_ALG5,workspace-setup,spmm.csr.fp64,fp64,A100-SXM4-80GB,A100-SXM4-80GB,,9700.0,a0827285-e98d-55a9-b486-73107367c8f5,suitesparse_all,LPnetlib/lp_pilot,lp_pilot,1441,4860,44375,2,row-major,N,N,1.0,0.0,20260922,main,pass,pass,0,0,177500.0,0.01587,0.015513600409,0.031383600409,0.016307100409,11.441573543239251,5.655820163613147,10.884829034476084,0.11795436642514691,0.05830742436714585,0.11221473231418644,AlphaSparse 248af573c867cf4c7e05d40c611c7c34ebac4715,CUDA,13040,13000,2026-10-06T08:56:49.839887+00:00,derived,csr-alg5,0,0,,,,5,20,4,true
3,A100-SXM4-80GB-suitesparse_all-fp64-n2-row-major-AlphaSparse-SpMM-CSR-pre-plus-solve,AlphaSparse-SpMM-CSR-best-pre-plus-solve,AlphaSparseLib CSR PER MATRIX BEST,per-matrix-best,AlphaSparse-SpMM-CSR,best,pre-plus-solve,"csr-alg1,csr-alg2,csr-alg3,csr-alg4,csr-alg5",manual-selection,csr,ALPHASPARSE_SPMM_CSR_ALG3,workspace-setup,spmm.csr.fp64,fp64,A100-SXM4-80GB,A100-SXM4-80GB,,9700.0,d94c6f41-d28e-5f45-abb9-189a8a3b4f78,suitesparse_all,LPnetlib/lp_pilot_ja,lp_pilot_ja,940,2267,14977,2,row-major,N,N,1.0,0.0,20260922,main,pass,pass,0,0,59908.0,0.01271,0.0141824007034,0.0268924007034,0.0148179007034,4.224108545010862,2.227692524023184,4.042947864150148,0.04354751077330786,0.022965902309517363,0.041679874888145854,AlphaSparse 248af573c867cf4c7e05d40c611c7c34ebac4715,CUDA,13040,13000,2026-10-06T02:44:56.559386+00:00,derived,csr-alg3,0,0,,,,5,20,4,true
3,A100-SXM4-80GB-suitesparse_all-fp64-n2-row-major-AlphaSparse-SpMM-CSR-pre-plus-solve,AlphaSparse-SpMM-CSR-best-pre-plus-solve,AlphaSparseLib CSR PER MATRIX BEST,per-matrix-best,AlphaSparse-SpMM-CSR,best,pre-plus-solve,"csr-alg1,csr-alg2,csr-alg3,csr-alg4,csr-alg5",manual-selection,csr,ALPHASPARSE_SPMM_CSR_ALG3,workspace-setup,spmm.csr.fp64,fp64,A100-SXM4-80GB,A100-SXM4-80GB,,9700.0,018f64fd-81d1-5f6a-986f-7d386c913e5c,suitesparse_all,LPnetlib/lp_pilot_we,lp_pilot_we,722,2928,9265,2,row-major,N,N,1.0,0.0,20260922,main,pass,pass,0,0,37060.0,0.01233,0.0143360003829,0.0266660003829,0.0149525003829,2.585100377383166,1.3897847246625452,2.478515234975858,0.026650519354465628,0.014327677573840672,0.025551703453359362,AlphaSparse 248af573c867cf4c7e05d40c611c7c34ebac4715,CUDA,13040,13000,2026-10-06T21:52:04.816308+00:00,derived,csr-alg3,0,0,,,,5,20,4,true
3,A100-SXM4-80GB-suitesparse_all-fp64-n2-row-major-AlphaSparse-SpMM-CSR-pre-plus-solve,AlphaSparse-SpMM-CSR-best-pre-plus-solve,AlphaSparseLib CSR PER MATRIX BEST,per-matrix-best,AlphaSparse-SpMM-CSR,best,pre-plus-solve,"csr-alg1,csr-alg2,csr-alg3,csr-alg4,csr-alg5",manual-selection,csr,ALPHASPARSE_SPMM_CSR_ALG2,workspace-setup,spmm.csr.fp64,fp64,A100-SXM4-80GB,A100-SXM4-80GB,,9700.0,dd6a9a30-d69d-5ea7-834e-7b0f3242a57c,suitesparse_all,LPnetlib/lp_pilot4,lp_pilot4,410,1123,5264,2,row-major,N,N,1.0,0.0,20260922,main,pass,pass,0,0,21056.0,0.01321,0.0111616000533,0.0243716000533,0.0118221000533,1.8864678808998048,0.8639564063890398,1.781071036877451,0.019448122483503142,0.008906767076175668,0.018361557081210834,AlphaSparse 248af573c867cf4c7e05d40c611c7c34ebac4715,CUDA,13040,13000,2026-10-06T20:28:15.355535+00:00,derived,csr-alg2,0,0,,,,5,20,4,true
3,A100-SXM4-80GB-suitesparse_all-fp64-n2-row-major-AlphaSparse-SpMM-CSR-pre-plus-solve,AlphaSparse-SpMM-CSR-best-pre-plus-solve,AlphaSparseLib CSR PER MATRIX BEST,per-matrix-best,AlphaSparse-SpMM-CSR,best,pre-plus-solve,"csr-alg1,csr-alg2,csr-alg3,csr-alg4,csr-alg5",manual-selection,csr,ALPHASPARSE_SPMM_CSR_ALG2,workspace-setup,spmm.csr.fp64,fp64,A100-SXM4-80GB,A100-SXM4-80GB,,9700.0,005fdebf-9ece-5bc0-9d3c-6fda0356699d,suitesparse_all,LPnetlib/lp_pilot87,lp_pilot87,2030,6680,74949,2,row-major,N,N,1.0,0.0,20260922,main,pass,pass,0,0,299796.0,0.01519,0.0131584003568,0.0283484003568,0.0139179003568,22.78362049115426,10.575411530340096,21.54031803033608,0.2348826854758171,0.10902486113752677,0.22206513433336164,AlphaSparse 248af573c867cf4c7e05d40c611c7c34ebac4715,CUDA,13040,13000,2026-10-08T14:19:53.971824+00:00,derived,csr-alg2,0,0,,,,5,20,4,true
3,A100-SXM4-80GB-suitesparse_all-fp64-n2-row-major-AlphaSparse-SpMM-CSR-pre-plus-solve,AlphaSparse-SpMM-CSR-best-pre-plus-solve,AlphaSparseLib CSR PER MATRIX BEST,per-matrix-best,AlphaSparse-SpMM-CSR,best,pre-plus-solve,"csr-alg1,csr-alg2,csr-alg3,csr-alg4,csr-alg5",manual-selection,csr,ALPHASPARSE_SPMM_CSR_ALG4,workspace-setup,spmm.csr.fp64,fp64,A100-SXM4-80GB,A100-SXM4-80GB,,9700.0,752b02ae-c4ef-54eb-ad5c-0957985c94ee,suitesparse_all,LPnetlib/lp_qap12,lp_qap12,3192,8856,38304,2,row-major,N,N,1.0,0.0,20260922,main,pass,pass,0,0,153216.0,0.01182,0.0129536002874,0.0247736002874,0.0135446002874,11.828062978678876,6.18464810211403,11.311961722674882,0.12193879359462759,0.06375925878468072,0.11661816208943178,AlphaSparse 248af573c867cf4c7e05d40c611c7c34ebac4715,CUDA,13040,13000,2026-10-08T06:55:04.851444+00:00,derived,csr-alg4,0,0,,,,5,20,4,true
3,A100-SXM4-80GB-suitesparse_all-fp64-n2-row-major-AlphaSparse-SpMM-CSR-pre-plus-solve,AlphaSparse-SpMM-CSR-best-pre-plus-solve,AlphaSparseLib CSR PER MATRIX BEST,per-matrix-best,AlphaSparse-SpMM-CSR,best,pre-plus-solve,"csr-alg1,csr-alg2,csr-alg3,csr-alg4,csr-alg5",manual-selection,csr,ALPHASPARSE_SPMM_CSR_ALG1,workspace-setup,spmm.csr.fp64,fp64,A100-SXM4-80GB,A100-SXM4-80GB,,9700.0,152f8cc9-7213-5fba-8430-8cd9341fa530,suitesparse_all,LPnetlib/lp_qap15,lp_qap15,6330,22275,94950,2,row-major,N,N,1.0,0.0,20260922,main,pass,pass,0,0,379800.0,0.0214,0.00906239971519,0.0304623997152,0.0101323997152,41.909429283216866,12.467829309274311,37.48371665897147,0.43205597199192647,0.1285343227760238,0.3864300686491904,AlphaSparse 248af573c867cf4c7e05d40c611c7c34ebac4715,CUDA,13040,13000,2026-10-07T22:25:27.935485+00:00,derived,csr-alg1,0,0,,,,5,20,4,true
3,A100-SXM4-80GB-suitesparse_all-fp64-n2-row-major-AlphaSparse-SpMM-CSR-pre-plus-solve,AlphaSparse-SpMM-CSR-best-pre-plus-solve,AlphaSparseLib CSR PER MATRIX BEST,per-matrix-best,AlphaSparse-SpMM-CSR,best,pre-plus-solve,"csr-alg1,csr-alg2,csr-alg3,csr-alg4,csr-alg5",manual-selection,csr,ALPHASPARSE_SPMM_CSR_ALG1,workspace-setup,spmm.csr.fp64,fp64,A100-SXM4-80GB,A100-SXM4-80GB,,9700.0,a0827285-e98d-55a9-b486-73107367c8f5,suitesparse_all,LPnetlib/lp_qap8,lp_qap8,912,1632,7296,2,row-major,N,N,1.0,0.0,20260922,main,pass,pass,0,0,29184.0,0.01824,0.00645119994879,0.0246911999488,0.00736319994879,4.523809559719786,1.18195956699214,3.963494160551192,0.046637211955874086,0.012185150175176702,0.04086076454176487,AlphaSparse 248af573c867cf4c7e05d40c611c7c34ebac4715,CUDA,13040,13000,2026-10-06T07:04:19.000887+00:00,derived,csr-alg1,0,0,,,,5,20,4,true
3,A100-SXM4-80GB-suitesparse_all-fp64-n2-row-major-AlphaSparse-SpMM-CSR-pre-plus-solve,AlphaSparse-SpMM-CSR-best-pre-plus-solve,AlphaSparseLib CSR PER MATRIX BEST,per-matrix-best,AlphaSparse-SpMM-CSR,best,pre-plus-solve,"csr-alg1,csr-alg2,csr-alg3,csr-alg4,csr-alg5",manual-selection,csr,ALPHASPARSE_SPMM_CSR_ALG5,workspace-setup,spmm.csr.fp64,fp64,A100-SXM4-80GB,A100-SXM4-80GB,,9700.0,dd6a9a30-d69d-5ea7-834e-7b0f3242a57c,suitesparse_all,LPnetlib/lp_recipe,lp_recipe,91,204,687,2,row-major,N,N,1.0,0.0,20260922,main,pass,pass,0,0,2748.0,0.01337,0.0121855996549,0.0255555996549,0.0128540996549,0.22551208621850552,0.10753024922555873,0.213783934602721,0.0023248668682320154,0.0011085592703665849,0.002203958088687845,AlphaSparse 248af573c867cf4c7e05d40c611c7c34ebac4715,CUDA,13040,13000,2026-10-06T22:20:51.603071+00:00,derived,csr-alg5,0,0,,,,5,20,4,true
3,A100-SXM4-80GB-suitesparse_all-fp64-n2-row-major-AlphaSparse-SpMM-CSR-pre-plus-solve,AlphaSparse-SpMM-CSR-best-pre-plus-solve,AlphaSparseLib CSR PER MATRIX BEST,per-matrix-best,AlphaSparse-SpMM-CSR,best,pre-plus-solve,"csr-alg1,csr-alg2,csr-alg3,csr-alg4,csr-alg5",manual-selection,csr,ALPHASPARSE_SPMM_CSR_ALG1,workspace-setup,spmm.csr.fp64,fp64,A100-SXM4-80GB,A100-SXM4-80GB,,9700.0,005fdebf-9ece-5bc0-9d3c-6fda0356699d,suitesparse_all,LPnetlib/lp_sc105,lp_sc105,105,163,340,2,row-major,N,N,1.0,0.0,20260922,main,pass,pass,0,0,1360.0,0.01296,0.00460800006986,0.0175680000699,0.00525600006986,0.2951388844144092,0.07741347874480863,0.2587518991483243,0.003042668911488755,0.0007980771004619445,0.0026675453520445805,AlphaSparse 248af573c867cf4c7e05d40c611c7c34ebac4715,CUDA,13040,13000,2026-10-08T13:53:45.930381+00:00,derived,csr-alg1,0,0,,,,5,20,4,true
3,A100-SXM4-80GB-suitesparse_all-fp64-n2-row-major-AlphaSparse-SpMM-CSR-pre-plus-solve,AlphaSparse-SpMM-CSR-best-pre-plus-solve,AlphaSparseLib CSR PER MATRIX BEST,per-matrix-best,AlphaSparse-SpMM-CSR,best,pre-plus-solve,"csr-alg1,csr-alg2,csr-alg3,csr-alg4,csr-alg5",manual-selection,csr,ALPHASPARSE_SPMM_CSR_ALG1,workspace-setup,spmm.csr.fp64,fp64,A100-SXM4-80GB,A100-SXM4-80GB,,9700.0,d94c6f41-d28e-5f45-abb9-189a8a3b4f78,suitesparse_all,LPnetlib/lp_sc205,lp_sc205,205,317,665,2,row-major,N,N,1.0,0.0,20260922,main,pass,pass,0,0,2660.0,0.01408,0.00568320006132,0.0197632000613,0.00638720006132,0.46804616612109534,0.13459358766542934,0.4164579118334795,0.004825218207433973,0.0013875627594374157,0.004293380534365768,AlphaSparse 248af573c867cf4c7e05d40c611c7c34ebac4715,CUDA,13040,13000,2026-10-06T01:50:10.193880+00:00,derived,csr-alg1,0,0,,,,5,20,4,true
3,A100-SXM4-80GB-suitesparse_all-fp64-n2-row-major-AlphaSparse-SpMM-CSR-pre-plus-solve,AlphaSparse-SpMM-CSR-best-pre-plus-solve,AlphaSparseLib CSR PER MATRIX BEST,per-matrix-best,AlphaSparse-SpMM-CSR,best,pre-plus-solve,"csr-alg1,csr-alg2,csr-alg3,csr-alg4,csr-alg5",manual-selection,csr,ALPHASPARSE_SPMM_CSR_ALG1,workspace-setup,spmm.csr.fp64,fp64,A100-SXM4-80GB,A100-SXM4-80GB,,9700.0,018f64fd-81d1-5f6a-986f-7d386c913e5c,suitesparse_all,LPnetlib/lp_sc50a,lp_sc50a,50,78,160,2,row-major,N,N,1.0,0.0,20260922,main,pass,pass,0,0,640.0,0.01544,0.00511999987066,0.0205599998707,0.00589199987066,0.12500000315771492,0.03112840486502445,0.10862186253380035,0.001288659826368195,0.0003209113903610768,0.0011198130158123747,AlphaSparse 248af573c867cf4c7e05d40c611c7c34ebac4715,CUDA,13040,13000,2026-10-06T20:26:40.181276+00:00,derived,csr-alg1,0,0,,,,5,20,4,true
3,A100-SXM4-80GB-suitesparse_all-fp64-n2-row-major-AlphaSparse-SpMM-CSR-pre-plus-solve,AlphaSparse-SpMM-CSR-best-pre-plus-solve,AlphaSparseLib CSR PER MATRIX BEST,per-matrix-best,AlphaSparse-SpMM-CSR,best,pre-plus-solve,"csr-alg1,csr-alg2,csr-alg3,csr-alg4,csr-alg5",manual-selection,csr,ALPHASPARSE_SPMM_CSR_ALG1,workspace-setup,spmm.csr.fp64,fp64,A100-SXM4-80GB,A100-SXM4-80GB,,9700.0,752b02ae-c4ef-54eb-ad5c-0957985c94ee,suitesparse_all,LPnetlib/lp_scagr25,lp_scagr25,471,671,1725,2,row-major,N,N,1.0,0.0,20260922,main,pass,pass,0,0,6900.0,0.0176,0.00696320012212,0.0245632001221,0.00784320012212,0.9909236958565599,0.2809080236166758,0.8797429483585515,0.010215708204706804,0.0028959590063574823,0.009069514931531459,AlphaSparse 248af573c867cf4c7e05d40c611c7c34ebac4715,CUDA,13040,13000,2026-10-08T03:31:58.411870+00:00,derived,csr-alg1,0,0,,,,5,20,4,true
3,A100-SXM4-80GB-suitesparse_all-fp64-n2-row-major-AlphaSparse-SpMM-CSR-pre-plus-solve,AlphaSparse-SpMM-CSR-best-pre-plus-solve,AlphaSparseLib CSR PER MATRIX BEST,per-matrix-best,AlphaSparse-SpMM-CSR,best,pre-plus-solve,"csr-alg1,csr-alg2,csr-alg3,csr-alg4,csr-alg5",manual-selection,csr,ALPHASPARSE_SPMM_CSR_ALG1,workspace-setup,spmm.csr.fp64,fp64,A100-SXM4-80GB,A100-SXM4-80GB,,9700.0,152f8cc9-7213-5fba-8430-8cd9341fa530,suitesparse_all,LPnetlib/lp_scagr7,lp_scagr7,129,185,465,2,row-major,N,N,1.0,0.0,20260922,main,pass,pass,0,0,1860.0,0.022569,0.00670719966292,0.0292761996629,0.00783564966292,0.27731394523452185,0.06353283627714386,0.23737661585381042,0.002858906651902287,0.0006549776935788026,0.002447181606740314,AlphaSparse 248af573c867cf4c7e05d40c611c7c34ebac4715,CUDA,13040,13000,2026-10-07T22:25:28.831415+00:00,derived,csr-alg1,0,0,,,,5,20,4,true
3,A100-SXM4-80GB-suitesparse_all-fp64-n2-row-major-AlphaSparse-SpMM-CSR-pre-plus-solve,AlphaSparse-SpMM-CSR-best-pre-plus-solve,AlphaSparseLib CSR PER MATRIX BEST,per-matrix-best,AlphaSparse-SpMM-CSR,best,pre-plus-solve,"csr-alg1,csr-alg2,csr-alg3,csr-alg4,csr-alg5",manual-selection,csr,ALPHASPARSE_SPMM_CSR_ALG3,workspace-setup,spmm.csr.fp64,fp64,A100-SXM4-80GB,A100-SXM4-80GB,,9700.0,a0827285-e98d-55a9-b486-73107367c8f5,suitesparse_all,LPnetlib/lp_scfxm1,lp_scfxm1,330,600,2732,2,row-major,N,N,1.0,0.0,20260922,main,pass,pass,0,0,10928.0,0.01727,0.0138239994645,0.0310939994645,0.0146874994645,0.7905092898812012,0.35145044665214237,0.744034069680357,0.008149580308053619,0.0036232004809499214,0.007670454326601619,AlphaSparse 248af573c867cf4c7e05d40c611c7c34ebac4715,CUDA,13040,13000,2026-10-06T08:01:10.134951+00:00,derived,csr-alg3,0,0,,,,5,20,4,true
3,A100-SXM4-80GB-suitesparse_all-fp64-n2-row-major-AlphaSparse-SpMM-CSR-pre-plus-solve,AlphaSparse-SpMM-CSR-best-pre-plus-solve,AlphaSparseLib CSR PER MATRIX BEST,per-matrix-best,AlphaSparse-SpMM-CSR,best,pre-plus-solve,"csr-alg1,csr-alg2,csr-alg3,csr-alg4,csr-alg5",manual-selection,csr,ALPHASPARSE_SPMM_CSR_ALG5,workspace-setup,spmm.csr.fp64,fp64,A100-SXM4-80GB,A100-SXM4-80GB,,9700.0,dd6a9a30-d69d-5ea7-834e-7b0f3242a57c,suitesparse_all,LPnetlib/lp_scfxm2,lp_scfxm2,660,1200,5469,2,row-major,N,N,1.0,0.0,20260922,main,pass,pass,0,0,21876.0,0.01244,0.0125952005386,0.0250352005386,0.0132172005386,1.736852059874514,0.8738096571773392,1.655115993444491,0.017905691338912517,0.009008346981209682,0.017063051478809186,AlphaSparse 248af573c867cf4c7e05d40c611c7c34ebac4715,CUDA,13040,13000,2026-10-06T22:20:52.235393+00:00,derived,csr-alg5,0,0,,,,5,20,4,true
3,A100-SXM4-80GB-suitesparse_all-fp64-n2-row-major-AlphaSparse-SpMM-CSR-pre-plus-solve,AlphaSparse-SpMM-CSR-best-pre-plus-solve,AlphaSparseLib CSR PER MATRIX BEST,per-matrix-best,AlphaSparse-SpMM-CSR,best,pre-plus-solve,"csr-alg1,csr-alg2,csr-alg3,csr-alg4,csr-alg5",manual-selection,csr,ALPHASPARSE_SPMM_CSR_ALG2,workspace-setup,spmm.csr.fp64,fp64,A100-SXM4-80GB,A100-SXM4-80GB,,9700.0,005fdebf-9ece-5bc0-9d3c-6fda0356699d,suitesparse_all,LPnetlib/lp_scfxm3,lp_scfxm3,990,1800,8206,2,row-major,N,N,1.0,0.0,20260922,main,pass,pass,0,0,32824.0,0.014,0.0119808003306,0.0259808003306,0.0126808003306,2.7397168047417217,1.2633944906362307,2.5884801545839746,0.028244503141667238,0.013024685470476603,0.02668536241839149,AlphaSparse 248af573c867cf4c7e05d40c611c7c34ebac4715,CUDA,13040,13000,2026-10-08T14:19:55.371129+00:00,derived,csr-alg2,0,0,,,,5,20,4,true
3,A100-SXM4-80GB-suitesparse_all-fp64-n2-row-major-AlphaSparse-SpMM-CSR-pre-plus-solve,AlphaSparse-SpMM-CSR-best-pre-plus-solve,AlphaSparseLib CSR PER MATRIX BEST,per-matrix-best,AlphaSparse-SpMM-CSR,best,pre-plus-solve,"csr-alg1,csr-alg2,csr-alg3,csr-alg4,csr-alg5",manual-selection,csr,ALPHASPARSE_SPMM_CSR_ALG4,workspace-setup,spmm.csr.fp64,fp64,A100-SXM4-80GB,A100-SXM4-80GB,,9700.0,d94c6f41-d28e-5f45-abb9-189a8a3b4f78,suitesparse_all,LPnetlib/lp_scorpion,lp_scorpion,388,466,1534,2,row-major,N,N,1.0,0.0,20260922,main,pass,pass,0,0,6136.0,0.01174,0.012800000608,0.024540000608,0.013387000608,0.4793749772296886,0.2500407436012725,0.458355099822223,0.004942010074532871,0.002577739624755386,0.0047253103074455976,AlphaSparse 248af573c867cf4c7e05d40c611c7c34ebac4715,CUDA,13040,13000,2026-10-06T03:08:40.213887+00:00,derived,csr-alg4,0,0,,,,5,20,4,true
3,A100-SXM4-80GB-suitesparse_all-fp64-n2-row-major-AlphaSparse-SpMM-CSR-pre-plus-solve,AlphaSparse-SpMM-CSR-best-pre-plus-solve,AlphaSparseLib CSR PER MATRIX BEST,per-matrix-best,AlphaSparse-SpMM-CSR,best,pre-plus-solve,"csr-alg1,csr-alg2,csr-alg3,csr-alg4,csr-alg5",manual-selection,csr,ALPHASPARSE_SPMM_CSR_ALG3,workspace-setup,spmm.csr.fp64,fp64,A100-SXM4-80GB,A100-SXM4-80GB,,9700.0,018f64fd-81d1-5f6a-986f-7d386c913e5c,suitesparse_all,LPnetlib/lp_scrs8,lp_scrs8,490,1275,3288,2,row-major,N,N,1.0,0.0,20260922,main,pass,pass,0,0,13152.0,0.01109,0.0141312003136,0.0252212003136,0.0146857003136,0.9307065010848647,0.5214660617444151,0.8955650543828894,0.009594912382318193,0.005375938780870259,0.009232629426627725,AlphaSparse 248af573c867cf4c7e05d40c611c7c34ebac4715,CUDA,13040,13000,2026-10-06T21:52:06.426861+00:00,derived,csr-alg3,0,0,,,,5,20,4,true
3,A100-SXM4-80GB-suitesparse_all-fp64-n2-row-major-AlphaSparse-SpMM-CSR-pre-plus-solve,AlphaSparse-SpMM-CSR-best-pre-plus-solve,AlphaSparseLib CSR PER MATRIX BEST,per-matrix-best,AlphaSparse-SpMM-CSR,best,pre-plus-solve,"csr-alg1,csr-alg2,csr-alg3,csr-alg4,csr-alg5",manual-selection,csr,ALPHASPARSE_SPMM_CSR_ALG2,workspace-setup,spmm.csr.fp64,fp64,A100-SXM4-80GB,A100-SXM4-80GB,,9700.0,752b02ae-c4ef-54eb-ad5c-0957985c94ee,suitesparse_all,LPnetlib/lp_scsd6,lp_scsd6,147,1350,4316,2,row-major,N,N,1.0,0.0,20260922,main,pass,pass,0,0,17264.0,0.01115,0.0126975998282,0.0238475998282,0.0132550998282,1.3596270345249437,0.7239302958943972,1.3024420957789493,0.014016773551803544,0.007463198926746363,0.01342723810081391,AlphaSparse 248af573c867cf4c7e05d40c611c7c34ebac4715,CUDA,13040,13000,2026-10-08T04:51:35.470577+00:00,derived,csr-alg2,0,0,,,,5,20,4,true
3,A100-SXM4-80GB-suitesparse_all-fp64-n2-row-major-AlphaSparse-SpMM-CSR-pre-plus-solve,AlphaSparse-SpMM-CSR-best-pre-plus-solve,AlphaSparseLib CSR PER MATRIX BEST,per-matrix-best,AlphaSparse-SpMM-CSR,best,pre-plus-solve,"csr-alg1,csr-alg2,csr-alg3,csr-alg4,csr-alg5",manual-selection,csr,ALPHASPARSE_SPMM_CSR_ALG1,workspace-setup,spmm.csr.fp64,fp64,A100-SXM4-80GB,A100-SXM4-80GB,,9700.0,152f8cc9-7213-5fba-8430-8cd9341fa530,suitesparse_all,LPnetlib/lp_scsd8,lp_scsd8,397,2750,8584,2,row-major,N,N,1.0,0.0,20260922,main,pass,pass,0,0,34336.0,0.021811,0.00988159999251,0.0316925999925,0.0109721499925,3.4747409352762517,1.0834074833912508,3.1293775625989744,0.035822071497693314,0.011169149313311864,0.03226162435669046,AlphaSparse 248af573c867cf4c7e05d40c611c7c34ebac4715,CUDA,13040,13000,2026-10-07T22:25:29.516548+00:00,derived,csr-alg1,0,0,,,,5,20,4,true
3,A100-SXM4-80GB-suitesparse_all-fp64-n2-row-major-AlphaSparse-SpMM-CSR-pre-plus-solve,AlphaSparse-SpMM-CSR-best-pre-plus-solve,AlphaSparseLib CSR PER MATRIX BEST,per-matrix-best,AlphaSparse-SpMM-CSR,best,pre-plus-solve,"csr-alg1,csr-alg2,csr-alg3,csr-alg4,csr-alg5",manual-selection,csr,ALPHASPARSE_SPMM_CSR_ALG1,workspace-setup,spmm.csr.fp64,fp64,A100-SXM4-80GB,A100-SXM4-80GB,,9700.0,a0827285-e98d-55a9-b486-73107367c8f5,suitesparse_all,LPnetlib/lp_sctap1,lp_sctap1,300,660,1872,2,row-major,N,N,1.0,0.0,20260922,main,pass,pass,0,0,7488.0,0.01801,0.0107519999146,0.0287619999146,0.0116524999146,0.6964285769601005,0.26034350956933927,0.642608886923733,0.0071796760511350565,0.0026839537069004047,0.00662483388581168,AlphaSparse 248af573c867cf4c7e05d40c611c7c34ebac4715,CUDA,13040,13000,2026-10-06T07:04:20.397014+00:00,derived,csr-alg1,0,0,,,,5,20,4,true
3,A100-SXM4-80GB-suitesparse_all-fp64-n2-row-major-AlphaSparse-SpMM-CSR-pre-plus-solve,AlphaSparse-SpMM-CSR-best-pre-plus-solve,AlphaSparseLib CSR PER MATRIX BEST,per-matrix-best,AlphaSparse-SpMM-CSR,best,pre-plus-solve,"csr-alg1,csr-alg2,csr-alg3,csr-alg4,csr-alg5",manual-selection,csr,ALPHASPARSE_SPMM_CSR_ALG1,workspace-setup,spmm.csr.fp64,fp64,A100-SXM4-80GB,A100-SXM4-80GB,,9700.0,dd6a9a30-d69d-5ea7-834e-7b0f3242a57c,suitesparse_all,LPnetlib/lp_sctap2,lp_sctap2,1090,2500,7334,2,row-major,N,N,1.0,0.0,20260922,main,pass,pass,0,0,29336.0,0.01391,0.0116223998368,0.0255323998368,0.0123178998368,2.524091445134544,1.148971510218865,2.381574812969176,0.02602156129004685,0.0118450671156584,0.02455231765947604,AlphaSparse 248af573c867cf4c7e05d40c611c7c34ebac4715,CUDA,13040,13000,2026-10-06T19:49:36.213790+00:00,derived,csr-alg1,0,0,,,,5,20,4,true
3,A100-SXM4-80GB-suitesparse_all-fp64-n2-row-major-AlphaSparse-SpMM-CSR-pre-plus-solve,AlphaSparse-SpMM-CSR-best-pre-plus-solve,AlphaSparseLib CSR PER MATRIX BEST,per-matrix-best,AlphaSparse-SpMM-CSR,best,pre-plus-solve,"csr-alg1,csr-alg2,csr-alg3,csr-alg4,csr-alg5",manual-selection,csr,ALPHASPARSE_SPMM_CSR_ALG2,workspace-setup,spmm.csr.fp64,fp64,A100-SXM4-80GB,A100-SXM4-80GB,,9700.0,005fdebf-9ece-5bc0-9d3c-6fda0356699d,suitesparse_all,LPnetlib/lp_sctap3,lp_sctap3,1480,3340,9734,2,row-major,N,N,1.0,0.0,20260922,main,pass,pass,0,0,38936.0,0.01362,0.011878400296,0.025498400296,0.012559400296,3.277882461421302,1.5269977546829865,3.1001480231823324,0.03379260269506497,0.015742244893639037,0.03196028889878693,AlphaSparse 248af573c867cf4c7e05d40c611c7c34ebac4715,CUDA,13040,13000,2026-10-08T14:19:56.243715+00:00,derived,csr-alg2,0,0,,,,5,20,4,true
3,A100-SXM4-80GB-suitesparse_all-fp64-n2-row-major-AlphaSparse-SpMM-CSR-pre-plus-solve,AlphaSparse-SpMM-CSR-best-pre-plus-solve,AlphaSparseLib CSR PER MATRIX BEST,per-matrix-best,AlphaSparse-SpMM-CSR,best,pre-plus-solve,"csr-alg1,csr-alg2,csr-alg3,csr-alg4,csr-alg5",manual-selection,csr,ALPHASPARSE_SPMM_CSR_ALG3,workspace-setup,spmm.csr.fp64,fp64,A100-SXM4-80GB,A100-SXM4-80GB,,9700.0,d94c6f41-d28e-5f45-abb9-189a8a3b4f78,suitesparse_all,LPnetlib/lp_share1b,lp_share1b,117,253,1179,2,row-major,N,N,1.0,0.0,20260922,main,pass,pass,0,0,4716.0,0.01229,0.0125952005386,0.0248852005386,0.0132097005386,0.37442833764711136,0.1895102268790201,0.35701036418042936,0.0038600859551248595,0.0019537136791651557,0.003680519218354942,AlphaSparse 248af573c867cf4c7e05d40c611c7c34ebac4715,CUDA,13040,13000,2026-10-06T02:45:00.699528+00:00,derived,csr-alg3,0,0,,,,5,20,4,true
3,A100-SXM4-80GB-suitesparse_all-fp64-n2-row-major-AlphaSparse-SpMM-CSR-pre-plus-solve,AlphaSparse-SpMM-CSR-best-pre-plus-solve,AlphaSparseLib CSR PER MATRIX BEST,per-matrix-best,AlphaSparse-SpMM-CSR,best,pre-plus-solve,"csr-alg1,csr-alg2,csr-alg3,csr-alg4,csr-alg5",manual-selection,csr,ALPHASPARSE_SPMM_CSR_ALG1,workspace-setup,spmm.csr.fp64,fp64,A100-SXM4-80GB,A100-SXM4-80GB,,9700.0,018f64fd-81d1-5f6a-986f-7d386c913e5c,suitesparse_all,LPnetlib/lp_share2b,lp_share2b,96,162,777,2,row-major,N,N,1.0,0.0,20260922,main,pass,pass,0,0,3108.0,0.01392,0.00721919983625,0.0211391998363,0.00791519983625,0.43051862678654496,0.14702543256452769,0.39266222765039926,0.004438336358624175,0.0015157261089126565,0.004048064202581436,AlphaSparse 248af573c867cf4c7e05d40c611c7c34ebac4715,CUDA,13040,13000,2026-10-06T20:26:41.394458+00:00,derived,csr-alg1,0,0,,,,5,20,4,true
3,A100-SXM4-80GB-suitesparse_all-fp64-n2-row-major-AlphaSparse-SpMM-CSR-pre-plus-solve,AlphaSparse-SpMM-CSR-best-pre-plus-solve,AlphaSparseLib CSR PER MATRIX BEST,per-matrix-best,AlphaSparse-SpMM-CSR,best,pre-plus-solve,"csr-alg1,csr-alg2,csr-alg3,csr-alg4,csr-alg5",manual-selection,csr,ALPHASPARSE_SPMM_CSR_ALG2,workspace-setup,spmm.csr.fp64,fp64,A100-SXM4-80GB,A100-SXM4-80GB,,9700.0,752b02ae-c4ef-54eb-ad5c-0957985c94ee,suitesparse_all,LPnetlib/lp_ship04l,lp_ship04l,402,2166,6380,2,row-major,N,N,1.0,0.0,20260922,main,pass,pass,0,0,25520.0,0.01127,0.0143871992826,0.0256571992826,0.0149506992826,1.773799020832644,0.9946526009682963,1.7069435695025192,0.018286587843635505,0.010254150525446355,0.01759735638662391,AlphaSparse 248af573c867cf4c7e05d40c611c7c34ebac4715,CUDA,13040,13000,2026-10-08T04:51:36.068711+00:00,derived,csr-alg2,0,0,,,,5,20,4,true
3,A100-SXM4-80GB-suitesparse_all-fp64-n2-row-major-AlphaSparse-SpMM-CSR-pre-plus-solve,AlphaSparse-SpMM-CSR-best-pre-plus-solve,AlphaSparseLib CSR PER MATRIX BEST,per-matrix-best,AlphaSparse-SpMM-CSR,best,pre-plus-solve,"csr-alg1,csr-alg2,csr-alg3,csr-alg4,csr-alg5",manual-selection,csr,ALPHASPARSE_SPMM_CSR_ALG2,workspace-setup,spmm.csr.fp64,fp64,A100-SXM4-80GB,A100-SXM4-80GB,,9700.0,152f8cc9-7213-5fba-8430-8cd9341fa530,suitesparse_all,LPnetlib/lp_ship04s,lp_ship04s,402,1506,4400,2,row-major,N,N,1.0,0.0,20260922,main,pass,pass,0,0,17600.0,0.01716,0.0138751998544,0.0310351998544,0.0147331998544,1.268450197812381,0.5670980075066205,1.194580958239282,0.013076806163014236,0.005846371211408459,0.012315267610714246,AlphaSparse 248af573c867cf4c7e05d40c611c7c34ebac4715,CUDA,13040,13000,2026-10-07T23:23:40.944273+00:00,derived,csr-alg2,0,0,,,,5,20,4,true
3,A100-SXM4-80GB-suitesparse_all-fp64-n2-row-major-AlphaSparse-SpMM-CSR-pre-plus-solve,AlphaSparse-SpMM-CSR-best-pre-plus-solve,AlphaSparseLib CSR PER MATRIX BEST,per-matrix-best,AlphaSparse-SpMM-CSR,best,pre-plus-solve,"csr-alg1,csr-alg2,csr-alg3,csr-alg4,csr-alg5",manual-selection,csr,ALPHASPARSE_SPMM_CSR_ALG2,workspace-setup,spmm.csr.fp64,fp64,A100-SXM4-80GB,A100-SXM4-80GB,,9700.0,a0827285-e98d-55a9-b486-73107367c8f5,suitesparse_all,LPnetlib/lp_ship08l,lp_ship08l,778,4363,12882,2,row-major,N,N,1.0,0.0,20260922,main,pass,pass,0,0,51528.0,0.01822,0.0142031997442,0.0324231997442,0.0151141997442,3.627914901432116,1.589232414028401,3.409244344529297,0.03740118455084656,0.016383839319880425,0.03514684891267317,AlphaSparse 248af573c867cf4c7e05d40c611c7c34ebac4715,CUDA,13040,13000,2026-10-06T07:32:51.338509+00:00,derived,csr-alg2,0,0,,,,5,20,4,true
3,A100-SXM4-80GB-suitesparse_all-fp64-n2-row-major-AlphaSparse-SpMM-CSR-pre-plus-solve,AlphaSparse-SpMM-CSR-best-pre-plus-solve,AlphaSparseLib CSR PER MATRIX BEST,per-matrix-best,AlphaSparse-SpMM-CSR,best,pre-plus-solve,"csr-alg1,csr-alg2,csr-alg3,csr-alg4,csr-alg5",manual-selection,csr,ALPHASPARSE_SPMM_CSR_ALG5,workspace-setup,spmm.csr.fp64,fp64,A100-SXM4-80GB,A100-SXM4-80GB,,9700.0,dd6a9a30-d69d-5ea7-834e-7b0f3242a57c,suitesparse_all,LPnetlib/lp_ship08s,lp_ship08s,778,2467,7194,2,row-major,N,N,1.0,0.0,20260922,main,pass,pass,0,0,28776.0,0.0127,0.013670399785,0.026370399785,0.014305399785,2.1049859881621598,1.0912235019041445,2.011548116968616,0.021700886475898552,0.011249726823754068,0.020737609453284702,AlphaSparse 248af573c867cf4c7e05d40c611c7c34ebac4715,CUDA,13040,13000,2026-10-06T22:20:53.626449+00:00,derived,csr-alg5,0,0,,,,5,20,4,true
3,A100-SXM4-80GB-suitesparse_all-fp64-n2-row-major-AlphaSparse-SpMM-CSR-pre-plus-solve,AlphaSparse-SpMM-CSR-best-pre-plus-solve,AlphaSparseLib CSR PER MATRIX BEST,per-matrix-best,AlphaSparse-SpMM-CSR,best,pre-plus-solve,"csr-alg1,csr-alg2,csr-alg3,csr-alg4,csr-alg5",manual-selection,csr,ALPHASPARSE_SPMM_CSR_ALG2,workspace-setup,spmm.csr.fp64,fp64,A100-SXM4-80GB,A100-SXM4-80GB,,9700.0,005fdebf-9ece-5bc0-9d3c-6fda0356699d,suitesparse_all,LPnetlib/lp_ship12l,lp_ship12l,1151,5533,16276,2,row-major,N,N,1.0,0.0,20260922,main,pass,pass,0,0,65104.0,0.01431,0.0122368000448,0.0265468000448,0.0129523000448,5.320345168806267,2.4524236401423685,5.026443162590069,0.05484891926604399,0.025282717939612048,0.051819001676186284,AlphaSparse 248af573c867cf4c7e05d40c611c7c34ebac4715,CUDA,13040,13000,2026-10-08T14:19:57.298978+00:00,derived,csr-alg2,0,0,,,,5,20,4,true
3,A100-SXM4-80GB-suitesparse_all-fp64-n2-row-major-AlphaSparse-SpMM-CSR-pre-plus-solve,AlphaSparse-SpMM-CSR-best-pre-plus-solve,AlphaSparseLib CSR PER MATRIX BEST,per-matrix-best,AlphaSparse-SpMM-CSR,best,pre-plus-solve,"csr-alg1,csr-alg2,csr-alg3,csr-alg4,csr-alg5",manual-selection,csr,ALPHASPARSE_SPMM_CSR_ALG5,workspace-setup,spmm.csr.fp64,fp64,A100-SXM4-80GB,A100-SXM4-80GB,,9700.0,d94c6f41-d28e-5f45-abb9-189a8a3b4f78,suitesparse_all,LPnetlib/lp_ship12s,lp_ship12s,1151,2869,8284,2,row-major,N,N,1.0,0.0,20260922,main,pass,pass,0,0,33136.0,0.01259,0.0114175997674,0.0240075997674,0.0120470997674,2.902186157778211,1.3802296073344027,2.7505375268550134,0.029919444925548565,0.014229171209633018,0.028356056977886734,AlphaSparse 248af573c867cf4c7e05d40c611c7c34ebac4715,CUDA,13040,13000,2026-10-06T03:32:52.632032+00:00,derived,csr-alg5,0,0,,,,5,20,4,true
3,A100-SXM4-80GB-suitesparse_all-fp64-n2-row-major-AlphaSparse-SpMM-CSR-pre-plus-solve,AlphaSparse-SpMM-CSR-best-pre-plus-solve,AlphaSparseLib CSR PER MATRIX BEST,per-matrix-best,AlphaSparse-SpMM-CSR,best,pre-plus-solve,"csr-alg1,csr-alg2,csr-alg3,csr-alg4,csr-alg5",manual-selection,csr,ALPHASPARSE_SPMM_CSR_ALG3,workspace-setup,spmm.csr.fp64,fp64,A100-SXM4-80GB,A100-SXM4-80GB,,9700.0,018f64fd-81d1-5f6a-986f-7d386c913e5c,suitesparse_all,LPnetlib/lp_sierra,lp_sierra,1227,2735,8001,2,row-major,N,N,1.0,0.0,20260922,main,pass,pass,0,0,32004.0,0.01085,0.014284799993,0.025134799993,0.014827299993,2.240423388194652,1.2732943969680706,2.158450966467877,0.023097148331903627,0.013126746360495574,0.022252071819256463,AlphaSparse 248af573c867cf4c7e05d40c611c7c34ebac4715,CUDA,13040,13000,2026-10-06T21:52:07.784878+00:00,derived,csr-alg3,0,0,,,,5,20,4,true
3,A100-SXM4-80GB-suitesparse_all-fp64-n2-row-major-AlphaSparse-SpMM-CSR-pre-plus-solve,AlphaSparse-SpMM-CSR-best-pre-plus-solve,AlphaSparseLib CSR PER MATRIX BEST,per-matrix-best,AlphaSparse-SpMM-CSR,best,pre-plus-solve,"csr-alg1,csr-alg2,csr-alg3,csr-alg4,csr-alg5",manual-selection,csr,ALPHASPARSE_SPMM_CSR_ALG2,workspace-setup,spmm.csr.fp64,fp64,A100-SXM4-80GB,A100-SXM4-80GB,,9700.0,752b02ae-c4ef-54eb-ad5c-0957985c94ee,suitesparse_all,LPnetlib/lp_standata,lp_standata,359,1274,3230,2,row-major,N,N,1.0,0.0,20260922,main,pass,pass,0,0,12920.0,0.01116,0.014284799993,0.025444799993,0.014842799993,0.9044578857478722,0.5077658304861645,0.8704557095759015,0.009324308100493528,0.005234699283362522,0.008973770201813417,AlphaSparse 248af573c867cf4c7e05d40c611c7c34ebac4715,CUDA,13040,13000,2026-10-08T04:51:36.666933+00:00,derived,csr-alg2,0,0,,,,5,20,4,true
3,A100-SXM4-80GB-suitesparse_all-fp64-n2-row-major-AlphaSparse-SpMM-CSR-pre-plus-solve,AlphaSparse-SpMM-CSR-best-pre-plus-solve,AlphaSparseLib CSR PER MATRIX BEST,per-matrix-best,AlphaSparse-SpMM-CSR,best,pre-plus-solve,"csr-alg1,csr-alg2,csr-alg3,csr-alg4,csr-alg5",manual-selection,csr,ALPHASPARSE_SPMM_CSR_ALG2,workspace-setup,spmm.csr.fp64,fp64,A100-SXM4-80GB,A100-SXM4-80GB,,9700.0,152f8cc9-7213-5fba-8430-8cd9341fa530,suitesparse_all,LPnetlib/lp_standgub,lp_standgub,361,1383,3339,2,row-major,N,N,1.0,0.0,20260922,main,pass,pass,0,0,13356.0,0.018,0.0140287995338,0.0320287995338,0.0149287995338,0.95204154623644,0.41699970633945893,0.8946466170813631,0.009814861301406597,0.00429896604473669,0.009223161000838795,AlphaSparse 248af573c867cf4c7e05d40c611c7c34ebac4715,CUDA,13040,13000,2026-10-07T23:23:41.547304+00:00,derived,csr-alg2,0,0,,,,5,20,4,true
3,A100-SXM4-80GB-suitesparse_all-fp64-n2-row-major-AlphaSparse-SpMM-CSR-pre-plus-solve,AlphaSparse-SpMM-CSR-best-pre-plus-solve,AlphaSparseLib CSR PER MATRIX BEST,per-matrix-best,AlphaSparse-SpMM-CSR,best,pre-plus-solve,"csr-alg1,csr-alg2,csr-alg3,csr-alg4,csr-alg5",manual-selection,csr,ALPHASPARSE_SPMM_CSR_ALG5,workspace-setup,spmm.csr.fp64,fp64,A100-SXM4-80GB,A100-SXM4-80GB,,9700.0,a0827285-e98d-55a9-b486-73107367c8f5,suitesparse_all,LPnetlib/lp_standmps,lp_standmps,467,1274,3878,2,row-major,N,N,1.0,0.0,20260922,main,pass,pass,0,0,15512.0,0.01244,0.014591999352,0.027031999352,0.015213999352,1.0630482928217717,0.5738384274876924,1.0195872657218712,0.010959260750739913,0.005915860077192706,0.010511208924967744,AlphaSparse 248af573c867cf4c7e05d40c611c7c34ebac4715,CUDA,13040,13000,2026-10-06T08:56:53.727281+00:00,derived,csr-alg5,0,0,,,,5,20,4,true
3,A100-SXM4-80GB-suitesparse_all-fp64-n2-row-major-AlphaSparse-SpMM-CSR-pre-plus-solve,AlphaSparse-SpMM-CSR-best-pre-plus-solve,AlphaSparseLib CSR PER MATRIX BEST,per-matrix-best,AlphaSparse-SpMM-CSR,best,pre-plus-solve,"csr-alg1,csr-alg2,csr-alg3,csr-alg4,csr-alg5",manual-selection,csr,ALPHASPARSE_SPMM_CSR_ALG5,workspace-setup,spmm.csr.fp64,fp64,A100-SXM4-80GB,A100-SXM4-80GB,,9700.0,dd6a9a30-d69d-5ea7-834e-7b0f3242a57c,suitesparse_all,LPnetlib/lp_stocfor1,lp_stocfor1,117,165,501,2,row-major,N,N,1.0,0.0,20260922,main,pass,pass,0,0,2004.0,0.0136,0.011571200192,0.025171200192,0.012251200192,0.17318860332098557,0.07961479725694282,0.16357581041803615,0.001785449518773047,0.0008207711057416785,0.0016863485610106818,AlphaSparse 248af573c867cf4c7e05d40c611c7c34ebac4715,CUDA,13040,13000,2026-10-06T22:20:54.562654+00:00,derived,csr-alg5,0,0,,,,5,20,4,true
3,A100-SXM4-80GB-suitesparse_all-fp64-n2-row-major-AlphaSparse-SpMM-CSR-pre-plus-solve,AlphaSparse-SpMM-CSR-best-pre-plus-solve,AlphaSparseLib CSR PER MATRIX BEST,per-matrix-best,AlphaSparse-SpMM-CSR,best,pre-plus-solve,"csr-alg1,csr-alg2,csr-alg3,csr-alg4,csr-alg5",manual-selection,csr,ALPHASPARSE_SPMM_CSR_ALG2,workspace-setup,spmm.csr.fp64,fp64,A100-SXM4-80GB,A100-SXM4-80GB,,9700.0,005fdebf-9ece-5bc0-9d3c-6fda0356699d,suitesparse_all,LPnetlib/lp_stocfor2,lp_stocfor2,2157,3045,9357,2,row-major,N,N,1.0,0.0,20260922,main,pass,pass,0,0,37428.0,0.01365,0.011878400296,0.025528400296,0.012560900296,3.1509293395848696,1.466131820483265,2.979722720346637,0.03248380762458628,0.01511476103590995,0.030718790931408634,AlphaSparse 248af573c867cf4c7e05d40c611c7c34ebac4715,CUDA,13040,13000,2026-10-08T14:19:57.983424+00:00,derived,csr-alg2,0,0,,,,5,20,4,true
3,A100-SXM4-80GB-suitesparse_all-fp64-n2-row-major-AlphaSparse-SpMM-CSR-pre-plus-solve,AlphaSparse-SpMM-CSR-best-pre-plus-solve,AlphaSparseLib CSR PER MATRIX BEST,per-matrix-best,AlphaSparse-SpMM-CSR,best,pre-plus-solve,"csr-alg1,csr-alg2,csr-alg3,csr-alg4,csr-alg5",manual-selection,csr,ALPHASPARSE_SPMM_CSR_ALG1,workspace-setup,spmm.csr.fp64,fp64,A100-SXM4-80GB,A100-SXM4-80GB,,9700.0,d94c6f41-d28e-5f45-abb9-189a8a3b4f78,suitesparse_all,LPnetlib/lp_stocfor3,lp_stocfor3,16675,23541,76473,2,row-major,N,N,1.0,0.0,20260922,main,pass,pass,0,0,305892.0,0.013,0.00988159999251,0.0228815999925,0.0105315999925,30.95571569703877,13.368470740693986,29.045159350700626,0.31913108966019355,0.13781928598653592,0.29943463248144975,AlphaSparse 248af573c867cf4c7e05d40c611c7c34ebac4715,CUDA,13040,13000,2026-10-06T01:50:13.374660+00:00,derived,csr-alg1,0,0,,,,5,20,4,true
3,A100-SXM4-80GB-suitesparse_all-fp64-n2-row-major-AlphaSparse-SpMM-CSR-pre-plus-solve,AlphaSparse-SpMM-CSR-best-pre-plus-solve,AlphaSparseLib CSR PER MATRIX BEST,per-matrix-best,AlphaSparse-SpMM-CSR,best,pre-plus-solve,"csr-alg1,csr-alg2,csr-alg3,csr-alg4,csr-alg5",manual-selection,csr,ALPHASPARSE_SPMM_CSR_ALG3,workspace-setup,spmm.csr.fp64,fp64,A100-SXM4-80GB,A100-SXM4-80GB,,9700.0,018f64fd-81d1-5f6a-986f-7d386c913e5c,suitesparse_all,LPnetlib/lp_truss,lp_truss,1000,8806,27836,2,row-major,N,N,1.0,0.0,20260922,main,pass,pass,0,0,111344.0,0.01119,0.0143360003829,0.0255260003829,0.0148955003829,7.766740863986811,4.361983794162673,7.4750090388250845,0.08006949344316301,0.04496890509446055,0.07706194885386684,AlphaSparse 248af573c867cf4c7e05d40c611c7c34ebac4715,CUDA,13040,13000,2026-10-06T21:52:08.424096+00:00,derived,csr-alg3,0,0,,,,5,20,4,true
3,A100-SXM4-80GB-suitesparse_all-fp64-n2-row-major-AlphaSparse-SpMM-CSR-pre-plus-solve,AlphaSparse-SpMM-CSR-best-pre-plus-solve,AlphaSparseLib CSR PER MATRIX BEST,per-matrix-best,AlphaSparse-SpMM-CSR,best,pre-plus-solve,"csr-alg1,csr-alg2,csr-alg3,csr-alg4,csr-alg5",manual-selection,csr,ALPHASPARSE_SPMM_CSR_ALG5,workspace-setup,spmm.csr.fp64,fp64,A100-SXM4-80GB,A100-SXM4-80GB,,9700.0,752b02ae-c4ef-54eb-ad5c-0957985c94ee,suitesparse_all,LPnetlib/lp_vtp_base,lp_vtp_base,198,346,1051,2,row-major,N,N,1.0,0.0,20260922,main,pass,pass,0,0,4204.0,0.011289,0.0135680004954,0.0248570004954,0.0141324504954,0.3098466867999669,0.16912740540750226,0.2974714117249778,0.0031942957402058443,0.0017435814990464152,0.0030667155847935858,AlphaSparse 248af573c867cf4c7e05d40c611c7c34ebac4715,CUDA,13040,13000,2026-10-08T07:56:17.272410+00:00,derived,csr-alg5,0,0,,,,5,20,4,true
3,A100-SXM4-80GB-suitesparse_all-fp64-n2-row-major-AlphaSparse-SpMM-CSR-pre-plus-solve,AlphaSparse-SpMM-CSR-best-pre-plus-solve,AlphaSparseLib CSR PER MATRIX BEST,per-matrix-best,AlphaSparse-SpMM-CSR,best,pre-plus-solve,"csr-alg1,csr-alg2,csr-alg3,csr-alg4,csr-alg5",manual-selection,csr,ALPHASPARSE_SPMM_CSR_ALG5,workspace-setup,spmm.csr.fp64,fp64,A100-SXM4-80GB,A100-SXM4-80GB,,9700.0,152f8cc9-7213-5fba-8430-8cd9341fa530,suitesparse_all,LPnetlib/lp_wood1p,lp_wood1p,244,2595,70216,2,row-major,N,N,1.0,0.0,20260922,main,pass,pass,0,0,280864.0,0.01322,0.015820799768,0.029040799768,0.016481799768,17.752831975542136,9.67135899299452,17.04085742779787,0.18301888634579522,0.09970473188654144,0.17567894255461722,AlphaSparse 248af573c867cf4c7e05d40c611c7c34ebac4715,CUDA,13040,13000,2026-10-08T02:19:43.625505+00:00,derived,csr-alg5,0,0,,,,5,20,4,true
3,A100-SXM4-80GB-suitesparse_all-fp64-n2-row-major-AlphaSparse-SpMM-CSR-pre-plus-solve,AlphaSparse-SpMM-CSR-best-pre-plus-solve,AlphaSparseLib CSR PER MATRIX BEST,per-matrix-best,AlphaSparse-SpMM-CSR,best,pre-plus-solve,"csr-alg1,csr-alg2,csr-alg3,csr-alg4,csr-alg5",manual-selection,csr,ALPHASPARSE_SPMM_CSR_ALG2,workspace-setup,spmm.csr.fp64,fp64,A100-SXM4-80GB,A100-SXM4-80GB,,9700.0,a0827285-e98d-55a9-b486-73107367c8f5,suitesparse_all,LPnetlib/lp_woodw,lp_woodw,1098,8418,37487,2,row-major,N,N,1.0,0.0,20260922,main,pass,pass,0,0,149948.0,0.01602,0.0171519994736,0.0331719994736,0.0179529994736,8.742304372781543,4.520318412501375,8.352253350227047,0.09012684920393343,0.046601220747436854,0.08610570464151594,AlphaSparse 248af573c867cf4c7e05d40c611c7c34ebac4715,CUDA,13040,13000,2026-10-06T07:32:52.900250+00:00,derived,csr-alg2,0,0,,,,5,20,4,true
3,A100-SXM4-80GB-suitesparse_all-fp64-n2-row-major-AlphaSparse-SpMM-CSR-pre-plus-solve,AlphaSparse-SpMM-CSR-best-pre-plus-solve,AlphaSparseLib CSR PER MATRIX BEST,per-matrix-best,AlphaSparse-SpMM-CSR,best,pre-plus-solve,"csr-alg1,csr-alg2,csr-alg3,csr-alg4,csr-alg5",manual-selection,csr,ALPHASPARSE_SPMM_CSR_ALG3,workspace-setup,spmm.csr.fp64,fp64,A100-SXM4-80GB,A100-SXM4-80GB,,9700.0,dd6a9a30-d69d-5ea7-834e-7b0f3242a57c,suitesparse_all,LPnetlib/lpi_bgdbg1,lpi_bgdbg1,348,629,1662,2,row-major,N,N,1.0,0.0,20260922,main,pass,pass,0,0,6648.0,0.011851,0.0129536002874,0.0248046002874,0.0135461502874,0.5132163917753836,0.2680148006003945,0.49076673881166527,0.005290890636859624,0.0027630391814473664,0.005059450915584178,AlphaSparse 248af573c867cf4c7e05d40c611c7c34ebac4715,CUDA,13040,13000,2026-10-06T21:06:15.091600+00:00,derived,csr-alg3,0,0,,,,5,20,4,true
3,A100-SXM4-80GB-suitesparse_all-fp64-n2-row-major-AlphaSparse-SpMM-CSR-pre-plus-solve,AlphaSparse-SpMM-CSR-best-pre-plus-solve,AlphaSparseLib CSR PER MATRIX BEST,per-matrix-best,AlphaSparse-SpMM-CSR,best,pre-plus-solve,"csr-alg1,csr-alg2,csr-alg3,csr-alg4,csr-alg5",manual-selection,csr,ALPHASPARSE_SPMM_CSR_ALG2,workspace-setup,spmm.csr.fp64,fp64,A100-SXM4-80GB,A100-SXM4-80GB,,9700.0,005fdebf-9ece-5bc0-9d3c-6fda0356699d,suitesparse_all,LPnetlib/lpi_bgetam,lpi_bgetam,400,816,2537,2,row-major,N,N,1.0,0.0,20260922,main,pass,pass,0,0,10148.0,0.0136,0.0114175997674,0.0250175997674,0.0120975997674,0.8888032692278274,0.4056344371302831,0.8388440843733579,0.009162920301317809,0.004181798320930753,0.008647877158488226,AlphaSparse 248af573c867cf4c7e05d40c611c7c34ebac4715,CUDA,13040,13000,2026-10-08T14:19:58.665648+00:00,derived,csr-alg2,0,0,,,,5,20,4,true
3,A100-SXM4-80GB-suitesparse_all-fp64-n2-row-major-AlphaSparse-SpMM-CSR-pre-plus-solve,AlphaSparse-SpMM-CSR-best-pre-plus-solve,AlphaSparseLib CSR PER MATRIX BEST,per-matrix-best,AlphaSparse-SpMM-CSR,best,pre-plus-solve,"csr-alg1,csr-alg2,csr-alg3,csr-alg4,csr-alg5",manual-selection,csr,ALPHASPARSE_SPMM_CSR_ALG5,workspace-setup,spmm.csr.fp64,fp64,A100-SXM4-80GB,A100-SXM4-80GB,,9700.0,d94c6f41-d28e-5f45-abb9-189a8a3b4f78,suitesparse_all,LPnetlib/lpi_bgindy,lpi_bgindy,2671,10880,66266,2,row-major,N,N,1.0,0.0,20260922,main,pass,pass,0,0,265064.0,0.01244,0.0159743994474,0.0284143994474,0.0165963994474,16.593049452205975,9.328509669566644,15.971175003354421,0.17106236548665954,0.09617020277903757,0.16465128869437548,AlphaSparse 248af573c867cf4c7e05d40c611c7c34ebac4715,CUDA,13040,13000,2026-10-06T03:32:53.961789+00:00,derived,csr-alg5,0,0,,,,5,20,4,true
3,A100-SXM4-80GB-suitesparse_all-fp64-n2-row-major-AlphaSparse-SpMM-CSR-pre-plus-solve,AlphaSparse-SpMM-CSR-best-pre-plus-solve,AlphaSparseLib CSR PER MATRIX BEST,per-matrix-best,AlphaSparse-SpMM-CSR,best,pre-plus-solve,"csr-alg1,csr-alg2,csr-alg3,csr-alg4,csr-alg5",manual-selection,csr,ALPHASPARSE_SPMM_CSR_ALG5,workspace-setup,spmm.csr.fp64,fp64,A100-SXM4-80GB,A100-SXM4-80GB,,9700.0,018f64fd-81d1-5f6a-986f-7d386c913e5c,suitesparse_all,LPnetlib/lpi_bgprtr,lpi_bgprtr,20,40,70,2,row-major,N,N,1.0,0.0,20260922,main,pass,pass,0,0,280.0,0.01254,0.010956799984,0.023496799984,0.011583799984,0.025554906579373406,0.01191651629969461,0.02417168808048715,0.0002634526451481794,0.0001228506835020063,0.00024919266062357887,AlphaSparse 248af573c867cf4c7e05d40c611c7c34ebac4715,CUDA,13040,13000,2026-10-06T23:07:03.518940+00:00,derived,csr-alg5,0,0,,,,5,20,4,true
3,A100-SXM4-80GB-suitesparse_all-fp64-n2-row-major-AlphaSparse-SpMM-CSR-pre-plus-solve,AlphaSparse-SpMM-CSR-best-pre-plus-solve,AlphaSparseLib CSR PER MATRIX BEST,per-matrix-best,AlphaSparse-SpMM-CSR,best,pre-plus-solve,"csr-alg1,csr-alg2,csr-alg3,csr-alg4,csr-alg5",manual-selection,csr,ALPHASPARSE_SPMM_CSR_ALG2,workspace-setup,spmm.csr.fp64,fp64,A100-SXM4-80GB,A100-SXM4-80GB,,9700.0,752b02ae-c4ef-54eb-ad5c-0957985c94ee,suitesparse_all,LPnetlib/lpi_ceria3d,lpi_ceria3d,3576,4400,21178,2,row-major,N,N,1.0,0.0,20260922,main,pass,pass,0,0,84712.0,0.01282,0.01520639956,0.02802639956,0.01584739956,5.570812450754779,3.02257875895351,5.345482688138898,0.05743105619334825,0.03116060576240732,0.05510806894988555,AlphaSparse 248af573c867cf4c7e05d40c611c7c34ebac4715,CUDA,13040,13000,2026-10-08T04:51:37.886815+00:00,derived,csr-alg2,0,0,,,,5,20,4,true
3,A100-SXM4-80GB-suitesparse_all-fp64-n2-row-major-AlphaSparse-SpMM-CSR-pre-plus-solve,AlphaSparse-SpMM-CSR-best-pre-plus-solve,AlphaSparseLib CSR PER MATRIX BEST,per-matrix-best,AlphaSparse-SpMM-CSR,best,pre-plus-solve,"csr-alg1,csr-alg2,csr-alg3,csr-alg4,csr-alg5",manual-selection,csr,ALPHASPARSE_SPMM_CSR_ALG4,workspace-setup,spmm.csr.fp64,fp64,A100-SXM4-80GB,A100-SXM4-80GB,,9700.0,152f8cc9-7213-5fba-8430-8cd9341fa530,suitesparse_all,LPnetlib/lpi_chemcom,lpi_chemcom,288,744,1590,2,row-major,N,N,1.0,0.0,20260922,main,pass,pass,0,0,6360.0,0.012791,0.0123903997242,0.0251813997242,0.0130299497242,0.5133006312603559,0.2525673739211514,0.48810625786128925,0.0052917590851583075,0.0026037873600118703,0.005032023276920508,AlphaSparse 248af573c867cf4c7e05d40c611c7c34ebac4715,CUDA,13040,13000,2026-10-08T01:21:02.568420+00:00,derived,csr-alg4,0,0,,,,5,20,4,true
3,A100-SXM4-80GB-suitesparse_all-fp64-n2-row-major-AlphaSparse-SpMM-CSR-pre-plus-solve,AlphaSparse-SpMM-CSR-best-pre-plus-solve,AlphaSparseLib CSR PER MATRIX BEST,per-matrix-best,AlphaSparse-SpMM-CSR,best,pre-plus-solve,"csr-alg1,csr-alg2,csr-alg3,csr-alg4,csr-alg5",manual-selection,csr,ALPHASPARSE_SPMM_CSR_ALG5,workspace-setup,spmm.csr.fp64,fp64,A100-SXM4-80GB,A100-SXM4-80GB,,9700.0,a0827285-e98d-55a9-b486-73107367c8f5,suitesparse_all,LPnetlib/lpi_cplex1,lpi_cplex1,3005,5224,10947,2,row-major,N,N,1.0,0.0,20260922,main,pass,pass,0,0,43788.0,0.01634,0.0147967994213,0.0311367994213,0.0156137994213,2.9592886105468965,1.4063102442714646,2.804442328128372,0.030508130005638106,0.014498043755375924,0.028911776578643005,AlphaSparse 248af573c867cf4c7e05d40c611c7c34ebac4715,CUDA,13040,13000,2026-10-06T08:56:55.637374+00:00,derived,csr-alg5,0,0,,,,5,20,4,true
3,A100-SXM4-80GB-suitesparse_all-fp64-n2-row-major-AlphaSparse-SpMM-CSR-pre-plus-solve,AlphaSparse-SpMM-CSR-best-pre-plus-solve,AlphaSparseLib CSR PER MATRIX BEST,per-matrix-best,AlphaSparse-SpMM-CSR,best,pre-plus-solve,"csr-alg1,csr-alg2,csr-alg3,csr-alg4,csr-alg5",manual-selection,csr,ALPHASPARSE_SPMM_CSR_ALG2,workspace-setup,spmm.csr.fp64,fp64,A100-SXM4-80GB,A100-SXM4-80GB,,9700.0,dd6a9a30-d69d-5ea7-834e-7b0f3242a57c,suitesparse_all,LPnetlib/lpi_cplex2,lpi_cplex2,224,378,1215,2,row-major,N,N,1.0,0.0,20260922,main,pass,pass,0,0,4860.0,0.012281,0.0107008002698,0.0229818002698,0.0113148502698,0.45417163926664283,0.21147168380827178,0.42952402233475645,0.00468218184810972,0.0021801204516316676,0.0044280827044820255,AlphaSparse 248af573c867cf4c7e05d40c611c7c34ebac4715,CUDA,13040,13000,2026-10-06T20:28:21.773578+00:00,derived,csr-alg2,0,0,,,,5,20,4,true
3,A100-SXM4-80GB-suitesparse_all-fp64-n2-row-major-AlphaSparse-SpMM-CSR-pre-plus-solve,AlphaSparse-SpMM-CSR-best-pre-plus-solve,AlphaSparseLib CSR PER MATRIX BEST,per-matrix-best,AlphaSparse-SpMM-CSR,best,pre-plus-solve,"csr-alg1,csr-alg2,csr-alg3,csr-alg4,csr-alg5",manual-selection,csr,ALPHASPARSE_SPMM_CSR_ALG2,workspace-setup,spmm.csr.fp64,fp64,A100-SXM4-80GB,A100-SXM4-80GB,,9700.0,005fdebf-9ece-5bc0-9d3c-6fda0356699d,suitesparse_all,LPnetlib/lpi_ex72a,lpi_ex72a,197,215,467,2,row-major,N,N,1.0,0.0,20260922,main,pass,pass,0,0,1868.0,0.012669,0.0114175997674,0.0240865997674,0.0120510497674,0.16360706611328157,0.0775534952230262,0.1550072430248555,0.001686670784673006,0.0007995205693095485,0.0015980128146892319,AlphaSparse 248af573c867cf4c7e05d40c611c7c34ebac4715,CUDA,13040,13000,2026-10-08T14:19:59.405447+00:00,derived,csr-alg2,0,0,,,,5,20,4,true
3,A100-SXM4-80GB-suitesparse_all-fp64-n2-row-major-AlphaSparse-SpMM-CSR-pre-plus-solve,AlphaSparse-SpMM-CSR-best-pre-plus-solve,AlphaSparseLib CSR PER MATRIX BEST,per-matrix-best,AlphaSparse-SpMM-CSR,best,pre-plus-solve,"csr-alg1,csr-alg2,csr-alg3,csr-alg4,csr-alg5",manual-selection,csr,ALPHASPARSE_SPMM_CSR_ALG1,workspace-setup,spmm.csr.fp64,fp64,A100-SXM4-80GB,A100-SXM4-80GB,,9700.0,d94c6f41-d28e-5f45-abb9-189a8a3b4f78,suitesparse_all,LPnetlib/lpi_ex73a,lpi_ex73a,193,211,457,2,row-major,N,N,1.0,0.0,20260922,main,pass,pass,0,0,1828.0,0.014689,0.00573440007865,0.0204234000787,0.00646885007865,0.3187778974135251,0.08950517509111816,0.2825850000811102,0.0032863700764280933,0.0009227337638259604,0.0029132474235166,AlphaSparse 248af573c867cf4c7e05d40c611c7c34ebac4715,CUDA,13040,13000,2026-10-06T01:50:14.762781+00:00,derived,csr-alg1,0,0,,,,5,20,4,true
3,A100-SXM4-80GB-suitesparse_all-fp64-n2-row-major-AlphaSparse-SpMM-CSR-pre-plus-solve,AlphaSparse-SpMM-CSR-best-pre-plus-solve,AlphaSparseLib CSR PER MATRIX BEST,per-matrix-best,AlphaSparse-SpMM-CSR,best,pre-plus-solve,"csr-alg1,csr-alg2,csr-alg3,csr-alg4,csr-alg5",manual-selection,csr,ALPHASPARSE_SPMM_CSR_ALG1,workspace-setup,spmm.csr.fp64,fp64,A100-SXM4-80GB,A100-SXM4-80GB,,9700.0,018f64fd-81d1-5f6a-986f-7d386c913e5c,suitesparse_all,LPnetlib/lpi_forest6,lpi_forest6,66,131,246,2,row-major,N,N,1.0,0.0,20260922,main,pass,pass,0,0,984.0,0.015869,0.00542719997466,0.0212961999747,0.00622064997466,0.18130896311069594,0.04620542637508087,0.1581828271978576,0.0018691645681515043,0.0004763446018049574,0.001630750795854202,AlphaSparse 248af573c867cf4c7e05d40c611c7c34ebac4715,CUDA,13040,13000,2026-10-06T20:26:43.810256+00:00,derived,csr-alg1,0,0,,,,5,20,4,true
3,A100-SXM4-80GB-suitesparse_all-fp64-n2-row-major-AlphaSparse-SpMM-CSR-pre-plus-solve,AlphaSparse-SpMM-CSR-best-pre-plus-solve,AlphaSparseLib CSR PER MATRIX BEST,per-matrix-best,AlphaSparse-SpMM-CSR,best,pre-plus-solve,"csr-alg1,csr-alg2,csr-alg3,csr-alg4,csr-alg5",manual-selection,csr,ALPHASPARSE_SPMM_CSR_ALG5,workspace-setup,spmm.csr.fp64,fp64,A100-SXM4-80GB,A100-SXM4-80GB,,9700.0,752b02ae-c4ef-54eb-ad5c-0957985c94ee,suitesparse_all,LPnetlib/lpi_gosh,lpi_gosh,3792,13455,99953,2,row-major,N,N,1.0,0.0,20260922,main,pass,pass,0,0,399812.0,0.0127,0.0156159996986,0.0283159996986,0.0162509996986,25.602715658085202,14.119649818324005,24.602301853124967,0.26394552224830103,0.14556340018890726,0.2536319778672677,AlphaSparse 248af573c867cf4c7e05d40c611c7c34ebac4715,CUDA,13040,13000,2026-10-08T07:56:18.699948+00:00,derived,csr-alg5,0,0,,,,5,20,4,true
3,A100-SXM4-80GB-suitesparse_all-fp64-n2-row-major-AlphaSparse-SpMM-CSR-pre-plus-solve,AlphaSparse-SpMM-CSR-best-pre-plus-solve,AlphaSparseLib CSR PER MATRIX BEST,per-matrix-best,AlphaSparse-SpMM-CSR,best,pre-plus-solve,"csr-alg1,csr-alg2,csr-alg3,csr-alg4,csr-alg5",manual-selection,csr,ALPHASPARSE_SPMM_CSR_ALG5,workspace-setup,spmm.csr.fp64,fp64,A100-SXM4-80GB,A100-SXM4-80GB,,9700.0,152f8cc9-7213-5fba-8430-8cd9341fa530,suitesparse_all,LPnetlib/lpi_gran,lpi_gran,2658,2525,20111,2,row-major,N,N,1.0,0.0,20260922,main,pass,pass,0,0,80444.0,0.01852,0.0146944001317,0.0332144001317,0.0156204001317,5.474466414349193,2.421961549238513,5.149932096601492,0.05643779808607415,0.024968675765345495,0.05309208347011847,AlphaSparse 248af573c867cf4c7e05d40c611c7c34ebac4715,CUDA,13040,13000,2026-10-08T02:19:45.138381+00:00,derived,csr-alg5,0,0,,,,5,20,4,true
3,A100-SXM4-80GB-suitesparse_all-fp64-n2-row-major-AlphaSparse-SpMM-CSR-pre-plus-solve,AlphaSparse-SpMM-CSR-best-pre-plus-solve,AlphaSparseLib CSR PER MATRIX BEST,per-matrix-best,AlphaSparse-SpMM-CSR,best,pre-plus-solve,"csr-alg1,csr-alg2,csr-alg3,csr-alg4,csr-alg5",manual-selection,csr,ALPHASPARSE_SPMM_CSR_ALG5,workspace-setup,spmm.csr.fp64,fp64,A100-SXM4-80GB,A100-SXM4-80GB,,9700.0,a0827285-e98d-55a9-b486-73107367c8f5,suitesparse_all,LPnetlib/lpi_greenbea,lpi_greenbea,2393,5596,31074,2,row-major,N,N,1.0,0.0,20260922,main,pass,pass,0,0,124296.0,0.0168,0.0146431997418,0.0314431997418,0.0154831997418,8.488308716105859,3.9530328026623582,8.027798005113766,0.08750833727944184,0.04075291549136452,0.08276080417643057,AlphaSparse 248af573c867cf4c7e05d40c611c7c34ebac4715,CUDA,13040,13000,2026-10-06T08:56:56.622097+00:00,derived,csr-alg5,0,0,,,,5,20,4,true
3,A100-SXM4-80GB-suitesparse_all-fp64-n2-row-major-AlphaSparse-SpMM-CSR-pre-plus-solve,AlphaSparse-SpMM-CSR-best-pre-plus-solve,AlphaSparseLib CSR PER MATRIX BEST,per-matrix-best,AlphaSparse-SpMM-CSR,best,pre-plus-solve,"csr-alg1,csr-alg2,csr-alg3,csr-alg4,csr-alg5",manual-selection,csr,ALPHASPARSE_SPMM_CSR_ALG4,workspace-setup,spmm.csr.fp64,fp64,A100-SXM4-80GB,A100-SXM4-80GB,,9700.0,dd6a9a30-d69d-5ea7-834e-7b0f3242a57c,suitesparse_all,LPnetlib/lpi_itest2,lpi_itest2,9,13,26,2,row-major,N,N,1.0,0.0,20260922,main,pass,pass,0,0,104.0,0.01327,0.00788479968905,0.0211547996891,0.00854829968905,0.013189935585101772,0.0049161420353030305,0.012166162135520292,0.00013597871737218323,5.068187665260856e-05,0.00012542435191258033,AlphaSparse 248af573c867cf4c7e05d40c611c7c34ebac4715,CUDA,13040,13000,2026-10-06T21:44:21.381375+00:00,derived,csr-alg4,0,0,,,,5,20,4,true
3,A100-SXM4-80GB-suitesparse_all-fp64-n2-row-major-AlphaSparse-SpMM-CSR-pre-plus-solve,AlphaSparse-SpMM-CSR-best-pre-plus-solve,AlphaSparseLib CSR PER MATRIX BEST,per-matrix-best,AlphaSparse-SpMM-CSR,best,pre-plus-solve,"csr-alg1,csr-alg2,csr-alg3,csr-alg4,csr-alg5",manual-selection,csr,ALPHASPARSE_SPMM_CSR_ALG1,workspace-setup,spmm.csr.fp64,fp64,A100-SXM4-80GB,A100-SXM4-80GB,,9700.0,005fdebf-9ece-5bc0-9d3c-6fda0356699d,suitesparse_all,LPnetlib/lpi_itest6,lpi_itest6,11,17,29,2,row-major,N,N,1.0,0.0,20260922,main,pass,pass,0,0,116.0,0.012269,0.00363520011306,0.0159042001131,0.00424865011306,0.03191021027515174,0.0072936708023720685,0.027302789571545458,0.000328971239950018,7.519248249868111e-05,0.00028147205743861295,AlphaSparse 248af573c867cf4c7e05d40c611c7c34ebac4715,CUDA,13040,13000,2026-10-08T13:53:52.232435+00:00,derived,csr-alg1,0,0,,,,5,20,4,true
3,A100-SXM4-80GB-suitesparse_all-fp64-n2-row-major-AlphaSparse-SpMM-CSR-pre-plus-solve,AlphaSparse-SpMM-CSR-best-pre-plus-solve,AlphaSparseLib CSR PER MATRIX BEST,per-matrix-best,AlphaSparse-SpMM-CSR,best,pre-plus-solve,"csr-alg1,csr-alg2,csr-alg3,csr-alg4,csr-alg5",manual-selection,csr,ALPHASPARSE_SPMM_CSR_ALG5,workspace-setup,spmm.csr.fp64,fp64,A100-SXM4-80GB,A100-SXM4-80GB,,9700.0,d94c6f41-d28e-5f45-abb9-189a8a3b4f78,suitesparse_all,LPnetlib/lpi_klein1,lpi_klein1,54,108,750,2,row-major,N,N,1.0,0.0,20260922,main,pass,pass,0,0,3000.0,0.01259,0.0113664001226,0.0239564001226,0.0119959001226,0.2639358079639525,0.12522749597798954,0.2500854433047562,0.0027209877109685824,0.0012910051131751498,0.0025782004464407855,AlphaSparse 248af573c867cf4c7e05d40c611c7c34ebac4715,CUDA,13040,13000,2026-10-06T03:32:55.314758+00:00,derived,csr-alg5,0,0,,,,5,20,4,true
3,A100-SXM4-80GB-suitesparse_all-fp64-n2-row-major-AlphaSparse-SpMM-CSR-pre-plus-solve,AlphaSparse-SpMM-CSR-best-pre-plus-solve,AlphaSparseLib CSR PER MATRIX BEST,per-matrix-best,AlphaSparse-SpMM-CSR,best,pre-plus-solve,"csr-alg1,csr-alg2,csr-alg3,csr-alg4,csr-alg5",manual-selection,csr,ALPHASPARSE_SPMM_CSR_ALG3,workspace-setup,spmm.csr.fp64,fp64,A100-SXM4-80GB,A100-SXM4-80GB,,9700.0,018f64fd-81d1-5f6a-986f-7d386c913e5c,suitesparse_all,LPnetlib/lpi_klein2,lpi_klein2,477,531,5062,2,row-major,N,N,1.0,0.0,20260922,main,pass,pass,0,0,20248.0,0.01252,0.0138751998544,0.0263951998544,0.0145011998544,1.4592942957559711,0.7671091755959832,1.396298251406851,0.015044271090267744,0.007908342016453435,0.014394827334091245,AlphaSparse 248af573c867cf4c7e05d40c611c7c34ebac4715,CUDA,13040,13000,2026-10-06T21:52:10.315964+00:00,derived,csr-alg3,0,0,,,,5,20,4,true
3,A100-SXM4-80GB-suitesparse_all-fp64-n2-row-major-AlphaSparse-SpMM-CSR-pre-plus-solve,AlphaSparse-SpMM-CSR-best-pre-plus-solve,AlphaSparseLib CSR PER MATRIX BEST,per-matrix-best,AlphaSparse-SpMM-CSR,best,pre-plus-solve,"csr-alg1,csr-alg2,csr-alg3,csr-alg4,csr-alg5",manual-selection,csr,ALPHASPARSE_SPMM_CSR_ALG1,workspace-setup,spmm.csr.fp64,fp64,A100-SXM4-80GB,A100-SXM4-80GB,,9700.0,752b02ae-c4ef-54eb-ad5c-0957985c94ee,suitesparse_all,LPnetlib/lpi_mondou2,lpi_mondou2,312,604,1208,2,row-major,N,N,1.0,0.0,20260922,main,pass,pass,0,0,4832.0,0.01566,0.00885759964585,0.0245175996459,0.00964059964585,0.5455202530251985,0.19708291471379988,0.5012136358219208,0.005623920134280396,0.002031782625915463,0.005167150884762071,AlphaSparse 248af573c867cf4c7e05d40c611c7c34ebac4715,CUDA,13040,13000,2026-10-08T03:32:03.612796+00:00,derived,csr-alg1,0,0,,,,5,20,4,true
3,A100-SXM4-80GB-suitesparse_all-fp64-n2-row-major-AlphaSparse-SpMM-CSR-pre-plus-solve,AlphaSparse-SpMM-CSR-best-pre-plus-solve,AlphaSparseLib CSR PER MATRIX BEST,per-matrix-best,AlphaSparse-SpMM-CSR,best,pre-plus-solve,"csr-alg1,csr-alg2,csr-alg3,csr-alg4,csr-alg5",manual-selection,csr,ALPHASPARSE_SPMM_CSR_ALG3,workspace-setup,spmm.csr.fp64,fp64,A100-SXM4-80GB,A100-SXM4-80GB,,9700.0,152f8cc9-7213-5fba-8430-8cd9341fa530,suitesparse_all,LPnetlib/lpi_pang,lpi_pang,361,741,2933,2,row-major,N,N,1.0,0.0,20260922,main,pass,pass,0,0,11732.0,0.01833,0.0139776006341,0.0323076006341,0.0148941006341,0.8393429106407868,0.36313436373288327,0.7876944226588357,0.008653019697327699,0.003743653234359621,0.008120561058338513,AlphaSparse 248af573c867cf4c7e05d40c611c7c34ebac4715,CUDA,13040,13000,2026-10-08T00:22:12.665764+00:00,derived,csr-alg3,0,0,,,,5,20,4,true
3,A100-SXM4-80GB-suitesparse_all-fp64-n2-row-major-AlphaSparse-SpMM-CSR-pre-plus-solve,AlphaSparse-SpMM-CSR-best-pre-plus-solve,AlphaSparseLib CSR PER MATRIX BEST,per-matrix-best,AlphaSparse-SpMM-CSR,best,pre-plus-solve,"csr-alg1,csr-alg2,csr-alg3,csr-alg4,csr-alg5",manual-selection,csr,ALPHASPARSE_SPMM_CSR_ALG1,workspace-setup,spmm.csr.fp64,fp64,A100-SXM4-80GB,A100-SXM4-80GB,,9700.0,a0827285-e98d-55a9-b486-73107367c8f5,suitesparse_all,LPnetlib/lpi_pilot4i,lpi_pilot4i,410,1123,5264,2,row-major,N,N,1.0,0.0,20260922,main,pass,pass,0,0,21056.0,0.014669,0.0165664002299,0.0312354002299,0.0172998502299,1.271006356709704,0.6741069378020712,1.2171203634819971,0.013103158316594886,0.006949556059815167,0.012547632613216467,AlphaSparse 248af573c867cf4c7e05d40c611c7c34ebac4715,CUDA,13040,13000,2026-10-06T07:04:24.654455+00:00,derived,csr-alg1,0,0,,,,5,20,4,true
3,A100-SXM4-80GB-suitesparse_all-fp64-n2-row-major-AlphaSparse-SpMM-CSR-pre-plus-solve,AlphaSparse-SpMM-CSR-best-pre-plus-solve,AlphaSparseLib CSR PER MATRIX BEST,per-matrix-best,AlphaSparse-SpMM-CSR,best,pre-plus-solve,"csr-alg1,csr-alg2,csr-alg3,csr-alg4,csr-alg5",manual-selection,csr,ALPHASPARSE_SPMM_CSR_ALG1,workspace-setup,spmm.csr.fp64,fp64,A100-SXM4-80GB,A100-SXM4-80GB,,9700.0,dd6a9a30-d69d-5ea7-834e-7b0f3242a57c,suitesparse_all,LPnetlib/lpi_qual,lpi_qual,323,464,1646,2,row-major,N,N,1.0,0.0,20260922,main,pass,pass,0,0,6584.0,0.01364,0.00793600007892,0.0215760000789,0.00861800007892,0.8296370885238208,0.3051538735596663,0.7639823555008717,0.008552959675503307,0.0031459162222646007,0.007876106757740945,AlphaSparse 248af573c867cf4c7e05d40c611c7c34ebac4715,CUDA,13040,13000,2026-10-06T19:49:41.285092+00:00,derived,csr-alg1,0,0,,,,5,20,4,true
3,A100-SXM4-80GB-suitesparse_all-fp64-n2-row-major-AlphaSparse-SpMM-CSR-pre-plus-solve,AlphaSparse-SpMM-CSR-best-pre-plus-solve,AlphaSparseLib CSR PER MATRIX BEST,per-matrix-best,AlphaSparse-SpMM-CSR,best,pre-plus-solve,"csr-alg1,csr-alg2,csr-alg3,csr-alg4,csr-alg5",manual-selection,csr,ALPHASPARSE_SPMM_CSR_ALG2,workspace-setup,spmm.csr.fp64,fp64,A100-SXM4-80GB,A100-SXM4-80GB,,9700.0,005fdebf-9ece-5bc0-9d3c-6fda0356699d,suitesparse_all,LPnetlib/lpi_reactor,lpi_reactor,318,808,2591,2,row-major,N,N,1.0,0.0,20260922,main,pass,pass,0,0,10364.0,0.01427,0.0111616000533,0.0254316000533,0.0118751000533,0.9285407065751129,0.4075244962282729,0.8727505413413275,0.009572584603867144,0.0042012834662708545,0.008997428261250799,AlphaSparse 248af573c867cf4c7e05d40c611c7c34ebac4715,CUDA,13040,13000,2026-10-08T14:20:01.110111+00:00,derived,csr-alg2,0,0,,,,5,20,4,true
3,A100-SXM4-80GB-suitesparse_all-fp64-n2-row-major-AlphaSparse-SpMM-CSR-pre-plus-solve,AlphaSparse-SpMM-CSR-best-pre-plus-solve,AlphaSparseLib CSR PER MATRIX BEST,per-matrix-best,AlphaSparse-SpMM-CSR,best,pre-plus-solve,"csr-alg1,csr-alg2,csr-alg3,csr-alg4,csr-alg5",manual-selection,csr,ALPHASPARSE_SPMM_CSR_ALG1,workspace-setup,spmm.csr.fp64,fp64,A100-SXM4-80GB,A100-SXM4-80GB,,9700.0,d94c6f41-d28e-5f45-abb9-189a8a3b4f78,suitesparse_all,LPnetlib/lpi_refinery,lpi_refinery,323,464,1626,2,row-major,N,N,1.0,0.0,20260922,main,pass,pass,0,0,6504.0,0.01484,0.00706560015678,0.0219056001568,0.00780760015678,0.9205162839223078,0.2969103769558676,0.8330344624976762,0.009489858597137194,0.003060931721194511,0.00858798414946058,AlphaSparse 248af573c867cf4c7e05d40c611c7c34ebac4715,CUDA,13040,13000,2026-10-06T01:50:16.145174+00:00,derived,csr-alg1,0,0,,,,5,20,4,true
3,A100-SXM4-80GB-suitesparse_all-fp64-n2-row-major-AlphaSparse-SpMM-CSR-pre-plus-solve,AlphaSparse-SpMM-CSR-best-pre-plus-solve,AlphaSparseLib CSR PER MATRIX BEST,per-matrix-best,AlphaSparse-SpMM-CSR,best,pre-plus-solve,"csr-alg1,csr-alg2,csr-alg3,csr-alg4,csr-alg5",manual-selection,csr,ALPHASPARSE_SPMM_CSR_ALG1,workspace-setup,spmm.csr.fp64,fp64,A100-SXM4-80GB,A100-SXM4-80GB,,9700.0,018f64fd-81d1-5f6a-986f-7d386c913e5c,suitesparse_all,LPnetlib/lpi_vol1,lpi_vol1,323,464,1646,2,row-major,N,N,1.0,0.0,20260922,main,pass,pass,0,0,6584.0,0.01632,0.00773120000958,0.0240512000096,0.00854720000958,0.8516142373553311,0.2737493346432613,0.77031074417592,0.008779528220158053,0.0028221580891057865,0.00794134787810227,AlphaSparse 248af573c867cf4c7e05d40c611c7c34ebac4715,CUDA,13040,13000,2026-10-06T20:26:45.065290+00:00,derived,csr-alg1,0,0,,,,5,20,4,true
3,A100-SXM4-80GB-suitesparse_all-fp64-n2-row-major-AlphaSparse-SpMM-CSR-pre-plus-solve,AlphaSparse-SpMM-CSR-best-pre-plus-solve,AlphaSparseLib CSR PER MATRIX BEST,per-matrix-best,AlphaSparse-SpMM-CSR,best,pre-plus-solve,"csr-alg1,csr-alg2,csr-alg3,csr-alg4,csr-alg5",manual-selection,csr,ALPHASPARSE_SPMM_CSR_ALG1,workspace-setup,spmm.csr.fp64,fp64,A100-SXM4-80GB,A100-SXM4-80GB,,9700.0,a0827285-e98d-55a9-b486-73107367c8f5,suitesparse_all,Lucifora/cell1,cell1,7055,7055,34855,2,row-major,N,N,1.0,0.0,20260922,main,pass,pass,0,0,139420.0,0.01824,0.00493439994752,0.0231743999475,0.00584639994752,28.254701986625886,6.016121250856392,23.847154018113475,0.29128558749098854,0.06202186856552981,0.2458469486403451,AlphaSparse 248af573c867cf4c7e05d40c611c7c34ebac4715,CUDA,13040,13000,2026-10-06T07:04:52.719978+00:00,derived,csr-alg1,0,0,,,,5,20,4,true
3,A100-SXM4-80GB-suitesparse_all-fp64-n2-row-major-AlphaSparse-SpMM-CSR-pre-plus-solve,AlphaSparse-SpMM-CSR-best-pre-plus-solve,AlphaSparseLib CSR PER MATRIX BEST,per-matrix-best,AlphaSparse-SpMM-CSR,best,pre-plus-solve,"csr-alg1,csr-alg2,csr-alg3,csr-alg4,csr-alg5",manual-selection,csr,ALPHASPARSE_SPMM_CSR_ALG5,workspace-setup,spmm.csr.fp64,fp64,A100-SXM4-80GB,A100-SXM4-80GB,,9700.0,dd6a9a30-d69d-5ea7-834e-7b0f3242a57c,suitesparse_all,Lucifora/cell2,cell2,7055,7055,34855,2,row-major,N,N,1.0,0.0,20260922,main,pass,pass,0,0,139420.0,0.0133,0.0125440001488,0.0258440001488,0.0132090001488,11.11447690897368,5.394675715727916,10.554924553670014,0.11458223617498639,0.055615213564205325,0.10881365519247438,AlphaSparse 248af573c867cf4c7e05d40c611c7c34ebac4715,CUDA,13040,13000,2026-10-06T22:21:31.057875+00:00,derived,csr-alg5,0,0,,,,5,20,4,true
3,A100-SXM4-80GB-suitesparse_all-fp64-n2-row-major-AlphaSparse-SpMM-CSR-pre-plus-solve,AlphaSparse-SpMM-CSR-best-pre-plus-solve,AlphaSparseLib CSR PER MATRIX BEST,per-matrix-best,AlphaSparse-SpMM-CSR,best,pre-plus-solve,"csr-alg1,csr-alg2,csr-alg3,csr-alg4,csr-alg5",manual-selection,csr,ALPHASPARSE_SPMM_CSR_ALG1,workspace-setup,spmm.csr.fp64,fp64,A100-SXM4-80GB,A100-SXM4-80GB,,9700.0,dd6a9a30-d69d-5ea7-834e-7b0f3242a57c,suitesparse_all,Luong/photogrammetry,photogrammetry,1388,390,11816,2,row-major,N,N,1.0,0.0,20260922,main,pass,pass,0,0,47264.0,0.01531,0.00568320006132,0.0209932000613,0.00644870006132,8.316441351709567,2.2513956834589033,7.329229077266995,0.085736508780511,0.02321026477792684,0.07555906265223707,AlphaSparse 248af573c867cf4c7e05d40c611c7c34ebac4715,CUDA,13040,13000,2026-10-06T19:53:55.279944+00:00,derived,csr-alg1,0,0,,,,5,20,4,true
3,A100-SXM4-80GB-suitesparse_all-fp64-n2-row-major-AlphaSparse-SpMM-CSR-pre-plus-solve,AlphaSparse-SpMM-CSR-best-pre-plus-solve,AlphaSparseLib CSR PER MATRIX BEST,per-matrix-best,AlphaSparse-SpMM-CSR,best,pre-plus-solve,"csr-alg1,csr-alg2,csr-alg3,csr-alg4,csr-alg5",manual-selection,csr,ALPHASPARSE_SPMM_CSR_ALG1,workspace-setup,spmm.csr.fp64,fp64,A100-SXM4-80GB,A100-SXM4-80GB,,9700.0,a0827285-e98d-55a9-b486-73107367c8f5,suitesparse_all,Luong/photogrammetry2,photogrammetry2,4472,936,37056,2,row-major,N,N,1.0,0.0,20260922,main,pass,pass,0,0,148224.0,0.01716,0.00711679980159,0.0242767998016,0.00797479980159,20.827338710143923,6.105582334218165,18.586548087445077,0.2147148320633394,0.062944147775445,0.19161389780871216,AlphaSparse 248af573c867cf4c7e05d40c611c7c34ebac4715,CUDA,13040,13000,2026-10-06T07:08:56.879652+00:00,derived,csr-alg1,0,0,,,,5,20,4,true
3,A100-SXM4-80GB-suitesparse_all-fp64-n2-row-major-AlphaSparse-SpMM-CSR-pre-plus-solve,AlphaSparse-SpMM-CSR-best-pre-plus-solve,AlphaSparseLib CSR PER MATRIX BEST,per-matrix-best,AlphaSparse-SpMM-CSR,best,pre-plus-solve,"csr-alg1,csr-alg2,csr-alg3,csr-alg4,csr-alg5",manual-selection,csr,ALPHASPARSE_SPMM_CSR_ALG1,workspace-setup,spmm.csr.fp64,fp64,A100-SXM4-80GB,A100-SXM4-80GB,,9700.0,a0827285-e98d-55a9-b486-73107367c8f5,suitesparse_all,Mallya/lhr01,lhr01,1477,1477,18592,2,row-major,N,N,1.0,0.0,20260922,main,pass,pass,0,0,74368.0,0.0157,0.0119248002768,0.0276248002768,0.0127098002768,6.236414721736248,2.6920737617949806,5.851232779459847,0.06429293527563142,0.02775333775046372,0.06032198741711183,AlphaSparse 248af573c867cf4c7e05d40c611c7c34ebac4715,CUDA,13040,13000,2026-10-06T07:04:25.455747+00:00,derived,csr-alg1,0,0,,,,5,20,4,true
3,A100-SXM4-80GB-suitesparse_all-fp64-n2-row-major-AlphaSparse-SpMM-CSR-pre-plus-solve,AlphaSparse-SpMM-CSR-best-pre-plus-solve,AlphaSparseLib CSR PER MATRIX BEST,per-matrix-best,AlphaSparse-SpMM-CSR,best,pre-plus-solve,"csr-alg1,csr-alg2,csr-alg3,csr-alg4,csr-alg5",manual-selection,csr,ALPHASPARSE_SPMM_CSR_ALG3,workspace-setup,spmm.csr.fp64,fp64,A100-SXM4-80GB,A100-SXM4-80GB,,9700.0,dd6a9a30-d69d-5ea7-834e-7b0f3242a57c,suitesparse_all,Mallya/lhr02,lhr02,2954,2954,37206,2,row-major,N,N,1.0,0.0,20260922,main,pass,pass,0,0,148824.0,0.01394,0.0119808003306,0.0259208003306,0.0126778003306,12.42187465722892,5.7414893869735355,11.73894493674808,0.1280605634765868,0.059190612236840565,0.1210200508943101,AlphaSparse 248af573c867cf4c7e05d40c611c7c34ebac4715,CUDA,13040,13000,2026-10-06T21:06:18.357796+00:00,derived,csr-alg3,0,0,,,,5,20,4,true
3,A100-SXM4-80GB-suitesparse_all-fp64-n2-row-major-AlphaSparse-SpMM-CSR-pre-plus-solve,AlphaSparse-SpMM-CSR-best-pre-plus-solve,AlphaSparseLib CSR PER MATRIX BEST,per-matrix-best,AlphaSparse-SpMM-CSR,best,pre-plus-solve,"csr-alg1,csr-alg2,csr-alg3,csr-alg4,csr-alg5",manual-selection,csr,ALPHASPARSE_SPMM_CSR_ALG2,workspace-setup,spmm.csr.fp64,fp64,A100-SXM4-80GB,A100-SXM4-80GB,,9700.0,005fdebf-9ece-5bc0-9d3c-6fda0356699d,suitesparse_all,Mallya/lhr04,lhr04,4101,4101,82682,2,row-major,N,N,1.0,0.0,20260922,main,pass,pass,0,0,330728.0,0.014791,0.0128511995077,0.0276421995077,0.0135907495077,25.735185248804132,11.964605056405608,24.33478740908455,0.2653111881320014,0.12334644388047018,0.25087409700087165,AlphaSparse 248af573c867cf4c7e05d40c611c7c34ebac4715,CUDA,13040,13000,2026-10-08T14:20:02.119699+00:00,derived,csr-alg2,0,0,,,,5,20,4,true
3,A100-SXM4-80GB-suitesparse_all-fp64-n2-row-major-AlphaSparse-SpMM-CSR-pre-plus-solve,AlphaSparse-SpMM-CSR-best-pre-plus-solve,AlphaSparseLib CSR PER MATRIX BEST,per-matrix-best,AlphaSparse-SpMM-CSR,best,pre-plus-solve,"csr-alg1,csr-alg2,csr-alg3,csr-alg4,csr-alg5",manual-selection,csr,ALPHASPARSE_SPMM_CSR_ALG3,workspace-setup,spmm.csr.fp64,fp64,A100-SXM4-80GB,A100-SXM4-80GB,,9700.0,d94c6f41-d28e-5f45-abb9-189a8a3b4f78,suitesparse_all,Mallya/lhr04c,lhr04c,4101,4101,82682,2,row-major,N,N,1.0,0.0,20260922,main,pass,pass,0,0,330728.0,0.01295,0.0154223993421,0.0283723993421,0.0160698993421,21.444652849649675,11.65668070621203,20.580589396322925,0.22107889535721315,0.120171966043423,0.21217102470436006,AlphaSparse 248af573c867cf4c7e05d40c611c7c34ebac4715,CUDA,13040,13000,2026-10-06T02:45:08.262463+00:00,derived,csr-alg3,0,0,,,,5,20,4,true
3,A100-SXM4-80GB-suitesparse_all-fp64-n2-row-major-AlphaSparse-SpMM-CSR-pre-plus-solve,AlphaSparse-SpMM-CSR-best-pre-plus-solve,AlphaSparseLib CSR PER MATRIX BEST,per-matrix-best,AlphaSparse-SpMM-CSR,best,pre-plus-solve,"csr-alg1,csr-alg2,csr-alg3,csr-alg4,csr-alg5",manual-selection,csr,ALPHASPARSE_SPMM_CSR_ALG3,workspace-setup,spmm.csr.fp64,fp64,A100-SXM4-80GB,A100-SXM4-80GB,,9700.0,018f64fd-81d1-5f6a-986f-7d386c913e5c,suitesparse_all,Mallya/lhr07,lhr07,7337,7337,156508,2,row-major,N,N,1.0,0.0,20260922,main,pass,pass,0,0,626032.0,0.013571,0.0179711997509,0.0315421997509,0.0186497497509,34.835292505646336,19.847442630634447,33.567849883336315,0.3591267268623334,0.2046128106250974,0.3460603080756321,AlphaSparse 248af573c867cf4c7e05d40c611c7c34ebac4715,CUDA,13040,13000,2026-10-06T21:52:11.714183+00:00,derived,csr-alg3,0,0,,,,5,20,4,true
3,A100-SXM4-80GB-suitesparse_all-fp64-n2-row-major-AlphaSparse-SpMM-CSR-pre-plus-solve,AlphaSparse-SpMM-CSR-best-pre-plus-solve,AlphaSparseLib CSR PER MATRIX BEST,per-matrix-best,AlphaSparse-SpMM-CSR,best,pre-plus-solve,"csr-alg1,csr-alg2,csr-alg3,csr-alg4,csr-alg5",manual-selection,csr,ALPHASPARSE_SPMM_CSR_ALG5,workspace-setup,spmm.csr.fp64,fp64,A100-SXM4-80GB,A100-SXM4-80GB,,9700.0,752b02ae-c4ef-54eb-ad5c-0957985c94ee,suitesparse_all,Mallya/lhr10,lhr10,10672,10672,232633,2,row-major,N,N,1.0,0.0,20260922,main,pass,pass,0,0,930532.0,0.01375,0.0186368003488,0.0323868003488,0.0193243003488,49.92981534300311,28.731828707323295,48.15346393939609,0.5147403643608568,0.2962044196631268,0.49642746329274323,AlphaSparse 248af573c867cf4c7e05d40c611c7c34ebac4715,CUDA,13040,13000,2026-10-08T07:56:21.573208+00:00,derived,csr-alg5,0,0,,,,5,20,4,true
3,A100-SXM4-80GB-suitesparse_all-fp64-n2-row-major-AlphaSparse-SpMM-CSR-pre-plus-solve,AlphaSparse-SpMM-CSR-best-pre-plus-solve,AlphaSparseLib CSR PER MATRIX BEST,per-matrix-best,AlphaSparse-SpMM-CSR,best,pre-plus-solve,"csr-alg1,csr-alg2,csr-alg3,csr-alg4,csr-alg5",manual-selection,csr,ALPHASPARSE_SPMM_CSR_ALG5,workspace-setup,spmm.csr.fp64,fp64,A100-SXM4-80GB,A100-SXM4-80GB,,9700.0,152f8cc9-7213-5fba-8430-8cd9341fa530,suitesparse_all,Mallya/lhr10c,lhr10c,10672,10672,232633,2,row-major,N,N,1.0,0.0,20260922,main,pass,pass,0,0,930532.0,0.01945,0.0185855999589,0.0380355999589,0.0195580999589,50.0673640914347,24.464764615399833,47.5778323024961,0.516158392695203,0.2522140681999983,0.49049311652057836,AlphaSparse 248af573c867cf4c7e05d40c611c7c34ebac4715,CUDA,13040,13000,2026-10-08T02:19:47.453350+00:00,derived,csr-alg5,0,0,,,,5,20,4,true
3,A100-SXM4-80GB-suitesparse_all-fp64-n2-row-major-AlphaSparse-SpMM-CSR-pre-plus-solve,AlphaSparse-SpMM-CSR-best-pre-plus-solve,AlphaSparseLib CSR PER MATRIX BEST,per-matrix-best,AlphaSparse-SpMM-CSR,best,pre-plus-solve,"csr-alg1,csr-alg2,csr-alg3,csr-alg4,csr-alg5",manual-selection,csr,ALPHASPARSE_SPMM_CSR_ALG1,workspace-setup,spmm.csr.fp64,fp64,A100-SXM4-80GB,A100-SXM4-80GB,,9700.0,a0827285-e98d-55a9-b486-73107367c8f5,suitesparse_all,Mallya/lhr11,lhr11,10964,10964,233741,2,row-major,N,N,1.0,0.0,20260922,main,pass,pass,0,0,934964.0,0.01742,0.0170607998967,0.0344807998967,0.0179317998967,54.801885354791956,27.11549624141641,52.139997400487495,0.5649678902555872,0.27954119836511765,0.5375257463967783,AlphaSparse 248af573c867cf4c7e05d40c611c7c34ebac4715,CUDA,13040,13000,2026-10-06T07:04:26.370359+00:00,derived,csr-alg1,0,0,,,,5,20,4,true
3,A100-SXM4-80GB-suitesparse_all-fp64-n2-row-major-AlphaSparse-SpMM-CSR-pre-plus-solve,AlphaSparse-SpMM-CSR-best-pre-plus-solve,AlphaSparseLib CSR PER MATRIX BEST,per-matrix-best,AlphaSparse-SpMM-CSR,best,pre-plus-solve,"csr-alg1,csr-alg2,csr-alg3,csr-alg4,csr-alg5",manual-selection,csr,ALPHASPARSE_SPMM_CSR_ALG5,workspace-setup,spmm.csr.fp64,fp64,A100-SXM4-80GB,A100-SXM4-80GB,,9700.0,dd6a9a30-d69d-5ea7-834e-7b0f3242a57c,suitesparse_all,Mallya/lhr11c,lhr11c,10964,10964,233741,2,row-major,N,N,1.0,0.0,20260922,main,pass,pass,0,0,934964.0,0.01459,0.017664000392,0.032254000392,0.018393500392,52.93047889782904,28.987536077289203,50.83121646636928,0.5456750401838045,0.29884057811638354,0.5240331594471059,AlphaSparse 248af573c867cf4c7e05d40c611c7c34ebac4715,CUDA,13040,13000,2026-10-06T22:20:58.828868+00:00,derived,csr-alg5,0,0,,,,5,20,4,true
3,A100-SXM4-80GB-suitesparse_all-fp64-n2-row-major-AlphaSparse-SpMM-CSR-pre-plus-solve,AlphaSparse-SpMM-CSR-best-pre-plus-solve,AlphaSparseLib CSR PER MATRIX BEST,per-matrix-best,AlphaSparse-SpMM-CSR,best,pre-plus-solve,"csr-alg1,csr-alg2,csr-alg3,csr-alg4,csr-alg5",manual-selection,csr,ALPHASPARSE_SPMM_CSR_ALG5,workspace-setup,spmm.csr.fp64,fp64,A100-SXM4-80GB,A100-SXM4-80GB,,9700.0,005fdebf-9ece-5bc0-9d3c-6fda0356699d,suitesparse_all,Mallya/lhr14,lhr14,14270,14270,307858,2,row-major,N,N,1.0,0.0,20260922,main,pass,pass,0,0,1231432.0,0.01393,0.0199680000544,0.0338980000544,0.0206645000544,61.670272267885466,36.32757088983952,59.59166671142362,0.6357760027617059,0.3745110401014383,0.6143470794992125,AlphaSparse 248af573c867cf4c7e05d40c611c7c34ebac4715,CUDA,13040,13000,2026-10-08T15:31:19.267118+00:00,derived,csr-alg5,0,0,,,,5,20,4,true
3,A100-SXM4-80GB-suitesparse_all-fp64-n2-row-major-AlphaSparse-SpMM-CSR-pre-plus-solve,AlphaSparse-SpMM-CSR-best-pre-plus-solve,AlphaSparseLib CSR PER MATRIX BEST,per-matrix-best,AlphaSparse-SpMM-CSR,best,pre-plus-solve,"csr-alg1,csr-alg2,csr-alg3,csr-alg4,csr-alg5",manual-selection,csr,ALPHASPARSE_SPMM_CSR_ALG5,workspace-setup,spmm.csr.fp64,fp64,A100-SXM4-80GB,A100-SXM4-80GB,,9700.0,d94c6f41-d28e-5f45-abb9-189a8a3b4f78,suitesparse_all,Mallya/lhr14c,lhr14c,14270,14270,307858,2,row-major,N,N,1.0,0.0,20260922,main,pass,pass,0,0,1231432.0,0.01334,0.0196096003056,0.0329496003056,0.0202766003056,62.797404373832876,37.37319993501439,60.73167993847089,0.6473959213797204,0.38529072097952977,0.6260997931801122,AlphaSparse 248af573c867cf4c7e05d40c611c7c34ebac4715,CUDA,13040,13000,2026-10-06T03:32:58.065588+00:00,derived,csr-alg5,0,0,,,,5,20,4,true
3,A100-SXM4-80GB-suitesparse_all-fp64-n2-row-major-AlphaSparse-SpMM-CSR-pre-plus-solve,AlphaSparse-SpMM-CSR-best-pre-plus-solve,AlphaSparseLib CSR PER MATRIX BEST,per-matrix-best,AlphaSparse-SpMM-CSR,best,pre-plus-solve,"csr-alg1,csr-alg2,csr-alg3,csr-alg4,csr-alg5",manual-selection,csr,ALPHASPARSE_SPMM_CSR_ALG5,workspace-setup,spmm.csr.fp64,fp64,A100-SXM4-80GB,A100-SXM4-80GB,,9700.0,018f64fd-81d1-5f6a-986f-7d386c913e5c,suitesparse_all,Mallya/lhr17,lhr17,17576,17576,381975,2,row-major,N,N,1.0,0.0,20260922,main,pass,pass,0,0,1527900.0,0.01482,0.0207359999418,0.0355559999418,0.0214769999418,73.68344928088236,42.97165042470892,71.14122103368344,0.7596231884627047,0.44300670540937026,0.733414649831788,AlphaSparse 248af573c867cf4c7e05d40c611c7c34ebac4715,CUDA,13040,13000,2026-10-06T23:07:08.025266+00:00,derived,csr-alg5,0,0,,,,5,20,4,true
3,A100-SXM4-80GB-suitesparse_all-fp64-n2-row-major-AlphaSparse-SpMM-CSR-pre-plus-solve,AlphaSparse-SpMM-CSR-best-pre-plus-solve,AlphaSparseLib CSR PER MATRIX BEST,per-matrix-best,AlphaSparse-SpMM-CSR,best,pre-plus-solve,"csr-alg1,csr-alg2,csr-alg3,csr-alg4,csr-alg5",manual-selection,csr,ALPHASPARSE_SPMM_CSR_ALG1,workspace-setup,spmm.csr.fp64,fp64,A100-SXM4-80GB,A100-SXM4-80GB,,9700.0,752b02ae-c4ef-54eb-ad5c-0957985c94ee,suitesparse_all,Mallya/lhr34,lhr34,35152,35152,764014,2,row-major,N,N,1.0,0.0,20260922,main,pass,pass,0,0,3056056.0,0.0201,0.0251904010773,0.0452904010773,0.0261954010773,121.31827479134203,67.47690299284467,116.66383694534339,1.2507038638282684,0.6956381751839656,1.2027199685086947,AlphaSparse 248af573c867cf4c7e05d40c611c7c34ebac4715,CUDA,13040,13000,2026-10-08T03:32:06.887570+00:00,derived,csr-alg1,0,0,,,,5,20,4,true
3,A100-SXM4-80GB-suitesparse_all-fp64-n2-row-major-AlphaSparse-SpMM-CSR-pre-plus-solve,AlphaSparse-SpMM-CSR-best-pre-plus-solve,AlphaSparseLib CSR PER MATRIX BEST,per-matrix-best,AlphaSparse-SpMM-CSR,best,pre-plus-solve,"csr-alg1,csr-alg2,csr-alg3,csr-alg4,csr-alg5",manual-selection,csr,ALPHASPARSE_SPMM_CSR_ALG1,workspace-setup,spmm.csr.fp64,fp64,A100-SXM4-80GB,A100-SXM4-80GB,,9700.0,152f8cc9-7213-5fba-8430-8cd9341fa530,suitesparse_all,Mallya/lhr34c,lhr34c,35152,35152,764014,2,row-major,N,N,1.0,0.0,20260922,main,pass,pass,0,0,3056056.0,0.02346,0.0246784001589,0.0481384001589,0.0258514001589,123.83525594538455,63.484785325483756,118.21626609063476,1.2766521231482943,0.6544823229431315,1.2187243926869562,AlphaSparse 248af573c867cf4c7e05d40c611c7c34ebac4715,CUDA,13040,13000,2026-10-07T22:25:36.563190+00:00,derived,csr-alg1,0,0,,,,5,20,4,true
3,A100-SXM4-80GB-suitesparse_all-fp64-n2-row-major-AlphaSparse-SpMM-CSR-pre-plus-solve,AlphaSparse-SpMM-CSR-best-pre-plus-solve,AlphaSparseLib CSR PER MATRIX BEST,per-matrix-best,AlphaSparse-SpMM-CSR,best,pre-plus-solve,"csr-alg1,csr-alg2,csr-alg3,csr-alg4,csr-alg5",manual-selection,csr,ALPHASPARSE_SPMM_CSR_ALG1,workspace-setup,spmm.csr.fp64,fp64,A100-SXM4-80GB,A100-SXM4-80GB,,9700.0,a0827285-e98d-55a9-b486-73107367c8f5,suitesparse_all,Mallya/lhr71,lhr71,70304,70304,1528092,2,row-major,N,N,1.0,0.0,20260922,main,pass,pass,0,0,6112368.0,0.02013,0.0367727994919,0.0569027994919,0.0377792994919,166.21981694231303,107.41770272427604,161.7914594025363,1.7136063602300313,1.107398997157485,1.6679531897168691,AlphaSparse 248af573c867cf4c7e05d40c611c7c34ebac4715,CUDA,13040,13000,2026-10-06T07:04:27.959193+00:00,derived,csr-alg1,0,0,,,,5,20,4,true
3,A100-SXM4-80GB-suitesparse_all-fp64-n2-row-major-AlphaSparse-SpMM-CSR-pre-plus-solve,AlphaSparse-SpMM-CSR-best-pre-plus-solve,AlphaSparseLib CSR PER MATRIX BEST,per-matrix-best,AlphaSparse-SpMM-CSR,best,pre-plus-solve,"csr-alg1,csr-alg2,csr-alg3,csr-alg4,csr-alg5",manual-selection,csr,ALPHASPARSE_SPMM_CSR_ALG1,workspace-setup,spmm.csr.fp64,fp64,A100-SXM4-80GB,A100-SXM4-80GB,,9700.0,dd6a9a30-d69d-5ea7-834e-7b0f3242a57c,suitesparse_all,Mallya/lhr71c,lhr71c,70304,70304,1528092,2,row-major,N,N,1.0,0.0,20260922,main,pass,pass,0,0,6112368.0,0.01415,0.0429567992687,0.0571067992687,0.0436642992687,142.29104831033607,107.03397981105489,139.9854824735856,1.4669180238178976,1.1034430908356174,1.4431493038513978,AlphaSparse 248af573c867cf4c7e05d40c611c7c34ebac4715,CUDA,13040,13000,2026-10-06T19:49:45.269809+00:00,derived,csr-alg1,0,0,,,,5,20,4,true
3,A100-SXM4-80GB-suitesparse_all-fp64-n2-row-major-AlphaSparse-SpMM-CSR-pre-plus-solve,AlphaSparse-SpMM-CSR-best-pre-plus-solve,AlphaSparseLib CSR PER MATRIX BEST,per-matrix-best,AlphaSparse-SpMM-CSR,best,pre-plus-solve,"csr-alg1,csr-alg2,csr-alg3,csr-alg4,csr-alg5",manual-selection,csr,ALPHASPARSE_SPMM_CSR_ALG1,workspace-setup,spmm.csr.fp64,fp64,A100-SXM4-80GB,A100-SXM4-80GB,,9700.0,dd6a9a30-d69d-5ea7-834e-7b0f3242a57c,suitesparse_all,Mancktelow/viscorocks,viscorocks,37762,37762,1162244,2,row-major,N,N,1.0,0.0,20260922,main,pass,pass,0,0,4648976.0,0.01361,0.0178688004613,0.0314788004613,0.0185493004613,260.17280846963894,147.68593249655257,250.62810372279577,2.682193901748855,1.5225353865623976,2.5837948837401625,AlphaSparse 248af573c867cf4c7e05d40c611c7c34ebac4715,CUDA,13040,13000,2026-10-06T19:53:53.019665+00:00,derived,csr-alg1,0,0,,,,5,20,4,true
3,A100-SXM4-80GB-suitesparse_all-fp64-n2-row-major-AlphaSparse-SpMM-CSR-pre-plus-solve,AlphaSparse-SpMM-CSR-best-pre-plus-solve,AlphaSparseLib CSR PER MATRIX BEST,per-matrix-best,AlphaSparse-SpMM-CSR,best,pre-plus-solve,"csr-alg1,csr-alg2,csr-alg3,csr-alg4,csr-alg5",manual-selection,csr,ALPHASPARSE_SPMM_CSR_ALG1,workspace-setup,spmm.csr.fp64,fp64,A100-SXM4-80GB,A100-SXM4-80GB,,9700.0,d94c6f41-d28e-5f45-abb9-189a8a3b4f78,suitesparse_all,Martin/marine1,marine1,400320,400320,6226538,2,row-major,N,N,1.0,0.0,20260922,main,pass,pass,0,0,24906152.0,0.05835,0.125696003437,0.184046003437,0.128613503437,198.14593399131576,135.3256877893875,193.65114342134393,2.0427415875393375,1.3951101833957475,1.9964035404262261,AlphaSparse 248af573c867cf4c7e05d40c611c7c34ebac4715,CUDA,13040,13000,2026-10-06T02:16:52.122912+00:00,derived,csr-alg1,0,0,,,,5,20,4,true
3,A100-SXM4-80GB-suitesparse_all-fp64-n2-row-major-AlphaSparse-SpMM-CSR-pre-plus-solve,AlphaSparse-SpMM-CSR-best-pre-plus-solve,AlphaSparseLib CSR PER MATRIX BEST,per-matrix-best,AlphaSparse-SpMM-CSR,best,pre-plus-solve,"csr-alg1,csr-alg2,csr-alg3,csr-alg4,csr-alg5",manual-selection,csr,ALPHASPARSE_SPMM_CSR_ALG3,workspace-setup,spmm.csr.fp64,fp64,A100-SXM4-80GB,A100-SXM4-80GB,,9700.0,752b02ae-c4ef-54eb-ad5c-0957985c94ee,suitesparse_all,MathWorks/Harvard500,Harvard500,500,500,2636,2,row-major,N,N,1.0,0.0,20260922,main,pass,pass,0,0,10544.0,0.01236,0.0141312003136,0.0264912003136,0.0147492003136,0.7461503457602504,0.3980189600766011,0.7148862159175876,0.007692271605775777,0.004103288248212382,0.00736996098884111,AlphaSparse 248af573c867cf4c7e05d40c611c7c34ebac4715,CUDA,13040,13000,2026-10-08T05:55:59.148770+00:00,derived,csr-alg3,0,0,,,,5,20,4,true
3,A100-SXM4-80GB-suitesparse_all-fp64-n2-row-major-AlphaSparse-SpMM-CSR-pre-plus-solve,AlphaSparse-SpMM-CSR-best-pre-plus-solve,AlphaSparseLib CSR PER MATRIX BEST,per-matrix-best,AlphaSparse-SpMM-CSR,best,pre-plus-solve,"csr-alg1,csr-alg2,csr-alg3,csr-alg4,csr-alg5",manual-selection,csr,ALPHASPARSE_SPMM_CSR_ALG3,workspace-setup,spmm.csr.fp64,fp64,A100-SXM4-80GB,A100-SXM4-80GB,,9700.0,752b02ae-c4ef-54eb-ad5c-0957985c94ee,suitesparse_all,MathWorks/Kaufhold,Kaufhold,8765,8765,42471,2,row-major,N,N,1.0,0.0,20260922,main,pass,pass,0,0,169884.0,0.0116,0.0162303999066,0.0278303999066,0.0168103999066,10.467024902505184,6.104260110172254,10.105886888110327,0.10790747322170291,0.06293051659971395,0.10418440090835387,AlphaSparse 248af573c867cf4c7e05d40c611c7c34ebac4715,CUDA,13040,13000,2026-10-08T05:57:30.829326+00:00,derived,csr-alg3,0,0,,,,5,20,4,true
3,A100-SXM4-80GB-suitesparse_all-fp64-n2-row-major-AlphaSparse-SpMM-CSR-pre-plus-solve,AlphaSparse-SpMM-CSR-best-pre-plus-solve,AlphaSparseLib CSR PER MATRIX BEST,per-matrix-best,AlphaSparse-SpMM-CSR,best,pre-plus-solve,"csr-alg1,csr-alg2,csr-alg3,csr-alg4,csr-alg5",manual-selection,csr,ALPHASPARSE_SPMM_CSR_ALG5,workspace-setup,spmm.csr.fp64,fp64,A100-SXM4-80GB,A100-SXM4-80GB,,9700.0,018f64fd-81d1-5f6a-986f-7d386c913e5c,suitesparse_all,MathWorks/Kuu,Kuu,7102,7102,340200,2,row-major,N,N,1.0,0.0,20260922,main,pass,pass,0,0,1360800.0,0.01357,0.020377600193,0.033947600193,0.021056100193,66.7792079102354,40.08530771729182,64.62735205127831,0.6884454423735609,0.413250595023627,0.6662613613533847,AlphaSparse 248af573c867cf4c7e05d40c611c7c34ebac4715,CUDA,13040,13000,2026-10-06T23:09:09.691894+00:00,derived,csr-alg5,0,0,,,,5,20,4,true
3,A100-SXM4-80GB-suitesparse_all-fp64-n2-row-major-AlphaSparse-SpMM-CSR-pre-plus-solve,AlphaSparse-SpMM-CSR-best-pre-plus-solve,AlphaSparseLib CSR PER MATRIX BEST,per-matrix-best,AlphaSparse-SpMM-CSR,best,pre-plus-solve,"csr-alg1,csr-alg2,csr-alg3,csr-alg4,csr-alg5",manual-selection,csr,ALPHASPARSE_SPMM_CSR_ALG1,workspace-setup,spmm.csr.fp64,fp64,A100-SXM4-80GB,A100-SXM4-80GB,,9700.0,018f64fd-81d1-5f6a-986f-7d386c913e5c,suitesparse_all,MathWorks/Pd,Pd,8081,8081,13036,2,row-major,N,N,1.0,0.0,20260922,main,pass,pass,0,0,52144.0,0.01675,0.00609279982746,0.0228427998275,0.00693029982746,8.558298561687373,2.2827324318284687,7.524061194782552,0.08822988207925127,0.02353332403946875,0.07756764118332528,AlphaSparse 248af573c867cf4c7e05d40c611c7c34ebac4715,CUDA,13040,13000,2026-10-06T20:28:06.325520+00:00,derived,csr-alg1,0,0,,,,5,20,4,true
3,A100-SXM4-80GB-suitesparse_all-fp64-n2-row-major-AlphaSparse-SpMM-CSR-pre-plus-solve,AlphaSparse-SpMM-CSR-best-pre-plus-solve,AlphaSparseLib CSR PER MATRIX BEST,per-matrix-best,AlphaSparse-SpMM-CSR,best,pre-plus-solve,"csr-alg1,csr-alg2,csr-alg3,csr-alg4,csr-alg5",manual-selection,csr,ALPHASPARSE_SPMM_CSR_ALG2,workspace-setup,spmm.csr.fp64,fp64,A100-SXM4-80GB,A100-SXM4-80GB,,9700.0,152f8cc9-7213-5fba-8430-8cd9341fa530,suitesparse_all,MathWorks/pivtol,pivtol,102,102,306,2,row-major,N,N,1.0,0.0,20260922,main,pass,pass,0,0,1224.0,0.01272,0.0132095992565,0.0259295992565,0.0138455992565,0.09265988893627568,0.04720474033909989,0.08840354088866013,0.0009552565869719142,0.0004866468076195865,0.0009113767101923726,AlphaSparse 248af573c867cf4c7e05d40c611c7c34ebac4715,CUDA,13040,13000,2026-10-07T23:24:04.858642+00:00,derived,csr-alg2,0,0,,,,5,20,4,true
3,A100-SXM4-80GB-suitesparse_all-fp64-n2-row-major-AlphaSparse-SpMM-CSR-pre-plus-solve,AlphaSparse-SpMM-CSR-best-pre-plus-solve,AlphaSparseLib CSR PER MATRIX BEST,per-matrix-best,AlphaSparse-SpMM-CSR,best,pre-plus-solve,"csr-alg1,csr-alg2,csr-alg3,csr-alg4,csr-alg5",manual-selection,csr,ALPHASPARSE_SPMM_CSR_ALG5,workspace-setup,spmm.csr.fp64,fp64,A100-SXM4-80GB,A100-SXM4-80GB,,9700.0,a0827285-e98d-55a9-b486-73107367c8f5,suitesparse_all,MathWorks/QRpivot,QRpivot,660,749,3808,2,row-major,N,N,1.0,0.0,20260922,main,pass,pass,0,0,15232.0,0.01537,0.0107248000801,0.0260948000801,0.0114933000801,1.42025957465288,0.5837178270476954,1.3252938576252218,0.014641851285081237,0.006017709557192736,0.013662823274486821,AlphaSparse 248af573c867cf4c7e05d40c611c7c34ebac4715,CUDA,13040,13000,2026-10-06T09:00:31.715389+00:00,derived,csr-alg5,0,0,,,,5,20,4,true
3,A100-SXM4-80GB-suitesparse_all-fp64-n2-row-major-AlphaSparse-SpMM-CSR-pre-plus-solve,AlphaSparse-SpMM-CSR-best-pre-plus-solve,AlphaSparseLib CSR PER MATRIX BEST,per-matrix-best,AlphaSparse-SpMM-CSR,best,pre-plus-solve,"csr-alg1,csr-alg2,csr-alg3,csr-alg4,csr-alg5",manual-selection,csr,ALPHASPARSE_SPMM_CSR_ALG3,workspace-setup,spmm.csr.fp64,fp64,A100-SXM4-80GB,A100-SXM4-80GB,,9700.0,018f64fd-81d1-5f6a-986f-7d386c913e5c,suitesparse_all,MathWorks/Sieber,Sieber,2290,2290,14873,2,row-major,N,N,1.0,0.0,20260922,main,pass,pass,0,0,59492.0,0.01209,0.0160255998373,0.0281155998373,0.0166300998373,3.7123103412036293,2.115978330331548,3.5773687820300477,0.03827124063096525,0.021814209591046886,0.03688009053639225,AlphaSparse 248af573c867cf4c7e05d40c611c7c34ebac4715,CUDA,13040,13000,2026-10-06T21:54:21.064066+00:00,derived,csr-alg3,0,0,,,,5,20,4,true
3,A100-SXM4-80GB-suitesparse_all-fp64-n2-row-major-AlphaSparse-SpMM-CSR-pre-plus-solve,AlphaSparse-SpMM-CSR-best-pre-plus-solve,AlphaSparseLib CSR PER MATRIX BEST,per-matrix-best,AlphaSparse-SpMM-CSR,best,pre-plus-solve,"csr-alg1,csr-alg2,csr-alg3,csr-alg4,csr-alg5",manual-selection,csr,ALPHASPARSE_SPMM_CSR_ALG2,workspace-setup,spmm.csr.fp64,fp64,A100-SXM4-80GB,A100-SXM4-80GB,,9700.0,005fdebf-9ece-5bc0-9d3c-6fda0356699d,suitesparse_all,MathWorks/tomography,tomography,500,500,28726,2,row-major,N,N,1.0,0.0,20260922,main,pass,pass,0,0,114904.0,0.01286,0.0144896000624,0.0273496000624,0.0151326000624,7.93010155595473,4.201304579878265,7.593143248760152,0.08175362428819309,0.043312418349260466,0.07827982730680569,AlphaSparse 248af573c867cf4c7e05d40c611c7c34ebac4715,CUDA,13040,13000,2026-10-08T14:21:35.023905+00:00,derived,csr-alg2,0,0,,,,5,20,4,true
3,A100-SXM4-80GB-suitesparse_all-fp64-n2-row-major-AlphaSparse-SpMM-CSR-pre-plus-solve,AlphaSparse-SpMM-CSR-best-pre-plus-solve,AlphaSparseLib CSR PER MATRIX BEST,per-matrix-best,AlphaSparse-SpMM-CSR,best,pre-plus-solve,"csr-alg1,csr-alg2,csr-alg3,csr-alg4,csr-alg5",manual-selection,csr,ALPHASPARSE_SPMM_CSR_ALG1,workspace-setup,spmm.csr.fp64,fp64,A100-SXM4-80GB,A100-SXM4-80GB,,9700.0,005fdebf-9ece-5bc0-9d3c-6fda0356699d,suitesparse_all,MathWorks/TS,TS,2142,2142,45262,2,row-major,N,N,1.0,0.0,20260922,main,pass,pass,0,0,181048.0,0.01449,0.010342399776,0.024832399776,0.011066899776,17.505414983099953,7.29079757224991,16.359414439862007,0.18046819570206138,0.07516286156958671,0.16865375711197947,AlphaSparse 248af573c867cf4c7e05d40c611c7c34ebac4715,CUDA,13040,13000,2026-10-08T14:00:33.265109+00:00,derived,csr-alg1,0,0,,,,5,20,4,true
3,A100-SXM4-80GB-suitesparse_all-fp64-n2-row-major-AlphaSparse-SpMM-CSR-pre-plus-solve,AlphaSparse-SpMM-CSR-best-pre-plus-solve,AlphaSparseLib CSR PER MATRIX BEST,per-matrix-best,AlphaSparse-SpMM-CSR,best,pre-plus-solve,"csr-alg1,csr-alg2,csr-alg3,csr-alg4,csr-alg5",manual-selection,csr,ALPHASPARSE_SPMM_CSR_ALG5,workspace-setup,spmm.csr.fp64,fp64,A100-SXM4-80GB,A100-SXM4-80GB,,9700.0,005fdebf-9ece-5bc0-9d3c-6fda0356699d,suitesparse_all,MAWI/mawi_201512012345,mawi_201512012345,18571154,18571154,38040320,2,row-major,N,N,1.0,0.0,20260922,main,pass,pass,0,0,152161280.0,0.38856,2.41669120789,2.80525120789,2.43611920789,62.96264889085734,54.24158790914477,62.46052307587677,0.6490994731016221,0.5591916279293275,0.643922918308008,AlphaSparse 248af573c867cf4c7e05d40c611c7c34ebac4715,CUDA,13040,13000,2026-10-08T15:50:47.044527+00:00,derived,csr-alg5,0,0,,,,5,20,4,true
3,A100-SXM4-80GB-suitesparse_all-fp64-n2-row-major-AlphaSparse-SpMM-CSR-pre-plus-solve,AlphaSparse-SpMM-CSR-best-pre-plus-solve,AlphaSparseLib CSR PER MATRIX BEST,per-matrix-best,AlphaSparse-SpMM-CSR,best,pre-plus-solve,"csr-alg1,csr-alg2,csr-alg3,csr-alg4,csr-alg5",manual-selection,csr,ALPHASPARSE_SPMM_CSR_ALG5,workspace-setup,spmm.csr.fp64,fp64,A100-SXM4-80GB,A100-SXM4-80GB,,9700.0,d94c6f41-d28e-5f45-abb9-189a8a3b4f78,suitesparse_all,MAWI/mawi_201512020000,mawi_201512020000,35991342,35991342,74485420,2,row-major,N,N,1.0,0.0,20260922,main,pass,pass,0,0,297941680.0,0.62561,4.15779838562,4.78340838562,4.18907888562,71.65852029536823,62.28648193528272,71.12343504027938,0.7387476319110127,0.6421286797451827,0.7332312890750451,AlphaSparse 248af573c867cf4c7e05d40c611c7c34ebac4715,CUDA,13040,13000,2026-10-06T03:53:44.620859+00:00,derived,csr-alg5,0,0,,,,5,20,4,true
3,A100-SXM4-80GB-suitesparse_all-fp64-n2-row-major-AlphaSparse-SpMM-CSR-pre-plus-solve,AlphaSparse-SpMM-CSR-best-pre-plus-solve,AlphaSparseLib CSR PER MATRIX BEST,per-matrix-best,AlphaSparse-SpMM-CSR,best,pre-plus-solve,"csr-alg1,csr-alg2,csr-alg3,csr-alg4,csr-alg5",manual-selection,csr,ALPHASPARSE_SPMM_CSR_ALG5,workspace-setup,spmm.csr.fp64,fp64,A100-SXM4-80GB,A100-SXM4-80GB,,9700.0,018f64fd-81d1-5f6a-986f-7d386c913e5c,suitesparse_all,MAWI/mawi_201512020030,mawi_201512020030,68863315,68863315,143414960,2,row-major,N,N,1.0,0.0,20260922,main,pass,pass,0,0,573659840.0,2.326071,9.00372467041,11.3297956704,9.12002822041,63.71361419849786,50.63284958428089,62.90110360801171,0.6568413834896686,0.5219881400441329,0.6484649856496052,AlphaSparse 248af573c867cf4c7e05d40c611c7c34ebac4715,CUDA,13040,13000,2026-10-06T23:21:33.380014+00:00,derived,csr-alg5,0,0,,,,5,20,4,true
3,A100-SXM4-80GB-suitesparse_all-fp64-n2-row-major-AlphaSparse-SpMM-CSR-pre-plus-solve,AlphaSparse-SpMM-CSR-best-pre-plus-solve,AlphaSparseLib CSR PER MATRIX BEST,per-matrix-best,AlphaSparse-SpMM-CSR,best,pre-plus-solve,"csr-alg1,csr-alg2,csr-alg3,csr-alg4,csr-alg5",manual-selection,csr,ALPHASPARSE_SPMM_CSR_ALG5,workspace-setup,spmm.csr.fp64,fp64,A100-SXM4-80GB,A100-SXM4-80GB,,9700.0,752b02ae-c4ef-54eb-ad5c-0957985c94ee,suitesparse_all,MAWI/mawi_201512020330,mawi_201512020330,226196185,226196185,480047894,2,row-major,N,N,1.0,0.0,20260922,main,pass,pass,0,0,1920191576.0,50.13601,29.8736633301,80.0096733301,32.3804638301,64.2770709029602,23.999492762303472,59.30092867338861,0.6626502154944351,0.24741745115776773,0.6113497801380269,AlphaSparse 248af573c867cf4c7e05d40c611c7c34ebac4715,CUDA,13040,13000,2026-10-08T08:39:31.452679+00:00,derived,csr-alg5,0,0,,,,5,20,4,true
3,A100-SXM4-80GB-suitesparse_all-fp64-n2-row-major-AlphaSparse-SpMM-CSR-pre-plus-solve,AlphaSparse-SpMM-CSR-best-pre-plus-solve,AlphaSparseLib CSR PER MATRIX BEST,per-matrix-best,AlphaSparse-SpMM-CSR,best,pre-plus-solve,"csr-alg1,csr-alg2,csr-alg3,csr-alg4,csr-alg5",manual-selection,csr,ALPHASPARSE_SPMM_CSR_ALG1,workspace-setup,spmm.csr.fp64,fp64,A100-SXM4-80GB,A100-SXM4-80GB,,9700.0,152f8cc9-7213-5fba-8430-8cd9341fa530,suitesparse_all,MaxPlanck/shallow_water1,shallow_water1,81920,81920,327680,2,row-major,N,N,1.0,0.0,20260922,main,pass,pass,0,0,1310720.0,0.02307,0.00936959981918,0.0324395998192,0.0105230998192,139.89071308220616,40.40493740074516,124.55645413612024,1.4421722998165583,0.41654574639943465,1.2840871560424767,AlphaSparse 248af573c867cf4c7e05d40c611c7c34ebac4715,CUDA,13040,13000,2026-10-07T22:29:49.224518+00:00,derived,csr-alg1,0,0,,,,5,20,4,true
3,A100-SXM4-80GB-suitesparse_all-fp64-n2-row-major-AlphaSparse-SpMM-CSR-pre-plus-solve,AlphaSparse-SpMM-CSR-best-pre-plus-solve,AlphaSparseLib CSR PER MATRIX BEST,per-matrix-best,AlphaSparse-SpMM-CSR,best,pre-plus-solve,"csr-alg1,csr-alg2,csr-alg3,csr-alg4,csr-alg5",manual-selection,csr,ALPHASPARSE_SPMM_CSR_ALG1,workspace-setup,spmm.csr.fp64,fp64,A100-SXM4-80GB,A100-SXM4-80GB,,9700.0,a0827285-e98d-55a9-b486-73107367c8f5,suitesparse_all,MaxPlanck/shallow_water2,shallow_water2,81920,81920,327680,2,row-major,N,N,1.0,0.0,20260922,main,pass,pass,0,0,1310720.0,0.02325,0.00798719972372,0.0312371997237,0.00914969972372,164.10256977892854,41.96022728008947,143.2527885698854,1.6917790698858612,0.43257966268133474,1.4768328718544887,AlphaSparse 248af573c867cf4c7e05d40c611c7c34ebac4715,CUDA,13040,13000,2026-10-06T07:10:16.418512+00:00,derived,csr-alg1,0,0,,,,5,20,4,true
3,A100-SXM4-80GB-suitesparse_all-fp64-n2-row-major-AlphaSparse-SpMM-CSR-pre-plus-solve,AlphaSparse-SpMM-CSR-best-pre-plus-solve,AlphaSparseLib CSR PER MATRIX BEST,per-matrix-best,AlphaSparse-SpMM-CSR,best,pre-plus-solve,"csr-alg1,csr-alg2,csr-alg3,csr-alg4,csr-alg5",manual-selection,csr,ALPHASPARSE_SPMM_CSR_ALG5,workspace-setup,spmm.csr.fp64,fp64,A100-SXM4-80GB,A100-SXM4-80GB,,9700.0,005fdebf-9ece-5bc0-9d3c-6fda0356699d,suitesparse_all,Mazaheri/bundle_adj,bundle_adj,513351,513351,20208051,2,row-major,N,N,1.0,0.0,20260922,main,pass,pass,0,0,80832204.0,0.999161,0.639121580124,1.63828258012,0.689079630124,126.47390811669548,49.339598052784794,117.30459074149998,1.3038547228525308,0.5086556500287092,1.2093256777474224,AlphaSparse 248af573c867cf4c7e05d40c611c7c34ebac4715,CUDA,13040,13000,2026-10-08T15:45:06.276180+00:00,derived,csr-alg5,0,0,,,,5,20,4,true
3,A100-SXM4-80GB-suitesparse_all-fp64-n2-row-major-AlphaSparse-SpMM-CSR-pre-plus-solve,AlphaSparse-SpMM-CSR-best-pre-plus-solve,AlphaSparseLib CSR PER MATRIX BEST,per-matrix-best,AlphaSparse-SpMM-CSR,best,pre-plus-solve,"csr-alg1,csr-alg2,csr-alg3,csr-alg4,csr-alg5",manual-selection,csr,ALPHASPARSE_SPMM_CSR_ALG4,workspace-setup,spmm.csr.fp64,fp64,A100-SXM4-80GB,A100-SXM4-80GB,,9700.0,018f64fd-81d1-5f6a-986f-7d386c913e5c,suitesparse_all,McRae/ecology1,ecology1,1000000,1000000,4996000,2,row-major,N,N,1.0,0.0,20260922,main,pass,pass,0,0,19984000.0,0.37858,0.167987203598,0.546567203598,0.186916203598,118.96144213354785,36.56274995727374,106.91421939522971,1.226406619933483,0.37693556656983235,1.102208447373502,AlphaSparse 248af573c867cf4c7e05d40c611c7c34ebac4715,CUDA,13040,13000,2026-10-06T22:34:09.763757+00:00,derived,csr-alg4,0,0,,,,5,20,4,true
3,A100-SXM4-80GB-suitesparse_all-fp64-n2-row-major-AlphaSparse-SpMM-CSR-pre-plus-solve,AlphaSparse-SpMM-CSR-best-pre-plus-solve,AlphaSparseLib CSR PER MATRIX BEST,per-matrix-best,AlphaSparse-SpMM-CSR,best,pre-plus-solve,"csr-alg1,csr-alg2,csr-alg3,csr-alg4,csr-alg5",manual-selection,csr,ALPHASPARSE_SPMM_CSR_ALG1,workspace-setup,spmm.csr.fp64,fp64,A100-SXM4-80GB,A100-SXM4-80GB,,9700.0,752b02ae-c4ef-54eb-ad5c-0957985c94ee,suitesparse_all,Meng/iChem_Jacobian,iChem_Jacobian,274087,274087,4137369,2,row-major,N,N,1.0,0.0,20260922,main,pass,pass,0,0,16549476.0,0.03009,0.083046400547,0.113136400547,0.084550900547,199.27987114425082,146.2789687490976,195.73388211046324,2.0544316612809363,1.5080306056608,2.017875073303745,AlphaSparse 248af573c867cf4c7e05d40c611c7c34ebac4715,CUDA,13040,13000,2026-10-08T03:53:23.980287+00:00,derived,csr-alg1,0,0,,,,5,20,4,true
3,A100-SXM4-80GB-suitesparse_all-fp64-n2-row-major-AlphaSparse-SpMM-CSR-pre-plus-solve,AlphaSparse-SpMM-CSR-best-pre-plus-solve,AlphaSparseLib CSR PER MATRIX BEST,per-matrix-best,AlphaSparse-SpMM-CSR,best,pre-plus-solve,"csr-alg1,csr-alg2,csr-alg3,csr-alg4,csr-alg5",manual-selection,csr,ALPHASPARSE_SPMM_CSR_ALG3,workspace-setup,spmm.csr.fp64,fp64,A100-SXM4-80GB,A100-SXM4-80GB,,9700.0,dd6a9a30-d69d-5ea7-834e-7b0f3242a57c,suitesparse_all,Meszaros/aa01,aa01,823,8904,72965,2,row-major,N,N,1.0,0.0,20260922,main,pass,pass,0,0,291860.0,0.0138,0.015513600409,0.029313600409,0.016203600409,18.813169883548213,9.956470577745604,18.012046251022802,0.19395020498503313,0.10264402657469696,0.1856911984641526,AlphaSparse 248af573c867cf4c7e05d40c611c7c34ebac4715,CUDA,13040,13000,2026-10-06T21:09:28.978955+00:00,derived,csr-alg3,0,0,,,,5,20,4,true
3,A100-SXM4-80GB-suitesparse_all-fp64-n2-row-major-AlphaSparse-SpMM-CSR-pre-plus-solve,AlphaSparse-SpMM-CSR-best-pre-plus-solve,AlphaSparseLib CSR PER MATRIX BEST,per-matrix-best,AlphaSparse-SpMM-CSR,best,pre-plus-solve,"csr-alg1,csr-alg2,csr-alg3,csr-alg4,csr-alg5",manual-selection,csr,ALPHASPARSE_SPMM_CSR_ALG5,workspace-setup,spmm.csr.fp64,fp64,A100-SXM4-80GB,A100-SXM4-80GB,,9700.0,005fdebf-9ece-5bc0-9d3c-6fda0356699d,suitesparse_all,Meszaros/aa03,aa03,825,8627,70806,2,row-major,N,N,1.0,0.0,20260922,main,pass,pass,0,0,283224.0,0.01388,0.0126111999154,0.0264911999154,0.0133051999154,22.458132604348357,10.6912484487105,21.286715103933506,0.231527140251014,0.1102190561722732,0.21945067117457223,AlphaSparse 248af573c867cf4c7e05d40c611c7c34ebac4715,CUDA,13040,13000,2026-10-08T15:33:51.688731+00:00,derived,csr-alg5,0,0,,,,5,20,4,true
3,A100-SXM4-80GB-suitesparse_all-fp64-n2-row-major-AlphaSparse-SpMM-CSR-pre-plus-solve,AlphaSparse-SpMM-CSR-best-pre-plus-solve,AlphaSparseLib CSR PER MATRIX BEST,per-matrix-best,AlphaSparse-SpMM-CSR,best,pre-plus-solve,"csr-alg1,csr-alg2,csr-alg3,csr-alg4,csr-alg5",manual-selection,csr,ALPHASPARSE_SPMM_CSR_ALG2,workspace-setup,spmm.csr.fp64,fp64,A100-SXM4-80GB,A100-SXM4-80GB,,9700.0,d94c6f41-d28e-5f45-abb9-189a8a3b4f78,suitesparse_all,Meszaros/aa3,aa3,825,8627,70806,2,row-major,N,N,1.0,0.0,20260922,main,pass,pass,0,0,283224.0,0.01432,0.0155647993088,0.0298847993088,0.0162807993088,18.19644406464472,9.477192638084764,17.3961974856427,0.18759220685200742,0.09770301688747178,0.17934224212002783,AlphaSparse 248af573c867cf4c7e05d40c611c7c34ebac4715,CUDA,13040,13000,2026-10-06T02:22:50.611527+00:00,derived,csr-alg2,0,0,,,,5,20,4,true
3,A100-SXM4-80GB-suitesparse_all-fp64-n2-row-major-AlphaSparse-SpMM-CSR-pre-plus-solve,AlphaSparse-SpMM-CSR-best-pre-plus-solve,AlphaSparseLib CSR PER MATRIX BEST,per-matrix-best,AlphaSparse-SpMM-CSR,best,pre-plus-solve,"csr-alg1,csr-alg2,csr-alg3,csr-alg4,csr-alg5",manual-selection,csr,ALPHASPARSE_SPMM_CSR_ALG3,workspace-setup,spmm.csr.fp64,fp64,A100-SXM4-80GB,A100-SXM4-80GB,,9700.0,018f64fd-81d1-5f6a-986f-7d386c913e5c,suitesparse_all,Meszaros/aa4,aa4,426,7195,52121,2,row-major,N,N,1.0,0.0,20260922,main,pass,pass,0,0,208484.0,0.01139,0.0153088003397,0.0266988003397,0.0158783003397,13.618572022220624,7.808740368382508,13.130120701819338,0.14039764971361468,0.08050247802456194,0.13536206909092102,AlphaSparse 248af573c867cf4c7e05d40c611c7c34ebac4715,CUDA,13040,13000,2026-10-06T21:55:58.024228+00:00,derived,csr-alg3,0,0,,,,5,20,4,true
3,A100-SXM4-80GB-suitesparse_all-fp64-n2-row-major-AlphaSparse-SpMM-CSR-pre-plus-solve,AlphaSparse-SpMM-CSR-best-pre-plus-solve,AlphaSparseLib CSR PER MATRIX BEST,per-matrix-best,AlphaSparse-SpMM-CSR,best,pre-plus-solve,"csr-alg1,csr-alg2,csr-alg3,csr-alg4,csr-alg5",manual-selection,csr,ALPHASPARSE_SPMM_CSR_ALG2,workspace-setup,spmm.csr.fp64,fp64,A100-SXM4-80GB,A100-SXM4-80GB,,9700.0,752b02ae-c4ef-54eb-ad5c-0957985c94ee,suitesparse_all,Meszaros/aa6,aa6,646,7292,51728,2,row-major,N,N,1.0,0.0,20260922,main,pass,pass,0,0,206912.0,0.01124,0.0157184004784,0.0269584004784,0.0162804004784,13.163680381113554,7.675232815306867,12.70926966904286,0.13570804516611912,0.07912611149800894,0.13102339864992638,AlphaSparse 248af573c867cf4c7e05d40c611c7c34ebac4715,CUDA,13040,13000,2026-10-08T04:56:09.368245+00:00,derived,csr-alg2,0,0,,,,5,20,4,true
3,A100-SXM4-80GB-suitesparse_all-fp64-n2-row-major-AlphaSparse-SpMM-CSR-pre-plus-solve,AlphaSparse-SpMM-CSR-best-pre-plus-solve,AlphaSparseLib CSR PER MATRIX BEST,per-matrix-best,AlphaSparse-SpMM-CSR,best,pre-plus-solve,"csr-alg1,csr-alg2,csr-alg3,csr-alg4,csr-alg5",manual-selection,csr,ALPHASPARSE_SPMM_CSR_ALG5,workspace-setup,spmm.csr.fp64,fp64,A100-SXM4-80GB,A100-SXM4-80GB,,9700.0,152f8cc9-7213-5fba-8430-8cd9341fa530,suitesparse_all,Meszaros/air02,air02,50,6774,61555,2,row-major,N,N,1.0,0.0,20260922,main,pass,pass,0,0,246220.0,0.02232,0.0153600007296,0.0376800007296,0.0164760007296,16.029947155244177,6.5345009350432095,14.944160542409593,0.16525718716746574,0.06736598902106401,0.15406351074649063,AlphaSparse 248af573c867cf4c7e05d40c611c7c34ebac4715,CUDA,13040,13000,2026-10-08T02:22:52.157715+00:00,derived,csr-alg5,0,0,,,,5,20,4,true
3,A100-SXM4-80GB-suitesparse_all-fp64-n2-row-major-AlphaSparse-SpMM-CSR-pre-plus-solve,AlphaSparse-SpMM-CSR-best-pre-plus-solve,AlphaSparseLib CSR PER MATRIX BEST,per-matrix-best,AlphaSparse-SpMM-CSR,best,pre-plus-solve,"csr-alg1,csr-alg2,csr-alg3,csr-alg4,csr-alg5",manual-selection,csr,ALPHASPARSE_SPMM_CSR_ALG5,workspace-setup,spmm.csr.fp64,fp64,A100-SXM4-80GB,A100-SXM4-80GB,,9700.0,a0827285-e98d-55a9-b486-73107367c8f5,suitesparse_all,Meszaros/air03,air03,124,10757,91028,2,row-major,N,N,1.0,0.0,20260922,main,pass,pass,0,0,364112.0,0.01633,0.0147456005216,0.0310756005216,0.0155621005216,24.692924473752885,11.716973892327948,23.397355613698622,0.25456623168817405,0.12079354528173143,0.24120985168761466,AlphaSparse 248af573c867cf4c7e05d40c611c7c34ebac4715,CUDA,13040,13000,2026-10-06T08:59:40.328887+00:00,derived,csr-alg5,0,0,,,,5,20,4,true
3,A100-SXM4-80GB-suitesparse_all-fp64-n2-row-major-AlphaSparse-SpMM-CSR-pre-plus-solve,AlphaSparse-SpMM-CSR-best-pre-plus-solve,AlphaSparseLib CSR PER MATRIX BEST,per-matrix-best,AlphaSparse-SpMM-CSR,best,pre-plus-solve,"csr-alg1,csr-alg2,csr-alg3,csr-alg4,csr-alg5",manual-selection,csr,ALPHASPARSE_SPMM_CSR_ALG5,workspace-setup,spmm.csr.fp64,fp64,A100-SXM4-80GB,A100-SXM4-80GB,,9700.0,dd6a9a30-d69d-5ea7-834e-7b0f3242a57c,suitesparse_all,Meszaros/air04,air04,823,8904,72965,2,row-major,N,N,1.0,0.0,20260922,main,pass,pass,0,0,291860.0,0.0144,0.0151552006602,0.0295552006602,0.0158752006602,19.25807559687886,9.875080983396206,18.384649507562383,0.19853686182349342,0.10180495859171347,0.18953246915012764,AlphaSparse 248af573c867cf4c7e05d40c611c7c34ebac4715,CUDA,13040,13000,2026-10-06T22:23:54.583935+00:00,derived,csr-alg5,0,0,,,,5,20,4,true
3,A100-SXM4-80GB-suitesparse_all-fp64-n2-row-major-AlphaSparse-SpMM-CSR-pre-plus-solve,AlphaSparse-SpMM-CSR-best-pre-plus-solve,AlphaSparseLib CSR PER MATRIX BEST,per-matrix-best,AlphaSparse-SpMM-CSR,best,pre-plus-solve,"csr-alg1,csr-alg2,csr-alg3,csr-alg4,csr-alg5",manual-selection,csr,ALPHASPARSE_SPMM_CSR_ALG5,workspace-setup,spmm.csr.fp64,fp64,A100-SXM4-80GB,A100-SXM4-80GB,,9700.0,005fdebf-9ece-5bc0-9d3c-6fda0356699d,suitesparse_all,Meszaros/air05,air05,426,7195,52121,2,row-major,N,N,1.0,0.0,20260922,main,pass,pass,0,0,208484.0,0.01399,0.0123824000359,0.0263724000359,0.0130819000359,16.837123610572043,7.905385923017877,15.936828704382991,0.17357859392342312,0.0814988239486379,0.16429720313796897,AlphaSparse 248af573c867cf4c7e05d40c611c7c34ebac4715,CUDA,13040,13000,2026-10-08T15:33:52.479125+00:00,derived,csr-alg5,0,0,,,,5,20,4,true
3,A100-SXM4-80GB-suitesparse_all-fp64-n2-row-major-AlphaSparse-SpMM-CSR-pre-plus-solve,AlphaSparse-SpMM-CSR-best-pre-plus-solve,AlphaSparseLib CSR PER MATRIX BEST,per-matrix-best,AlphaSparse-SpMM-CSR,best,pre-plus-solve,"csr-alg1,csr-alg2,csr-alg3,csr-alg4,csr-alg5",manual-selection,csr,ALPHASPARSE_SPMM_CSR_ALG3,workspace-setup,spmm.csr.fp64,fp64,A100-SXM4-80GB,A100-SXM4-80GB,,9700.0,d94c6f41-d28e-5f45-abb9-189a8a3b4f78,suitesparse_all,Meszaros/air06,air06,825,8627,70806,2,row-major,N,N,1.0,0.0,20260922,main,pass,pass,0,0,283224.0,0.01287,0.0156672000885,0.0285372000885,0.0163107000885,18.077512152786724,9.924729795553223,17.36430677182824,0.18636610466790438,0.1023168020160126,0.17901347187451794,AlphaSparse 248af573c867cf4c7e05d40c611c7c34ebac4715,CUDA,13040,13000,2026-10-06T02:47:54.552100+00:00,derived,csr-alg3,0,0,,,,5,20,4,true
3,A100-SXM4-80GB-suitesparse_all-fp64-n2-row-major-AlphaSparse-SpMM-CSR-pre-plus-solve,AlphaSparse-SpMM-CSR-best-pre-plus-solve,AlphaSparseLib CSR PER MATRIX BEST,per-matrix-best,AlphaSparse-SpMM-CSR,best,pre-plus-solve,"csr-alg1,csr-alg2,csr-alg3,csr-alg4,csr-alg5",manual-selection,csr,ALPHASPARSE_SPMM_CSR_ALG3,workspace-setup,spmm.csr.fp64,fp64,A100-SXM4-80GB,A100-SXM4-80GB,,9700.0,018f64fd-81d1-5f6a-986f-7d386c913e5c,suitesparse_all,Meszaros/aircraft,aircraft,3754,7517,20267,2,row-major,N,N,1.0,0.0,20260922,main,pass,pass,0,0,81068.0,0.012231,0.0147967994213,0.0270277994213,0.0154083494213,5.478752376902708,2.9994302805174784,5.2613033222062215,0.05648198326703823,0.030921961654819363,0.05424024043511568,AlphaSparse 248af573c867cf4c7e05d40c611c7c34ebac4715,CUDA,13040,13000,2026-10-06T21:55:58.835203+00:00,derived,csr-alg3,0,0,,,,5,20,4,true
3,A100-SXM4-80GB-suitesparse_all-fp64-n2-row-major-AlphaSparse-SpMM-CSR-pre-plus-solve,AlphaSparse-SpMM-CSR-best-pre-plus-solve,AlphaSparseLib CSR PER MATRIX BEST,per-matrix-best,AlphaSparse-SpMM-CSR,best,pre-plus-solve,"csr-alg1,csr-alg2,csr-alg3,csr-alg4,csr-alg5",manual-selection,csr,ALPHASPARSE_SPMM_CSR_ALG5,workspace-setup,spmm.csr.fp64,fp64,A100-SXM4-80GB,A100-SXM4-80GB,,9700.0,752b02ae-c4ef-54eb-ad5c-0957985c94ee,suitesparse_all,Meszaros/baxter,baxter,27441,30733,111576,2,row-major,N,N,1.0,0.0,20260922,main,pass,pass,0,0,446304.0,0.01527,0.0167935997248,0.0320635997248,0.0175570997248,26.5758388501376,13.919335440518253,25.420143816212445,0.2739777201045113,0.14349830351049747,0.2620633383114685,AlphaSparse 248af573c867cf4c7e05d40c611c7c34ebac4715,CUDA,13040,13000,2026-10-08T08:01:00.262222+00:00,derived,csr-alg5,0,0,,,,5,20,4,true
3,A100-SXM4-80GB-suitesparse_all-fp64-n2-row-major-AlphaSparse-SpMM-CSR-pre-plus-solve,AlphaSparse-SpMM-CSR-best-pre-plus-solve,AlphaSparseLib CSR PER MATRIX BEST,per-matrix-best,AlphaSparse-SpMM-CSR,best,pre-plus-solve,"csr-alg1,csr-alg2,csr-alg3,csr-alg4,csr-alg5",manual-selection,csr,ALPHASPARSE_SPMM_CSR_ALG3,workspace-setup,spmm.csr.fp64,fp64,A100-SXM4-80GB,A100-SXM4-80GB,,9700.0,152f8cc9-7213-5fba-8430-8cd9341fa530,suitesparse_all,Meszaros/car4,car4,16384,33052,63724,2,row-major,N,N,1.0,0.0,20260922,main,pass,pass,0,0,254896.0,0.01366,0.0167423993349,0.0304023993349,0.0174253993349,15.224580115507228,8.384075124866733,14.627842673854152,0.15695443418048688,0.08643376417388385,0.15080250179231083,AlphaSparse 248af573c867cf4c7e05d40c611c7c34ebac4715,CUDA,13040,13000,2026-10-08T00:25:14.980815+00:00,derived,csr-alg3,0,0,,,,5,20,4,true
3,A100-SXM4-80GB-suitesparse_all-fp64-n2-row-major-AlphaSparse-SpMM-CSR-pre-plus-solve,AlphaSparse-SpMM-CSR-best-pre-plus-solve,AlphaSparseLib CSR PER MATRIX BEST,per-matrix-best,AlphaSparse-SpMM-CSR,best,pre-plus-solve,"csr-alg1,csr-alg2,csr-alg3,csr-alg4,csr-alg5",manual-selection,csr,ALPHASPARSE_SPMM_CSR_ALG5,workspace-setup,spmm.csr.fp64,fp64,A100-SXM4-80GB,A100-SXM4-80GB,,9700.0,a0827285-e98d-55a9-b486-73107367c8f5,suitesparse_all,Meszaros/cari,cari,400,1200,152800,2,row-major,N,N,1.0,0.0,20260922,main,pass,pass,0,0,611200.0,0.017191,0.0140287995338,0.0312197995338,0.0148883495338,43.567519695995216,19.57731981393047,41.05223339984291,0.44914968758757956,0.2018280393188708,0.4232189010293084,AlphaSparse 248af573c867cf4c7e05d40c611c7c34ebac4715,CUDA,13040,13000,2026-10-06T08:59:41.069705+00:00,derived,csr-alg5,0,0,,,,5,20,4,true
3,A100-SXM4-80GB-suitesparse_all-fp64-n2-row-major-AlphaSparse-SpMM-CSR-pre-plus-solve,AlphaSparse-SpMM-CSR-best-pre-plus-solve,AlphaSparseLib CSR PER MATRIX BEST,per-matrix-best,AlphaSparse-SpMM-CSR,best,pre-plus-solve,"csr-alg1,csr-alg2,csr-alg3,csr-alg4,csr-alg5",manual-selection,csr,ALPHASPARSE_SPMM_CSR_ALG1,workspace-setup,spmm.csr.fp64,fp64,A100-SXM4-80GB,A100-SXM4-80GB,,9700.0,d94c6f41-d28e-5f45-abb9-189a8a3b4f78,suitesparse_all,Meszaros/cep1,cep1,1521,4769,8233,2,row-major,N,N,1.0,0.0,20260922,main,pass,pass,0,0,32932.0,0.0168,0.00778239965439,0.0245823996544,0.00862239965439,4.231599694500819,1.3396576600732917,3.819354393209208,0.04362473911856514,0.01381090371209579,0.039374787558857816,AlphaSparse 248af573c867cf4c7e05d40c611c7c34ebac4715,CUDA,13040,13000,2026-10-06T01:53:23.323832+00:00,derived,csr-alg1,0,0,,,,5,20,4,true
3,A100-SXM4-80GB-suitesparse_all-fp64-n2-row-major-AlphaSparse-SpMM-CSR-pre-plus-solve,AlphaSparse-SpMM-CSR-best-pre-plus-solve,AlphaSparseLib CSR PER MATRIX BEST,per-matrix-best,AlphaSparse-SpMM-CSR,best,pre-plus-solve,"csr-alg1,csr-alg2,csr-alg3,csr-alg4,csr-alg5",manual-selection,csr,ALPHASPARSE_SPMM_CSR_ALG3,workspace-setup,spmm.csr.fp64,fp64,A100-SXM4-80GB,A100-SXM4-80GB,,9700.0,dd6a9a30-d69d-5ea7-834e-7b0f3242a57c,suitesparse_all,Meszaros/ch,ch,3700,8291,24102,2,row-major,N,N,1.0,0.0,20260922,main,pass,pass,0,0,96408.0,0.013151,0.0123903997242,0.0255413997242,0.0130479497242,7.780862776501319,3.7745777851264437,7.388747047453158,0.08021508017011669,0.038913173042540654,0.0761726499737439,AlphaSparse 248af573c867cf4c7e05d40c611c7c34ebac4715,CUDA,13040,13000,2026-10-06T21:09:31.206513+00:00,derived,csr-alg3,0,0,,,,5,20,4,true
3,A100-SXM4-80GB-suitesparse_all-fp64-n2-row-major-AlphaSparse-SpMM-CSR-pre-plus-solve,AlphaSparse-SpMM-CSR-best-pre-plus-solve,AlphaSparseLib CSR PER MATRIX BEST,per-matrix-best,AlphaSparse-SpMM-CSR,best,pre-plus-solve,"csr-alg1,csr-alg2,csr-alg3,csr-alg4,csr-alg5",manual-selection,csr,ALPHASPARSE_SPMM_CSR_ALG5,workspace-setup,spmm.csr.fp64,fp64,A100-SXM4-80GB,A100-SXM4-80GB,,9700.0,005fdebf-9ece-5bc0-9d3c-6fda0356699d,suitesparse_all,Meszaros/co5,co5,5774,12325,57993,2,row-major,N,N,1.0,0.0,20260922,main,pass,pass,0,0,231972.0,0.01417,0.0125952005386,0.0267652005386,0.0133037005386,18.41749159047407,8.666925535097585,17.4366522552838,0.18987104732447496,0.08934974778451119,0.17975930160086392,AlphaSparse 248af573c867cf4c7e05d40c611c7c34ebac4715,CUDA,13040,13000,2026-10-08T15:33:53.165173+00:00,derived,csr-alg5,0,0,,,,5,20,4,true
3,A100-SXM4-80GB-suitesparse_all-fp64-n2-row-major-AlphaSparse-SpMM-CSR-pre-plus-solve,AlphaSparse-SpMM-CSR-best-pre-plus-solve,AlphaSparseLib CSR PER MATRIX BEST,per-matrix-best,AlphaSparse-SpMM-CSR,best,pre-plus-solve,"csr-alg1,csr-alg2,csr-alg3,csr-alg4,csr-alg5",manual-selection,csr,ALPHASPARSE_SPMM_CSR_ALG5,workspace-setup,spmm.csr.fp64,fp64,A100-SXM4-80GB,A100-SXM4-80GB,,9700.0,d94c6f41-d28e-5f45-abb9-189a8a3b4f78,suitesparse_all,Meszaros/co9,co9,10789,22924,109651,2,row-major,N,N,1.0,0.0,20260922,main,pass,pass,0,0,438604.0,0.01321,0.0166912004352,0.0299012004352,0.0173517004352,26.277558747364264,14.668441186851846,25.277292080852163,0.27090266749860065,0.1512210431634211,0.2605906400087852,AlphaSparse 248af573c867cf4c7e05d40c611c7c34ebac4715,CUDA,13040,13000,2026-10-06T03:36:01.832067+00:00,derived,csr-alg5,0,0,,,,5,20,4,true
3,A100-SXM4-80GB-suitesparse_all-fp64-n2-row-major-AlphaSparse-SpMM-CSR-pre-plus-solve,AlphaSparse-SpMM-CSR-best-pre-plus-solve,AlphaSparseLib CSR PER MATRIX BEST,per-matrix-best,AlphaSparse-SpMM-CSR,best,pre-plus-solve,"csr-alg1,csr-alg2,csr-alg3,csr-alg4,csr-alg5",manual-selection,csr,ALPHASPARSE_SPMM_CSR_ALG3,workspace-setup,spmm.csr.fp64,fp64,A100-SXM4-80GB,A100-SXM4-80GB,,9700.0,018f64fd-81d1-5f6a-986f-7d386c913e5c,suitesparse_all,Meszaros/complex,complex,1023,1408,46463,2,row-major,N,N,1.0,0.0,20260922,main,pass,pass,0,0,185852.0,0.01242,0.0146431997418,0.0270631997418,0.0152641997418,12.692034751767602,6.867332827350252,12.17567924580131,0.13084571909038764,0.0707972456427861,0.1255224664515599,AlphaSparse 248af573c867cf4c7e05d40c611c7c34ebac4715,CUDA,13040,13000,2026-10-06T21:55:59.741248+00:00,derived,csr-alg3,0,0,,,,5,20,4,true
3,A100-SXM4-80GB-suitesparse_all-fp64-n2-row-major-AlphaSparse-SpMM-CSR-pre-plus-solve,AlphaSparse-SpMM-CSR-best-pre-plus-solve,AlphaSparseLib CSR PER MATRIX BEST,per-matrix-best,AlphaSparse-SpMM-CSR,best,pre-plus-solve,"csr-alg1,csr-alg2,csr-alg3,csr-alg4,csr-alg5",manual-selection,csr,ALPHASPARSE_SPMM_CSR_ALG5,workspace-setup,spmm.csr.fp64,fp64,A100-SXM4-80GB,A100-SXM4-80GB,,9700.0,752b02ae-c4ef-54eb-ad5c-0957985c94ee,suitesparse_all,Meszaros/cq9,cq9,9278,21534,96653,2,row-major,N,N,1.0,0.0,20260922,main,pass,pass,0,0,386612.0,0.01277,0.017049600184,0.029819600184,0.017688100184,22.675722352880246,12.965029632001587,21.85718058911238,0.2337703335348479,0.13366009929898542,0.2253317586506431,AlphaSparse 248af573c867cf4c7e05d40c611c7c34ebac4715,CUDA,13040,13000,2026-10-08T08:01:00.924061+00:00,derived,csr-alg5,0,0,,,,5,20,4,true
3,A100-SXM4-80GB-suitesparse_all-fp64-n2-row-major-AlphaSparse-SpMM-CSR-pre-plus-solve,AlphaSparse-SpMM-CSR-best-pre-plus-solve,AlphaSparseLib CSR PER MATRIX BEST,per-matrix-best,AlphaSparse-SpMM-CSR,best,pre-plus-solve,"csr-alg1,csr-alg2,csr-alg3,csr-alg4,csr-alg5",manual-selection,csr,ALPHASPARSE_SPMM_CSR_ALG1,workspace-setup,spmm.csr.fp64,fp64,A100-SXM4-80GB,A100-SXM4-80GB,,9700.0,152f8cc9-7213-5fba-8430-8cd9341fa530,suitesparse_all,Meszaros/cr42,cr42,905,1513,6614,2,row-major,N,N,1.0,0.0,20260922,main,pass,pass,0,0,26456.0,0.023009,0.00675840005279,0.0297674000528,0.00790885005279,3.914535954271965,0.8887574982387983,3.345113363309643,0.04035604076569036,0.009162448435451529,0.03448570477638807,AlphaSparse 248af573c867cf4c7e05d40c611c7c34ebac4715,CUDA,13040,13000,2026-10-07T22:28:16.248911+00:00,derived,csr-alg1,0,0,,,,5,20,4,true
3,A100-SXM4-80GB-suitesparse_all-fp64-n2-row-major-AlphaSparse-SpMM-CSR-pre-plus-solve,AlphaSparse-SpMM-CSR-best-pre-plus-solve,AlphaSparseLib CSR PER MATRIX BEST,per-matrix-best,AlphaSparse-SpMM-CSR,best,pre-plus-solve,"csr-alg1,csr-alg2,csr-alg3,csr-alg4,csr-alg5",manual-selection,csr,ALPHASPARSE_SPMM_CSR_ALG5,workspace-setup,spmm.csr.fp64,fp64,A100-SXM4-80GB,A100-SXM4-80GB,,9700.0,a0827285-e98d-55a9-b486-73107367c8f5,suitesparse_all,Meszaros/crew1,crew1,135,6469,46950,2,row-major,N,N,1.0,0.0,20260922,main,pass,pass,0,0,187800.0,0.01722,0.0131071999669,0.0303271999669,0.0139681999669,14.32800296587043,6.192460899950225,13.444824705046011,0.14771137078216937,0.06383980309227036,0.1386064402582063,AlphaSparse 248af573c867cf4c7e05d40c611c7c34ebac4715,CUDA,13040,13000,2026-10-06T08:59:41.684489+00:00,derived,csr-alg5,0,0,,,,5,20,4,true
3,A100-SXM4-80GB-suitesparse_all-fp64-n2-row-major-AlphaSparse-SpMM-CSR-pre-plus-solve,AlphaSparse-SpMM-CSR-best-pre-plus-solve,AlphaSparseLib CSR PER MATRIX BEST,per-matrix-best,AlphaSparse-SpMM-CSR,best,pre-plus-solve,"csr-alg1,csr-alg2,csr-alg3,csr-alg4,csr-alg5",manual-selection,csr,ALPHASPARSE_SPMM_CSR_ALG3,workspace-setup,spmm.csr.fp64,fp64,A100-SXM4-80GB,A100-SXM4-80GB,,9700.0,dd6a9a30-d69d-5ea7-834e-7b0f3242a57c,suitesparse_all,Meszaros/dano3mip,dano3mip,3202,15851,81633,2,row-major,N,N,1.0,0.0,20260922,main,pass,pass,0,0,326532.0,0.01341,0.0146944001317,0.0281044001317,0.0153649001317,22.221526368781642,11.618536544805751,21.251814017737576,0.22908790070908908,0.11977872726603868,0.21909086616224305,AlphaSparse 248af573c867cf4c7e05d40c611c7c34ebac4715,CUDA,13040,13000,2026-10-06T21:09:32.279353+00:00,derived,csr-alg3,0,0,,,,5,20,4,true
3,A100-SXM4-80GB-suitesparse_all-fp64-n2-row-major-AlphaSparse-SpMM-CSR-pre-plus-solve,AlphaSparse-SpMM-CSR-best-pre-plus-solve,AlphaSparseLib CSR PER MATRIX BEST,per-matrix-best,AlphaSparse-SpMM-CSR,best,pre-plus-solve,"csr-alg1,csr-alg2,csr-alg3,csr-alg4,csr-alg5",manual-selection,csr,ALPHASPARSE_SPMM_CSR_ALG5,workspace-setup,spmm.csr.fp64,fp64,A100-SXM4-80GB,A100-SXM4-80GB,,9700.0,005fdebf-9ece-5bc0-9d3c-6fda0356699d,suitesparse_all,Meszaros/dbic1,dbic1,43200,226317,1081843,2,row-major,N,N,1.0,0.0,20260922,main,pass,pass,0,0,4327372.0,0.01461,0.0322048008442,0.0468148008442,0.0329353008442,134.3704008894484,92.4359801166628,131.39008568558629,1.3852618648396744,0.9529482486253897,1.3545369658307864,AlphaSparse 248af573c867cf4c7e05d40c611c7c34ebac4715,CUDA,13040,13000,2026-10-08T15:33:54.527549+00:00,derived,csr-alg5,0,0,,,,5,20,4,true
3,A100-SXM4-80GB-suitesparse_all-fp64-n2-row-major-AlphaSparse-SpMM-CSR-pre-plus-solve,AlphaSparse-SpMM-CSR-best-pre-plus-solve,AlphaSparseLib CSR PER MATRIX BEST,per-matrix-best,AlphaSparse-SpMM-CSR,best,pre-plus-solve,"csr-alg1,csr-alg2,csr-alg3,csr-alg4,csr-alg5",manual-selection,csr,ALPHASPARSE_SPMM_CSR_ALG5,workspace-setup,spmm.csr.fp64,fp64,A100-SXM4-80GB,A100-SXM4-80GB,,9700.0,d94c6f41-d28e-5f45-abb9-189a8a3b4f78,suitesparse_all,Meszaros/dbir1,dbir1,18804,45775,1077025,2,row-major,N,N,1.0,0.0,20260922,main,pass,pass,0,0,4308100.0,0.01387,0.0431104004383,0.0569804004383,0.0438039004383,99.9318019828137,75.60669926609121,98.34968934029462,1.0302247627094194,0.7794505078978475,1.0139143230958207,AlphaSparse 248af573c867cf4c7e05d40c611c7c34ebac4715,CUDA,13040,13000,2026-10-06T03:36:04.168547+00:00,derived,csr-alg5,0,0,,,,5,20,4,true
3,A100-SXM4-80GB-suitesparse_all-fp64-n2-row-major-AlphaSparse-SpMM-CSR-pre-plus-solve,AlphaSparse-SpMM-CSR-best-pre-plus-solve,AlphaSparseLib CSR PER MATRIX BEST,per-matrix-best,AlphaSparse-SpMM-CSR,best,pre-plus-solve,"csr-alg1,csr-alg2,csr-alg3,csr-alg4,csr-alg5",manual-selection,csr,ALPHASPARSE_SPMM_CSR_ALG5,workspace-setup,spmm.csr.fp64,fp64,A100-SXM4-80GB,A100-SXM4-80GB,,9700.0,018f64fd-81d1-5f6a-986f-7d386c913e5c,suitesparse_all,Meszaros/dbir2,dbir2,18906,45877,1158159,2,row-major,N,N,1.0,0.0,20260922,main,pass,pass,0,0,4632636.0,0.01466,0.0471040010452,0.0617640010452,0.0478370010452,98.34909768184278,75.00543879289417,96.84210754814535,1.0139082235241523,0.7732519463184966,0.9983722427643851,AlphaSparse 248af573c867cf4c7e05d40c611c7c34ebac4715,CUDA,13040,13000,2026-10-06T23:11:13.057696+00:00,derived,csr-alg5,0,0,,,,5,20,4,true
3,A100-SXM4-80GB-suitesparse_all-fp64-n2-row-major-AlphaSparse-SpMM-CSR-pre-plus-solve,AlphaSparse-SpMM-CSR-best-pre-plus-solve,AlphaSparseLib CSR PER MATRIX BEST,per-matrix-best,AlphaSparse-SpMM-CSR,best,pre-plus-solve,"csr-alg1,csr-alg2,csr-alg3,csr-alg4,csr-alg5",manual-selection,csr,ALPHASPARSE_SPMM_CSR_ALG1,workspace-setup,spmm.csr.fp64,fp64,A100-SXM4-80GB,A100-SXM4-80GB,,9700.0,dd6a9a30-d69d-5ea7-834e-7b0f3242a57c,suitesparse_all,Meszaros/de063155,de063155,852,1848,4913,2,row-major,N,N,1.0,0.0,20260922,main,pass,pass,0,0,19652.0,0.01422,0.00921600013971,0.0234360001397,0.00992700013971,2.13237843989642,0.8385389948308628,1.9796514277649742,0.0219832828855301,0.008644731905472812,0.020408777605824477,AlphaSparse 248af573c867cf4c7e05d40c611c7c34ebac4715,CUDA,13040,13000,2026-10-06T19:53:37.850985+00:00,derived,csr-alg1,0,0,,,,5,20,4,true
3,A100-SXM4-80GB-suitesparse_all-fp64-n2-row-major-AlphaSparse-SpMM-CSR-pre-plus-solve,AlphaSparse-SpMM-CSR-best-pre-plus-solve,AlphaSparseLib CSR PER MATRIX BEST,per-matrix-best,AlphaSparse-SpMM-CSR,best,pre-plus-solve,"csr-alg1,csr-alg2,csr-alg3,csr-alg4,csr-alg5",manual-selection,csr,ALPHASPARSE_SPMM_CSR_ALG1,workspace-setup,spmm.csr.fp64,fp64,A100-SXM4-80GB,A100-SXM4-80GB,,9700.0,005fdebf-9ece-5bc0-9d3c-6fda0356699d,suitesparse_all,Meszaros/de063157,de063157,936,1908,5119,2,row-major,N,N,1.0,0.0,20260922,main,pass,pass,0,0,20476.0,0.01379,0.0101375997066,0.0239275997066,0.0108270997066,2.0198075079517364,0.8557481841503751,1.89118051508459,0.020822757813935427,0.008822146228354382,0.019496706341078248,AlphaSparse 248af573c867cf4c7e05d40c611c7c34ebac4715,CUDA,13040,13000,2026-10-08T13:56:21.441436+00:00,derived,csr-alg1,0,0,,,,5,20,4,true
3,A100-SXM4-80GB-suitesparse_all-fp64-n2-row-major-AlphaSparse-SpMM-CSR-pre-plus-solve,AlphaSparse-SpMM-CSR-best-pre-plus-solve,AlphaSparseLib CSR PER MATRIX BEST,per-matrix-best,AlphaSparse-SpMM-CSR,best,pre-plus-solve,"csr-alg1,csr-alg2,csr-alg3,csr-alg4,csr-alg5",manual-selection,csr,ALPHASPARSE_SPMM_CSR_ALG1,workspace-setup,spmm.csr.fp64,fp64,A100-SXM4-80GB,A100-SXM4-80GB,,9700.0,d94c6f41-d28e-5f45-abb9-189a8a3b4f78,suitesparse_all,Meszaros/de080285,de080285,936,1908,5082,2,row-major,N,N,1.0,0.0,20260922,main,pass,pass,0,0,20328.0,0.01336,0.0107008002698,0.0240608002698,0.0113688002698,1.8996710047350445,0.8448596793147718,1.7880514669607799,0.019584237162216953,0.008709893601183214,0.018433520277946182,AlphaSparse 248af573c867cf4c7e05d40c611c7c34ebac4715,CUDA,13040,13000,2026-10-06T01:53:22.655199+00:00,derived,csr-alg1,0,0,,,,5,20,4,true
3,A100-SXM4-80GB-suitesparse_all-fp64-n2-row-major-AlphaSparse-SpMM-CSR-pre-plus-solve,AlphaSparse-SpMM-CSR-best-pre-plus-solve,AlphaSparseLib CSR PER MATRIX BEST,per-matrix-best,AlphaSparse-SpMM-CSR,best,pre-plus-solve,"csr-alg1,csr-alg2,csr-alg3,csr-alg4,csr-alg5",manual-selection,csr,ALPHASPARSE_SPMM_CSR_ALG5,workspace-setup,spmm.csr.fp64,fp64,A100-SXM4-80GB,A100-SXM4-80GB,,9700.0,752b02ae-c4ef-54eb-ad5c-0957985c94ee,suitesparse_all,Meszaros/degme,degme,185501,659415,8127528,2,row-major,N,N,1.0,0.0,20260922,main,pass,pass,0,0,32510112.0,0.05568,0.275046396255,0.330726396255,0.277830396255,118.1986473651498,98.29911482158724,117.01423760041492,1.2185427563417504,1.0133929363050231,1.20633234639603,AlphaSparse 248af573c867cf4c7e05d40c611c7c34ebac4715,CUDA,13040,13000,2026-10-08T08:01:15.946151+00:00,derived,csr-alg5,0,0,,,,5,20,4,true
3,A100-SXM4-80GB-suitesparse_all-fp64-n2-row-major-AlphaSparse-SpMM-CSR-pre-plus-solve,AlphaSparse-SpMM-CSR-best-pre-plus-solve,AlphaSparseLib CSR PER MATRIX BEST,per-matrix-best,AlphaSparse-SpMM-CSR,best,pre-plus-solve,"csr-alg1,csr-alg2,csr-alg3,csr-alg4,csr-alg5",manual-selection,csr,ALPHASPARSE_SPMM_CSR_ALG1,workspace-setup,spmm.csr.fp64,fp64,A100-SXM4-80GB,A100-SXM4-80GB,,9700.0,005fdebf-9ece-5bc0-9d3c-6fda0356699d,suitesparse_all,Meszaros/delf,delf,3170,6654,15397,2,row-major,N,N,1.0,0.0,20260922,main,pass,pass,0,0,61588.0,0.01397,0.00834560021758,0.0223156002176,0.00904410021758,7.379696893491846,2.7598630285295402,6.809743204778371,0.07607934941744171,0.02845219617040763,0.07020353819359146,AlphaSparse 248af573c867cf4c7e05d40c611c7c34ebac4715,CUDA,13040,13000,2026-10-08T13:56:23.793892+00:00,derived,csr-alg1,0,0,,,,5,20,4,true
3,A100-SXM4-80GB-suitesparse_all-fp64-n2-row-major-AlphaSparse-SpMM-CSR-pre-plus-solve,AlphaSparse-SpMM-CSR-best-pre-plus-solve,AlphaSparseLib CSR PER MATRIX BEST,per-matrix-best,AlphaSparse-SpMM-CSR,best,pre-plus-solve,"csr-alg1,csr-alg2,csr-alg3,csr-alg4,csr-alg5",manual-selection,csr,ALPHASPARSE_SPMM_CSR_ALG5,workspace-setup,spmm.csr.fp64,fp64,A100-SXM4-80GB,A100-SXM4-80GB,,9700.0,018f64fd-81d1-5f6a-986f-7d386c913e5c,suitesparse_all,Meszaros/deter0,deter0,1923,5468,11173,2,row-major,N,N,1.0,0.0,20260922,main,pass,pass,0,0,44692.0,0.01297,0.0135168001056,0.0264868001056,0.0141653001056,3.3064038567444776,1.6873310411910025,3.155033756209077,0.03408663769839668,0.01739516537310312,0.03252612119803172,AlphaSparse 248af573c867cf4c7e05d40c611c7c34ebac4715,CUDA,13040,13000,2026-10-06T23:11:22.989103+00:00,derived,csr-alg5,0,0,,,,5,20,4,true
3,A100-SXM4-80GB-suitesparse_all-fp64-n2-row-major-AlphaSparse-SpMM-CSR-pre-plus-solve,AlphaSparse-SpMM-CSR-best-pre-plus-solve,AlphaSparseLib CSR PER MATRIX BEST,per-matrix-best,AlphaSparse-SpMM-CSR,best,pre-plus-solve,"csr-alg1,csr-alg2,csr-alg3,csr-alg4,csr-alg5",manual-selection,csr,ALPHASPARSE_SPMM_CSR_ALG3,workspace-setup,spmm.csr.fp64,fp64,A100-SXM4-80GB,A100-SXM4-80GB,,9700.0,752b02ae-c4ef-54eb-ad5c-0957985c94ee,suitesparse_all,Meszaros/deter2,deter2,6095,17313,35731,2,row-major,N,N,1.0,0.0,20260922,main,pass,pass,0,0,142924.0,0.012001,0.0155647993088,0.0275657993088,0.0161648493088,9.182514799223519,5.1848306083536455,8.841653718491111,0.09466510102292287,0.05345186194179016,0.09115106926279495,AlphaSparse 248af573c867cf4c7e05d40c611c7c34ebac4715,CUDA,13040,13000,2026-10-08T05:58:23.693346+00:00,derived,csr-alg3,0,0,,,,5,20,4,true
3,A100-SXM4-80GB-suitesparse_all-fp64-n2-row-major-AlphaSparse-SpMM-CSR-pre-plus-solve,AlphaSparse-SpMM-CSR-best-pre-plus-solve,AlphaSparseLib CSR PER MATRIX BEST,per-matrix-best,AlphaSparse-SpMM-CSR,best,pre-plus-solve,"csr-alg1,csr-alg2,csr-alg3,csr-alg4,csr-alg5",manual-selection,csr,ALPHASPARSE_SPMM_CSR_ALG1,workspace-setup,spmm.csr.fp64,fp64,A100-SXM4-80GB,A100-SXM4-80GB,,9700.0,152f8cc9-7213-5fba-8430-8cd9341fa530,suitesparse_all,Meszaros/deter3,deter3,7647,21777,44547,2,row-major,N,N,1.0,0.0,20260922,main,pass,pass,0,0,178188.0,0.01577,0.0133120000362,0.0290820000362,0.0141005000362,13.385516790523157,6.127088913355318,12.636998655547012,0.1379950184590016,0.06316586508613731,0.13027833665512384,AlphaSparse 248af573c867cf4c7e05d40c611c7c34ebac4715,CUDA,13040,13000,2026-10-07T22:28:25.458234+00:00,derived,csr-alg1,0,0,,,,5,20,4,true
3,A100-SXM4-80GB-suitesparse_all-fp64-n2-row-major-AlphaSparse-SpMM-CSR-pre-plus-solve,AlphaSparse-SpMM-CSR-best-pre-plus-solve,AlphaSparseLib CSR PER MATRIX BEST,per-matrix-best,AlphaSparse-SpMM-CSR,best,pre-plus-solve,"csr-alg1,csr-alg2,csr-alg3,csr-alg4,csr-alg5",manual-selection,csr,ALPHASPARSE_SPMM_CSR_ALG5,workspace-setup,spmm.csr.fp64,fp64,A100-SXM4-80GB,A100-SXM4-80GB,,9700.0,a0827285-e98d-55a9-b486-73107367c8f5,suitesparse_all,Meszaros/deter4,deter4,3235,9133,19231,2,row-major,N,N,1.0,0.0,20260922,main,pass,pass,0,0,76924.0,0.01492,0.0113664001226,0.0262864001226,0.0121124001226,6.767666030606361,2.9263801677379098,6.350847001534474,0.06976975289284908,0.030168867708638244,0.0654726495003554,AlphaSparse 248af573c867cf4c7e05d40c611c7c34ebac4715,CUDA,13040,13000,2026-10-06T08:59:54.818250+00:00,derived,csr-alg5,0,0,,,,5,20,4,true
3,A100-SXM4-80GB-suitesparse_all-fp64-n2-row-major-AlphaSparse-SpMM-CSR-pre-plus-solve,AlphaSparse-SpMM-CSR-best-pre-plus-solve,AlphaSparseLib CSR PER MATRIX BEST,per-matrix-best,AlphaSparse-SpMM-CSR,best,pre-plus-solve,"csr-alg1,csr-alg2,csr-alg3,csr-alg4,csr-alg5",manual-selection,csr,ALPHASPARSE_SPMM_CSR_ALG1,workspace-setup,spmm.csr.fp64,fp64,A100-SXM4-80GB,A100-SXM4-80GB,,9700.0,dd6a9a30-d69d-5ea7-834e-7b0f3242a57c,suitesparse_all,Meszaros/deter5,deter5,5103,14529,29715,2,row-major,N,N,1.0,0.0,20260922,main,pass,pass,0,0,118860.0,0.01344,0.010956799984,0.024396799984,0.011628799984,10.84805784294401,4.871950422922318,10.2211750278222,0.11183564786540216,0.050226293019817715,0.10537293843115669,AlphaSparse 248af573c867cf4c7e05d40c611c7c34ebac4715,CUDA,13040,13000,2026-10-06T19:53:39.673844+00:00,derived,csr-alg1,0,0,,,,5,20,4,true
3,A100-SXM4-80GB-suitesparse_all-fp64-n2-row-major-AlphaSparse-SpMM-CSR-pre-plus-solve,AlphaSparse-SpMM-CSR-best-pre-plus-solve,AlphaSparseLib CSR PER MATRIX BEST,per-matrix-best,AlphaSparse-SpMM-CSR,best,pre-plus-solve,"csr-alg1,csr-alg2,csr-alg3,csr-alg4,csr-alg5",manual-selection,csr,ALPHASPARSE_SPMM_CSR_ALG1,workspace-setup,spmm.csr.fp64,fp64,A100-SXM4-80GB,A100-SXM4-80GB,,9700.0,005fdebf-9ece-5bc0-9d3c-6fda0356699d,suitesparse_all,Meszaros/deter6,deter6,4255,12113,24771,2,row-major,N,N,1.0,0.0,20260922,main,pass,pass,0,0,99084.0,0.01402,0.0112127996981,0.0252327996981,0.0119137996981,8.836686881759753,3.926793744075133,8.316742140276355,0.09109986476040982,0.04048240973273333,0.08573960969357067,AlphaSparse 248af573c867cf4c7e05d40c611c7c34ebac4715,CUDA,13040,13000,2026-10-08T13:56:22.648830+00:00,derived,csr-alg1,0,0,,,,5,20,4,true
3,A100-SXM4-80GB-suitesparse_all-fp64-n2-row-major-AlphaSparse-SpMM-CSR-pre-plus-solve,AlphaSparse-SpMM-CSR-best-pre-plus-solve,AlphaSparseLib CSR PER MATRIX BEST,per-matrix-best,AlphaSparse-SpMM-CSR,best,pre-plus-solve,"csr-alg1,csr-alg2,csr-alg3,csr-alg4,csr-alg5",manual-selection,csr,ALPHASPARSE_SPMM_CSR_ALG2,workspace-setup,spmm.csr.fp64,fp64,A100-SXM4-80GB,A100-SXM4-80GB,,9700.0,d94c6f41-d28e-5f45-abb9-189a8a3b4f78,suitesparse_all,Meszaros/deter7,deter7,6375,18153,37131,2,row-major,N,N,1.0,0.0,20260922,main,pass,pass,0,0,148524.0,0.0135,0.0151040002704,0.0286040002704,0.0157790002704,9.833421434126247,5.192420591384753,9.412763638683613,0.10137547870233245,0.05353010918953354,0.09703880039880013,AlphaSparse 248af573c867cf4c7e05d40c611c7c34ebac4715,CUDA,13040,13000,2026-10-06T02:23:10.646736+00:00,derived,csr-alg2,0,0,,,,5,20,4,true
3,A100-SXM4-80GB-suitesparse_all-fp64-n2-row-major-AlphaSparse-SpMM-CSR-pre-plus-solve,AlphaSparse-SpMM-CSR-best-pre-plus-solve,AlphaSparseLib CSR PER MATRIX BEST,per-matrix-best,AlphaSparse-SpMM-CSR,best,pre-plus-solve,"csr-alg1,csr-alg2,csr-alg3,csr-alg4,csr-alg5",manual-selection,csr,ALPHASPARSE_SPMM_CSR_ALG3,workspace-setup,spmm.csr.fp64,fp64,A100-SXM4-80GB,A100-SXM4-80GB,,9700.0,018f64fd-81d1-5f6a-986f-7d386c913e5c,suitesparse_all,Meszaros/deter8,deter8,3831,10905,22299,2,row-major,N,N,1.0,0.0,20260922,main,pass,pass,0,0,89196.0,0.01315,0.0150527998805,0.0282027998805,0.0157102998805,5.925542138877969,3.162664713359611,5.677549167009358,0.06108806328740174,0.03260479085937743,0.05853143471143669,AlphaSparse 248af573c867cf4c7e05d40c611c7c34ebac4715,CUDA,13040,13000,2026-10-06T21:56:11.178242+00:00,derived,csr-alg3,0,0,,,,5,20,4,true
3,A100-SXM4-80GB-suitesparse_all-fp64-n2-row-major-AlphaSparse-SpMM-CSR-pre-plus-solve,AlphaSparse-SpMM-CSR-best-pre-plus-solve,AlphaSparseLib CSR PER MATRIX BEST,per-matrix-best,AlphaSparse-SpMM-CSR,best,pre-plus-solve,"csr-alg1,csr-alg2,csr-alg3,csr-alg4,csr-alg5",manual-selection,csr,ALPHASPARSE_SPMM_CSR_ALG5,workspace-setup,spmm.csr.fp64,fp64,A100-SXM4-80GB,A100-SXM4-80GB,,9700.0,752b02ae-c4ef-54eb-ad5c-0957985c94ee,suitesparse_all,Meszaros/e18,e18,24617,38602,156466,2,row-major,N,N,1.0,0.0,20260922,main,pass,pass,0,0,625864.0,0.014269,0.016128000617,0.030397000617,0.016841450617,38.80605010271994,20.589663035700163,37.16211947729989,0.400062372192989,0.2122645673783522,0.38311463378659677,AlphaSparse 248af573c867cf4c7e05d40c611c7c34ebac4715,CUDA,13040,13000,2026-10-08T08:01:01.736093+00:00,derived,csr-alg5,0,0,,,,5,20,4,true
3,A100-SXM4-80GB-suitesparse_all-fp64-n2-row-major-AlphaSparse-SpMM-CSR-pre-plus-solve,AlphaSparse-SpMM-CSR-best-pre-plus-solve,AlphaSparseLib CSR PER MATRIX BEST,per-matrix-best,AlphaSparse-SpMM-CSR,best,pre-plus-solve,"csr-alg1,csr-alg2,csr-alg3,csr-alg4,csr-alg5",manual-selection,csr,ALPHASPARSE_SPMM_CSR_ALG1,workspace-setup,spmm.csr.fp64,fp64,A100-SXM4-80GB,A100-SXM4-80GB,,9700.0,152f8cc9-7213-5fba-8430-8cd9341fa530,suitesparse_all,Meszaros/ex3sta1,ex3sta1,17443,17516,68779,2,row-major,N,N,1.0,0.0,20260922,main,pass,pass,0,0,275116.0,0.01399,0.00757760033011,0.0215676003301,0.00827710033011,36.306480681860705,12.755985635362727,33.238210125253346,0.3742936152769145,0.1315050065501312,0.34266196005415817,AlphaSparse 248af573c867cf4c7e05d40c611c7c34ebac4715,CUDA,13040,13000,2026-10-07T22:28:16.904492+00:00,derived,csr-alg1,0,0,,,,5,20,4,true
3,A100-SXM4-80GB-suitesparse_all-fp64-n2-row-major-AlphaSparse-SpMM-CSR-pre-plus-solve,AlphaSparse-SpMM-CSR-best-pre-plus-solve,AlphaSparseLib CSR PER MATRIX BEST,per-matrix-best,AlphaSparse-SpMM-CSR,best,pre-plus-solve,"csr-alg1,csr-alg2,csr-alg3,csr-alg4,csr-alg5",manual-selection,csr,ALPHASPARSE_SPMM_CSR_ALG4,workspace-setup,spmm.csr.fp64,fp64,A100-SXM4-80GB,A100-SXM4-80GB,,9700.0,a0827285-e98d-55a9-b486-73107367c8f5,suitesparse_all,Meszaros/farm,farm,7,17,41,2,row-major,N,N,1.0,0.0,20260922,main,pass,pass,0,0,164.0,0.01924,0.00916479974985,0.0284047997499,0.0101267997499,0.01789455356105126,0.005773672106263568,0.016194652214942776,0.00018447993361908518,5.952239284807801e-05,0.00016695517747363685,AlphaSparse 248af573c867cf4c7e05d40c611c7c34ebac4715,CUDA,13040,13000,2026-10-06T08:31:45.804443+00:00,derived,csr-alg4,0,0,,,,5,20,4,true
3,A100-SXM4-80GB-suitesparse_all-fp64-n2-row-major-AlphaSparse-SpMM-CSR-pre-plus-solve,AlphaSparse-SpMM-CSR-best-pre-plus-solve,AlphaSparseLib CSR PER MATRIX BEST,per-matrix-best,AlphaSparse-SpMM-CSR,best,pre-plus-solve,"csr-alg1,csr-alg2,csr-alg3,csr-alg4,csr-alg5",manual-selection,csr,ALPHASPARSE_SPMM_CSR_ALG3,workspace-setup,spmm.csr.fp64,fp64,A100-SXM4-80GB,A100-SXM4-80GB,,9700.0,752b02ae-c4ef-54eb-ad5c-0957985c94ee,suitesparse_all,Meszaros/fxm2-16,fxm2-16,3900,7335,32972,2,row-major,N,N,1.0,0.0,20260922,main,pass,pass,0,0,131888.0,0.01207,0.0153600007296,0.0274300007296,0.0159635007296,8.586457925476582,4.808166113451039,8.261846961641021,0.08852018479872766,0.049568722819082874,0.08517368001691775,AlphaSparse 248af573c867cf4c7e05d40c611c7c34ebac4715,CUDA,13040,13000,2026-10-08T05:58:24.324057+00:00,derived,csr-alg3,0,0,,,,5,20,4,true
3,A100-SXM4-80GB-suitesparse_all-fp64-n2-row-major-AlphaSparse-SpMM-CSR-pre-plus-solve,AlphaSparse-SpMM-CSR-best-pre-plus-solve,AlphaSparseLib CSR PER MATRIX BEST,per-matrix-best,AlphaSparse-SpMM-CSR,best,pre-plus-solve,"csr-alg1,csr-alg2,csr-alg3,csr-alg4,csr-alg5",manual-selection,csr,ALPHASPARSE_SPMM_CSR_ALG5,workspace-setup,spmm.csr.fp64,fp64,A100-SXM4-80GB,A100-SXM4-80GB,,9700.0,a0827285-e98d-55a9-b486-73107367c8f5,suitesparse_all,Meszaros/fxm3_16,fxm3_16,41340,85575,392252,2,row-major,N,N,1.0,0.0,20260922,main,pass,pass,0,0,1569008.0,0.02098,0.0184832006693,0.0394632006693,0.0195322006693,84.88832795101725,39.75876191969888,80.3292996301287,0.8751374015568789,0.40988414350205027,0.8281371095889558,AlphaSparse 248af573c867cf4c7e05d40c611c7c34ebac4715,CUDA,13040,13000,2026-10-06T08:59:56.138853+00:00,derived,csr-alg5,0,0,,,,5,20,4,true
3,A100-SXM4-80GB-suitesparse_all-fp64-n2-row-major-AlphaSparse-SpMM-CSR-pre-plus-solve,AlphaSparse-SpMM-CSR-best-pre-plus-solve,AlphaSparseLib CSR PER MATRIX BEST,per-matrix-best,AlphaSparse-SpMM-CSR,best,pre-plus-solve,"csr-alg1,csr-alg2,csr-alg3,csr-alg4,csr-alg5",manual-selection,csr,ALPHASPARSE_SPMM_CSR_ALG1,workspace-setup,spmm.csr.fp64,fp64,A100-SXM4-80GB,A100-SXM4-80GB,,9700.0,152f8cc9-7213-5fba-8430-8cd9341fa530,suitesparse_all,Meszaros/fxm3_6,fxm3_6,6200,12625,57722,2,row-major,N,N,1.0,0.0,20260922,main,pass,pass,0,0,230888.0,0.01732,0.017664000392,0.034984000392,0.018530000392,13.07110478238943,6.599816985275318,12.460226395876486,0.1347536575504065,0.06803935036366307,0.12845594222553078,AlphaSparse 248af573c867cf4c7e05d40c611c7c34ebac4715,CUDA,13040,13000,2026-10-07T22:28:26.075625+00:00,derived,csr-alg1,0,0,,,,5,20,4,true
3,A100-SXM4-80GB-suitesparse_all-fp64-n2-row-major-AlphaSparse-SpMM-CSR-pre-plus-solve,AlphaSparse-SpMM-CSR-best-pre-plus-solve,AlphaSparseLib CSR PER MATRIX BEST,per-matrix-best,AlphaSparse-SpMM-CSR,best,pre-plus-solve,"csr-alg1,csr-alg2,csr-alg3,csr-alg4,csr-alg5",manual-selection,csr,ALPHASPARSE_SPMM_CSR_ALG1,workspace-setup,spmm.csr.fp64,fp64,A100-SXM4-80GB,A100-SXM4-80GB,,9700.0,dd6a9a30-d69d-5ea7-834e-7b0f3242a57c,suitesparse_all,Meszaros/fxm4_6,fxm4_6,22400,47185,265442,2,row-major,N,N,1.0,0.0,20260922,main,pass,pass,0,0,1061768.0,0.015709,0.0159232005477,0.0316322005477,0.0167086505477,66.68056442668905,33.56604920352915,63.54600552383663,0.687428499244217,0.3460417443662799,0.6551134590086249,AlphaSparse 248af573c867cf4c7e05d40c611c7c34ebac4715,CUDA,13040,13000,2026-10-06T19:53:40.515554+00:00,derived,csr-alg1,0,0,,,,5,20,4,true
3,A100-SXM4-80GB-suitesparse_all-fp64-n2-row-major-AlphaSparse-SpMM-CSR-pre-plus-solve,AlphaSparse-SpMM-CSR-best-pre-plus-solve,AlphaSparseLib CSR PER MATRIX BEST,per-matrix-best,AlphaSparse-SpMM-CSR,best,pre-plus-solve,"csr-alg1,csr-alg2,csr-alg3,csr-alg4,csr-alg5",manual-selection,csr,ALPHASPARSE_SPMM_CSR_ALG3,workspace-setup,spmm.csr.fp64,fp64,A100-SXM4-80GB,A100-SXM4-80GB,,9700.0,dd6a9a30-d69d-5ea7-834e-7b0f3242a57c,suitesparse_all,Meszaros/gams10a,gams10a,114,171,407,2,row-major,N,N,1.0,0.0,20260922,main,pass,pass,0,0,1628.0,0.01237,0.0103936001658,0.0227636001658,0.0110121001658,0.15663484971809016,0.07151768560958581,0.14783737665736443,0.0016147922651349501,0.0007372957279338743,0.0015240966665707673,AlphaSparse 248af573c867cf4c7e05d40c611c7c34ebac4715,CUDA,13040,13000,2026-10-06T21:09:33.047225+00:00,derived,csr-alg3,0,0,,,,5,20,4,true
3,A100-SXM4-80GB-suitesparse_all-fp64-n2-row-major-AlphaSparse-SpMM-CSR-pre-plus-solve,AlphaSparse-SpMM-CSR-best-pre-plus-solve,AlphaSparseLib CSR PER MATRIX BEST,per-matrix-best,AlphaSparse-SpMM-CSR,best,pre-plus-solve,"csr-alg1,csr-alg2,csr-alg3,csr-alg4,csr-alg5",manual-selection,csr,ALPHASPARSE_SPMM_CSR_ALG3,workspace-setup,spmm.csr.fp64,fp64,A100-SXM4-80GB,A100-SXM4-80GB,,9700.0,005fdebf-9ece-5bc0-9d3c-6fda0356699d,suitesparse_all,Meszaros/gams30a,gams30a,354,531,1287,2,row-major,N,N,1.0,0.0,20260922,main,pass,pass,0,0,5148.0,0.01385,0.0105631999671,0.0244131999671,0.0112556999671,0.4873523189974526,0.2108695298829161,0.45736826808172004,0.005024250711313945,0.0021739126792053205,0.004715136784347629,AlphaSparse 248af573c867cf4c7e05d40c611c7c34ebac4715,CUDA,13040,13000,2026-10-08T14:46:25.806794+00:00,derived,csr-alg3,0,0,,,,5,20,4,true
3,A100-SXM4-80GB-suitesparse_all-fp64-n2-row-major-AlphaSparse-SpMM-CSR-pre-plus-solve,AlphaSparse-SpMM-CSR-best-pre-plus-solve,AlphaSparseLib CSR PER MATRIX BEST,per-matrix-best,AlphaSparse-SpMM-CSR,best,pre-plus-solve,"csr-alg1,csr-alg2,csr-alg3,csr-alg4,csr-alg5",manual-selection,csr,ALPHASPARSE_SPMM_CSR_ALG3,workspace-setup,spmm.csr.fp64,fp64,A100-SXM4-80GB,A100-SXM4-80GB,,9700.0,752b02ae-c4ef-54eb-ad5c-0957985c94ee,suitesparse_all,Meszaros/gams30am,gams30am,354,531,1287,2,row-major,N,N,1.0,0.0,20260922,main,pass,pass,0,0,5148.0,0.01171,0.0130048006773,0.0247148006773,0.0135903006773,0.3958538179663055,0.20829623783809534,0.3787995661198836,0.0040809671955289225,0.0021473838952380964,0.0039051501661843666,AlphaSparse 248af573c867cf4c7e05d40c611c7c34ebac4715,CUDA,13040,13000,2026-10-08T05:58:13.427541+00:00,derived,csr-alg3,0,0,,,,5,20,4,true
3,A100-SXM4-80GB-suitesparse_all-fp64-n2-row-major-AlphaSparse-SpMM-CSR-pre-plus-solve,AlphaSparse-SpMM-CSR-best-pre-plus-solve,AlphaSparseLib CSR PER MATRIX BEST,per-matrix-best,AlphaSparse-SpMM-CSR,best,pre-plus-solve,"csr-alg1,csr-alg2,csr-alg3,csr-alg4,csr-alg5",manual-selection,csr,ALPHASPARSE_SPMM_CSR_ALG2,workspace-setup,spmm.csr.fp64,fp64,A100-SXM4-80GB,A100-SXM4-80GB,,9700.0,152f8cc9-7213-5fba-8430-8cd9341fa530,suitesparse_all,Meszaros/gams60am,gams60am,714,1071,2607,2,row-major,N,N,1.0,0.0,20260922,main,pass,pass,0,0,10428.0,0.02044,0.0138239994645,0.0342639994645,0.0148459994645,0.7543403069986426,0.304342755165058,0.702411449288787,0.007776704195862296,0.0031375541769593607,0.007241355147307082,AlphaSparse 248af573c867cf4c7e05d40c611c7c34ebac4715,CUDA,13040,13000,2026-10-07T23:26:38.623716+00:00,derived,csr-alg2,0,0,,,,5,20,4,true
3,A100-SXM4-80GB-suitesparse_all-fp64-n2-row-major-AlphaSparse-SpMM-CSR-pre-plus-solve,AlphaSparse-SpMM-CSR-best-pre-plus-solve,AlphaSparseLib CSR PER MATRIX BEST,per-matrix-best,AlphaSparse-SpMM-CSR,best,pre-plus-solve,"csr-alg1,csr-alg2,csr-alg3,csr-alg4,csr-alg5",manual-selection,csr,ALPHASPARSE_SPMM_CSR_ALG3,workspace-setup,spmm.csr.fp64,fp64,A100-SXM4-80GB,A100-SXM4-80GB,,9700.0,a0827285-e98d-55a9-b486-73107367c8f5,suitesparse_all,Meszaros/gas11,gas11,459,862,2166,2,row-major,N,N,1.0,0.0,20260922,main,pass,pass,0,0,8664.0,0.01793,0.0110079996288,0.0289379996288,0.0119044996288,0.7870639800289017,0.29939871833356846,0.7277920341178884,0.008114061649782492,0.0030865847250883347,0.007503010661009158,AlphaSparse 248af573c867cf4c7e05d40c611c7c34ebac4715,CUDA,13040,13000,2026-10-06T08:04:00.661726+00:00,derived,csr-alg3,0,0,,,,5,20,4,true
3,A100-SXM4-80GB-suitesparse_all-fp64-n2-row-major-AlphaSparse-SpMM-CSR-pre-plus-solve,AlphaSparse-SpMM-CSR-best-pre-plus-solve,AlphaSparseLib CSR PER MATRIX BEST,per-matrix-best,AlphaSparse-SpMM-CSR,best,pre-plus-solve,"csr-alg1,csr-alg2,csr-alg3,csr-alg4,csr-alg5",manual-selection,csr,ALPHASPARSE_SPMM_CSR_ALG5,workspace-setup,spmm.csr.fp64,fp64,A100-SXM4-80GB,A100-SXM4-80GB,,9700.0,d94c6f41-d28e-5f45-abb9-189a8a3b4f78,suitesparse_all,Meszaros/ge,ge,10099,16369,44825,2,row-major,N,N,1.0,0.0,20260922,main,pass,pass,0,0,179300.0,0.01255,0.0144383996725,0.0269883996725,0.0150658996725,12.41827377458615,6.643595106630159,11.90104832088314,0.12802344097511492,0.06849067120237277,0.12269121980291897,AlphaSparse 248af573c867cf4c7e05d40c611c7c34ebac4715,CUDA,13040,13000,2026-10-06T03:36:05.046178+00:00,derived,csr-alg5,0,0,,,,5,20,4,true
3,A100-SXM4-80GB-suitesparse_all-fp64-n2-row-major-AlphaSparse-SpMM-CSR-pre-plus-solve,AlphaSparse-SpMM-CSR-best-pre-plus-solve,AlphaSparseLib CSR PER MATRIX BEST,per-matrix-best,AlphaSparse-SpMM-CSR,best,pre-plus-solve,"csr-alg1,csr-alg2,csr-alg3,csr-alg4,csr-alg5",manual-selection,csr,ALPHASPARSE_SPMM_CSR_ALG3,workspace-setup,spmm.csr.fp64,fp64,A100-SXM4-80GB,A100-SXM4-80GB,,9700.0,152f8cc9-7213-5fba-8430-8cd9341fa530,suitesparse_all,Meszaros/gen,gen,769,2561,63086,2,row-major,N,N,1.0,0.0,20260922,main,pass,pass,0,0,252344.0,0.01894,0.0148479998112,0.0337879998112,0.0157949998112,16.9951510781711,7.46845037912997,15.976195189383075,0.17520774307392886,0.07699433380546361,0.16470304318951626,AlphaSparse 248af573c867cf4c7e05d40c611c7c34ebac4715,CUDA,13040,13000,2026-10-08T00:25:26.697085+00:00,derived,csr-alg3,0,0,,,,5,20,4,true
3,A100-SXM4-80GB-suitesparse_all-fp64-n2-row-major-AlphaSparse-SpMM-CSR-pre-plus-solve,AlphaSparse-SpMM-CSR-best-pre-plus-solve,AlphaSparseLib CSR PER MATRIX BEST,per-matrix-best,AlphaSparse-SpMM-CSR,best,pre-plus-solve,"csr-alg1,csr-alg2,csr-alg3,csr-alg4,csr-alg5",manual-selection,csr,ALPHASPARSE_SPMM_CSR_ALG3,workspace-setup,spmm.csr.fp64,fp64,A100-SXM4-80GB,A100-SXM4-80GB,,9700.0,018f64fd-81d1-5f6a-986f-7d386c913e5c,suitesparse_all,Meszaros/gen1,gen1,769,2561,63086,2,row-major,N,N,1.0,0.0,20260922,main,pass,pass,0,0,252344.0,0.01131,0.0150015994906,0.0263115994906,0.0155670994906,16.821139649683268,9.59059900900938,16.210084618035285,0.173413810821477,0.09887215473205545,0.1671142744127349,AlphaSparse 248af573c867cf4c7e05d40c611c7c34ebac4715,CUDA,13040,13000,2026-10-06T21:56:09.914159+00:00,derived,csr-alg3,0,0,,,,5,20,4,true
3,A100-SXM4-80GB-suitesparse_all-fp64-n2-row-major-AlphaSparse-SpMM-CSR-pre-plus-solve,AlphaSparse-SpMM-CSR-best-pre-plus-solve,AlphaSparseLib CSR PER MATRIX BEST,per-matrix-best,AlphaSparse-SpMM-CSR,best,pre-plus-solve,"csr-alg1,csr-alg2,csr-alg3,csr-alg4,csr-alg5",manual-selection,csr,ALPHASPARSE_SPMM_CSR_ALG3,workspace-setup,spmm.csr.fp64,fp64,A100-SXM4-80GB,A100-SXM4-80GB,,9700.0,752b02ae-c4ef-54eb-ad5c-0957985c94ee,suitesparse_all,Meszaros/gen4,gen4,1537,4298,107103,2,row-major,N,N,1.0,0.0,20260922,main,pass,pass,0,0,428412.0,0.011769,0.0167935997248,0.0285625997248,0.0173820497248,25.510432963776147,14.999054852420295,24.64680557142574,0.26299415426573347,0.15462943146825045,0.2540907790868633,AlphaSparse 248af573c867cf4c7e05d40c611c7c34ebac4715,CUDA,13040,13000,2026-10-08T05:58:23.080333+00:00,derived,csr-alg3,0,0,,,,5,20,4,true
3,A100-SXM4-80GB-suitesparse_all-fp64-n2-row-major-AlphaSparse-SpMM-CSR-pre-plus-solve,AlphaSparse-SpMM-CSR-best-pre-plus-solve,AlphaSparseLib CSR PER MATRIX BEST,per-matrix-best,AlphaSparse-SpMM-CSR,best,pre-plus-solve,"csr-alg1,csr-alg2,csr-alg3,csr-alg4,csr-alg5",manual-selection,csr,ALPHASPARSE_SPMM_CSR_ALG3,workspace-setup,spmm.csr.fp64,fp64,A100-SXM4-80GB,A100-SXM4-80GB,,9700.0,018f64fd-81d1-5f6a-986f-7d386c913e5c,suitesparse_all,Meszaros/iiasa,iiasa,669,3639,7317,2,row-major,N,N,1.0,0.0,20260922,main,pass,pass,0,0,29268.0,0.01274,0.0139264002442,0.0266664002442,0.0145634002442,2.101619908000949,1.097560965558741,2.0096955044311327,0.021666184618566484,0.011315061500605577,0.02071851035496013,AlphaSparse 248af573c867cf4c7e05d40c611c7c34ebac4715,CUDA,13040,13000,2026-10-06T21:56:01.742105+00:00,derived,csr-alg3,0,0,,,,5,20,4,true
3,A100-SXM4-80GB-suitesparse_all-fp64-n2-row-major-AlphaSparse-SpMM-CSR-pre-plus-solve,AlphaSparse-SpMM-CSR-best-pre-plus-solve,AlphaSparseLib CSR PER MATRIX BEST,per-matrix-best,AlphaSparse-SpMM-CSR,best,pre-plus-solve,"csr-alg1,csr-alg2,csr-alg3,csr-alg4,csr-alg5",manual-selection,csr,ALPHASPARSE_SPMM_CSR_ALG2,workspace-setup,spmm.csr.fp64,fp64,A100-SXM4-80GB,A100-SXM4-80GB,,9700.0,a0827285-e98d-55a9-b486-73107367c8f5,suitesparse_all,Meszaros/iprob,iprob,3001,3001,9000,2,row-major,N,N,1.0,0.0,20260922,main,pass,pass,0,0,36000.0,0.01525,0.0147967994213,0.0300467994213,0.0155592994213,2.432958572661192,1.1981309388473438,2.3137288527732536,0.02508204714083703,0.012351865348941688,0.023852874770858287,AlphaSparse 248af573c867cf4c7e05d40c611c7c34ebac4715,CUDA,13040,13000,2026-10-06T07:35:52.033586+00:00,derived,csr-alg2,0,0,,,,5,20,4,true
3,A100-SXM4-80GB-suitesparse_all-fp64-n2-row-major-AlphaSparse-SpMM-CSR-pre-plus-solve,AlphaSparse-SpMM-CSR-best-pre-plus-solve,AlphaSparseLib CSR PER MATRIX BEST,per-matrix-best,AlphaSparse-SpMM-CSR,best,pre-plus-solve,"csr-alg1,csr-alg2,csr-alg3,csr-alg4,csr-alg5",manual-selection,csr,ALPHASPARSE_SPMM_CSR_ALG5,workspace-setup,spmm.csr.fp64,fp64,A100-SXM4-80GB,A100-SXM4-80GB,,9700.0,152f8cc9-7213-5fba-8430-8cd9341fa530,suitesparse_all,Meszaros/karted,karted,46502,133115,1770349,2,row-major,N,N,1.0,0.0,20260922,main,pass,pass,0,0,7081396.0,0.03514,0.0628736019135,0.0980136019135,0.0646306019135,112.629080957417,72.24911503864074,109.56722961481259,1.1611245459527526,0.7448362375117602,1.1295590681939442,AlphaSparse 248af573c867cf4c7e05d40c611c7c34ebac4715,CUDA,13040,13000,2026-10-08T02:23:07.285517+00:00,derived,csr-alg5,0,0,,,,5,20,4,true
3,A100-SXM4-80GB-suitesparse_all-fp64-n2-row-major-AlphaSparse-SpMM-CSR-pre-plus-solve,AlphaSparse-SpMM-CSR-best-pre-plus-solve,AlphaSparseLib CSR PER MATRIX BEST,per-matrix-best,AlphaSparse-SpMM-CSR,best,pre-plus-solve,"csr-alg1,csr-alg2,csr-alg3,csr-alg4,csr-alg5",manual-selection,csr,ALPHASPARSE_SPMM_CSR_ALG5,workspace-setup,spmm.csr.fp64,fp64,A100-SXM4-80GB,A100-SXM4-80GB,,9700.0,752b02ae-c4ef-54eb-ad5c-0957985c94ee,suitesparse_all,Meszaros/kl02,kl02,71,36699,212536,2,row-major,N,N,1.0,0.0,20260922,main,pass,pass,0,0,850144.0,0.01316,0.0188416004181,0.0320016004181,0.0194996004181,45.12058323789297,26.565671369334435,43.59802158873347,0.4651606519370409,0.273872900714788,0.44946414009003577,AlphaSparse 248af573c867cf4c7e05d40c611c7c34ebac4715,CUDA,13040,13000,2026-10-08T08:01:02.448595+00:00,derived,csr-alg5,0,0,,,,5,20,4,true
3,A100-SXM4-80GB-suitesparse_all-fp64-n2-row-major-AlphaSparse-SpMM-CSR-pre-plus-solve,AlphaSparse-SpMM-CSR-best-pre-plus-solve,AlphaSparseLib CSR PER MATRIX BEST,per-matrix-best,AlphaSparse-SpMM-CSR,best,pre-plus-solve,"csr-alg1,csr-alg2,csr-alg3,csr-alg4,csr-alg5",manual-selection,csr,ALPHASPARSE_SPMM_CSR_ALG1,workspace-setup,spmm.csr.fp64,fp64,A100-SXM4-80GB,A100-SXM4-80GB,,9700.0,d94c6f41-d28e-5f45-abb9-189a8a3b4f78,suitesparse_all,Meszaros/kleemin,kleemin,8,16,44,2,row-major,N,N,1.0,0.0,20260922,main,pass,pass,0,0,176.0,0.01233,0.00547839999199,0.017808399992,0.00609489999199,0.03212616827127092,0.009882976577292953,0.028876601786953286,0.0003311976110440301,0.00010188635646693765,0.0002976969256386937,AlphaSparse 248af573c867cf4c7e05d40c611c7c34ebac4715,CUDA,13040,13000,2026-10-06T01:53:25.419236+00:00,derived,csr-alg1,0,0,,,,5,20,4,true
3,A100-SXM4-80GB-suitesparse_all-fp64-n2-row-major-AlphaSparse-SpMM-CSR-pre-plus-solve,AlphaSparse-SpMM-CSR-best-pre-plus-solve,AlphaSparseLib CSR PER MATRIX BEST,per-matrix-best,AlphaSparse-SpMM-CSR,best,pre-plus-solve,"csr-alg1,csr-alg2,csr-alg3,csr-alg4,csr-alg5",manual-selection,csr,ALPHASPARSE_SPMM_CSR_ALG1,workspace-setup,spmm.csr.fp64,fp64,A100-SXM4-80GB,A100-SXM4-80GB,,9700.0,dd6a9a30-d69d-5ea7-834e-7b0f3242a57c,suitesparse_all,Meszaros/l30,l30,2701,16281,52070,2,row-major,N,N,1.0,0.0,20260922,main,pass,pass,0,0,208280.0,0.01385,0.0108032003045,0.0246532003045,0.0114957003045,19.27947220540217,8.4483960470634,18.118078453947575,0.1987574454165172,0.08709686646457113,0.18678431395822243,AlphaSparse 248af573c867cf4c7e05d40c611c7c34ebac4715,CUDA,13040,13000,2026-10-06T19:53:38.572330+00:00,derived,csr-alg1,0,0,,,,5,20,4,true
3,A100-SXM4-80GB-suitesparse_all-fp64-n2-row-major-AlphaSparse-SpMM-CSR-pre-plus-solve,AlphaSparse-SpMM-CSR-best-pre-plus-solve,AlphaSparseLib CSR PER MATRIX BEST,per-matrix-best,AlphaSparse-SpMM-CSR,best,pre-plus-solve,"csr-alg1,csr-alg2,csr-alg3,csr-alg4,csr-alg5",manual-selection,csr,ALPHASPARSE_SPMM_CSR_ALG1,workspace-setup,spmm.csr.fp64,fp64,A100-SXM4-80GB,A100-SXM4-80GB,,9700.0,152f8cc9-7213-5fba-8430-8cd9341fa530,suitesparse_all,Meszaros/l9,l9,244,1483,4659,2,row-major,N,N,1.0,0.0,20260922,main,pass,pass,0,0,18636.0,0.01385,0.0104447998106,0.0242947998106,0.0111372998106,1.7842371647072726,0.7670777345474967,1.6732960696867532,0.018394197574301777,0.007908017881932957,0.017250474945224258,AlphaSparse 248af573c867cf4c7e05d40c611c7c34ebac4715,CUDA,13040,13000,2026-10-07T22:28:17.514182+00:00,derived,csr-alg1,0,0,,,,5,20,4,true
3,A100-SXM4-80GB-suitesparse_all-fp64-n2-row-major-AlphaSparse-SpMM-CSR-pre-plus-solve,AlphaSparse-SpMM-CSR-best-pre-plus-solve,AlphaSparseLib CSR PER MATRIX BEST,per-matrix-best,AlphaSparse-SpMM-CSR,best,pre-plus-solve,"csr-alg1,csr-alg2,csr-alg3,csr-alg4,csr-alg5",manual-selection,csr,ALPHASPARSE_SPMM_CSR_ALG5,workspace-setup,spmm.csr.fp64,fp64,A100-SXM4-80GB,A100-SXM4-80GB,,9700.0,018f64fd-81d1-5f6a-986f-7d386c913e5c,suitesparse_all,Meszaros/large,large,4282,8617,20635,2,row-major,N,N,1.0,0.0,20260922,main,pass,pass,0,0,82540.0,0.01351,0.0134655997157,0.0269755997157,0.0141410997157,6.129693570481218,3.0598022238579228,5.836886922476112,0.06319271722145586,0.031544352823277555,0.060174091984289815,AlphaSparse 248af573c867cf4c7e05d40c611c7c34ebac4715,CUDA,13040,13000,2026-10-06T23:11:26.957350+00:00,derived,csr-alg5,0,0,,,,5,20,4,true
3,A100-SXM4-80GB-suitesparse_all-fp64-n2-row-major-AlphaSparse-SpMM-CSR-pre-plus-solve,AlphaSparse-SpMM-CSR-best-pre-plus-solve,AlphaSparseLib CSR PER MATRIX BEST,per-matrix-best,AlphaSparse-SpMM-CSR,best,pre-plus-solve,"csr-alg1,csr-alg2,csr-alg3,csr-alg4,csr-alg5",manual-selection,csr,ALPHASPARSE_SPMM_CSR_ALG3,workspace-setup,spmm.csr.fp64,fp64,A100-SXM4-80GB,A100-SXM4-80GB,,9700.0,a0827285-e98d-55a9-b486-73107367c8f5,suitesparse_all,Meszaros/lp22,lp22,2958,16392,68518,2,row-major,N,N,1.0,0.0,20260922,main,pass,pass,0,0,274072.0,0.01379,0.0153600007296,0.0291500007296,0.0160495007296,17.843228319113322,9.402126694346771,17.07666827881634,0.18395080741353942,0.0969291411788327,0.17604812658573546,AlphaSparse 248af573c867cf4c7e05d40c611c7c34ebac4715,CUDA,13040,13000,2026-10-06T08:04:05.240620+00:00,derived,csr-alg3,0,0,,,,5,20,4,true
3,A100-SXM4-80GB-suitesparse_all-fp64-n2-row-major-AlphaSparse-SpMM-CSR-pre-plus-solve,AlphaSparse-SpMM-CSR-best-pre-plus-solve,AlphaSparseLib CSR PER MATRIX BEST,per-matrix-best,AlphaSparse-SpMM-CSR,best,pre-plus-solve,"csr-alg1,csr-alg2,csr-alg3,csr-alg4,csr-alg5",manual-selection,csr,ALPHASPARSE_SPMM_CSR_ALG3,workspace-setup,spmm.csr.fp64,fp64,A100-SXM4-80GB,A100-SXM4-80GB,,9700.0,dd6a9a30-d69d-5ea7-834e-7b0f3242a57c,suitesparse_all,Meszaros/lpl2,lpl2,3294,10881,32232,2,row-major,N,N,1.0,0.0,20260922,main,pass,pass,0,0,128928.0,0.01312,0.0122879996896,0.0254079996896,0.0129439996896,10.492187765037036,5.074307366776804,9.960445232673223,0.10816688417563955,0.052312447080173234,0.10268500239869302,AlphaSparse 248af573c867cf4c7e05d40c611c7c34ebac4715,CUDA,13040,13000,2026-10-06T21:09:33.688995+00:00,derived,csr-alg3,0,0,,,,5,20,4,true
3,A100-SXM4-80GB-suitesparse_all-fp64-n2-row-major-AlphaSparse-SpMM-CSR-pre-plus-solve,AlphaSparse-SpMM-CSR-best-pre-plus-solve,AlphaSparseLib CSR PER MATRIX BEST,per-matrix-best,AlphaSparse-SpMM-CSR,best,pre-plus-solve,"csr-alg1,csr-alg2,csr-alg3,csr-alg4,csr-alg5",manual-selection,csr,ALPHASPARSE_SPMM_CSR_ALG5,workspace-setup,spmm.csr.fp64,fp64,A100-SXM4-80GB,A100-SXM4-80GB,,9700.0,005fdebf-9ece-5bc0-9d3c-6fda0356699d,suitesparse_all,Meszaros/lpl3,lpl3,10828,33686,100525,2,row-major,N,N,1.0,0.0,20260922,main,pass,pass,0,0,402100.0,0.01383,0.0135168001056,0.0273468001056,0.0142083001056,29.748165013804584,14.70373127558932,28.300359438601525,0.30668211354437713,0.1515848585112301,0.2917562828721807,AlphaSparse 248af573c867cf4c7e05d40c611c7c34ebac4715,CUDA,13040,13000,2026-10-08T15:33:55.904189+00:00,derived,csr-alg5,0,0,,,,5,20,4,true
3,A100-SXM4-80GB-suitesparse_all-fp64-n2-row-major-AlphaSparse-SpMM-CSR-pre-plus-solve,AlphaSparse-SpMM-CSR-best-pre-plus-solve,AlphaSparseLib CSR PER MATRIX BEST,per-matrix-best,AlphaSparse-SpMM-CSR,best,pre-plus-solve,"csr-alg1,csr-alg2,csr-alg3,csr-alg4,csr-alg5",manual-selection,csr,ALPHASPARSE_SPMM_CSR_ALG5,workspace-setup,spmm.csr.fp64,fp64,A100-SXM4-80GB,A100-SXM4-80GB,,9700.0,d94c6f41-d28e-5f45-abb9-189a8a3b4f78,suitesparse_all,Meszaros/mod2,mod2,34774,66409,199810,2,row-major,N,N,1.0,0.0,20260922,main,pass,pass,0,0,799240.0,0.01727,0.0185264006257,0.0357964006257,0.0193899006257,43.140597903906205,22.327384486421973,41.21939639755871,0.444748431999033,0.2301792215095049,0.42494223090266714,AlphaSparse 248af573c867cf4c7e05d40c611c7c34ebac4715,CUDA,13040,13000,2026-10-06T03:36:06.763212+00:00,derived,csr-alg5,0,0,,,,5,20,4,true
3,A100-SXM4-80GB-suitesparse_all-fp64-n2-row-major-AlphaSparse-SpMM-CSR-pre-plus-solve,AlphaSparse-SpMM-CSR-best-pre-plus-solve,AlphaSparseLib CSR PER MATRIX BEST,per-matrix-best,AlphaSparse-SpMM-CSR,best,pre-plus-solve,"csr-alg1,csr-alg2,csr-alg3,csr-alg4,csr-alg5",manual-selection,csr,ALPHASPARSE_SPMM_CSR_ALG5,workspace-setup,spmm.csr.fp64,fp64,A100-SXM4-80GB,A100-SXM4-80GB,,9700.0,018f64fd-81d1-5f6a-986f-7d386c913e5c,suitesparse_all,Meszaros/model1,model1,362,798,3028,2,row-major,N,N,1.0,0.0,20260922,main,pass,pass,0,0,12112.0,0.01366,0.0134655997157,0.0271255997157,0.0141485997157,0.899477205302502,0.4465154734621299,0.8560564468128895,0.009272960879407236,0.004603252303733298,0.008825324193947314,AlphaSparse 248af573c867cf4c7e05d40c611c7c34ebac4715,CUDA,13040,13000,2026-10-06T23:11:14.682761+00:00,derived,csr-alg5,0,0,,,,5,20,4,true
3,A100-SXM4-80GB-suitesparse_all-fp64-n2-row-major-AlphaSparse-SpMM-CSR-pre-plus-solve,AlphaSparse-SpMM-CSR-best-pre-plus-solve,AlphaSparseLib CSR PER MATRIX BEST,per-matrix-best,AlphaSparse-SpMM-CSR,best,pre-plus-solve,"csr-alg1,csr-alg2,csr-alg3,csr-alg4,csr-alg5",manual-selection,csr,ALPHASPARSE_SPMM_CSR_ALG5,workspace-setup,spmm.csr.fp64,fp64,A100-SXM4-80GB,A100-SXM4-80GB,,9700.0,752b02ae-c4ef-54eb-ad5c-0957985c94ee,suitesparse_all,Meszaros/model3,model3,1609,4578,23974,2,row-major,N,N,1.0,0.0,20260922,main,pass,pass,0,0,95896.0,0.01266,0.0138751998544,0.0265351998544,0.0145081998544,6.911323873262278,3.6139166287115323,6.609779363558807,0.07125076158002348,0.03725687246094363,0.06814205529442069,AlphaSparse 248af573c867cf4c7e05d40c611c7c34ebac4715,CUDA,13040,13000,2026-10-08T08:01:03.288885+00:00,derived,csr-alg5,0,0,,,,5,20,4,true
3,A100-SXM4-80GB-suitesparse_all-fp64-n2-row-major-AlphaSparse-SpMM-CSR-pre-plus-solve,AlphaSparse-SpMM-CSR-best-pre-plus-solve,AlphaSparseLib CSR PER MATRIX BEST,per-matrix-best,AlphaSparse-SpMM-CSR,best,pre-plus-solve,"csr-alg1,csr-alg2,csr-alg3,csr-alg4,csr-alg5",manual-selection,csr,ALPHASPARSE_SPMM_CSR_ALG3,workspace-setup,spmm.csr.fp64,fp64,A100-SXM4-80GB,A100-SXM4-80GB,,9700.0,152f8cc9-7213-5fba-8430-8cd9341fa530,suitesparse_all,Meszaros/model4,model4,1337,4962,45753,2,row-major,N,N,1.0,0.0,20260922,main,pass,pass,0,0,183012.0,0.015591,0.0151040002704,0.0306950002704,0.0158835502704,12.11679003731594,5.962273933468028,11.522109155977201,0.12491536120944269,0.061466741582144616,0.11878463047399178,AlphaSparse 248af573c867cf4c7e05d40c611c7c34ebac4715,CUDA,13040,13000,2026-10-08T00:25:18.297417+00:00,derived,csr-alg3,0,0,,,,5,20,4,true
3,A100-SXM4-80GB-suitesparse_all-fp64-n2-row-major-AlphaSparse-SpMM-CSR-pre-plus-solve,AlphaSparse-SpMM-CSR-best-pre-plus-solve,AlphaSparseLib CSR PER MATRIX BEST,per-matrix-best,AlphaSparse-SpMM-CSR,best,pre-plus-solve,"csr-alg1,csr-alg2,csr-alg3,csr-alg4,csr-alg5",manual-selection,csr,ALPHASPARSE_SPMM_CSR_ALG5,workspace-setup,spmm.csr.fp64,fp64,A100-SXM4-80GB,A100-SXM4-80GB,,9700.0,a0827285-e98d-55a9-b486-73107367c8f5,suitesparse_all,Meszaros/model5,model5,1888,11802,89925,2,row-major,N,N,1.0,0.0,20260922,main,pass,pass,0,0,359700.0,0.017629,0.0165375992656,0.0341665992656,0.0174190492656,21.750436337408114,10.527825646439362,20.649806686657314,0.2242313024475063,0.10853428501483879,0.21288460501708573,AlphaSparse 248af573c867cf4c7e05d40c611c7c34ebac4715,CUDA,13040,13000,2026-10-06T08:59:44.628191+00:00,derived,csr-alg5,0,0,,,,5,20,4,true
3,A100-SXM4-80GB-suitesparse_all-fp64-n2-row-major-AlphaSparse-SpMM-CSR-pre-plus-solve,AlphaSparse-SpMM-CSR-best-pre-plus-solve,AlphaSparseLib CSR PER MATRIX BEST,per-matrix-best,AlphaSparse-SpMM-CSR,best,pre-plus-solve,"csr-alg1,csr-alg2,csr-alg3,csr-alg4,csr-alg5",manual-selection,csr,ALPHASPARSE_SPMM_CSR_ALG3,workspace-setup,spmm.csr.fp64,fp64,A100-SXM4-80GB,A100-SXM4-80GB,,9700.0,dd6a9a30-d69d-5ea7-834e-7b0f3242a57c,suitesparse_all,Meszaros/model6,model6,2096,5289,27628,2,row-major,N,N,1.0,0.0,20260922,main,pass,pass,0,0,110512.0,0.01398,0.012326399982,0.026306399982,0.013025399982,8.965472494919725,4.200954903583051,8.484345981905985,0.09242755149401778,0.04330881343900053,0.08746748434954624,AlphaSparse 248af573c867cf4c7e05d40c611c7c34ebac4715,CUDA,13040,13000,2026-10-06T21:09:34.499864+00:00,derived,csr-alg3,0,0,,,,5,20,4,true
3,A100-SXM4-80GB-suitesparse_all-fp64-n2-row-major-AlphaSparse-SpMM-CSR-pre-plus-solve,AlphaSparse-SpMM-CSR-best-pre-plus-solve,AlphaSparseLib CSR PER MATRIX BEST,per-matrix-best,AlphaSparse-SpMM-CSR,best,pre-plus-solve,"csr-alg1,csr-alg2,csr-alg3,csr-alg4,csr-alg5",manual-selection,csr,ALPHASPARSE_SPMM_CSR_ALG5,workspace-setup,spmm.csr.fp64,fp64,A100-SXM4-80GB,A100-SXM4-80GB,,9700.0,005fdebf-9ece-5bc0-9d3c-6fda0356699d,suitesparse_all,Meszaros/model7,model7,3358,9582,51027,2,row-major,N,N,1.0,0.0,20260922,main,pass,pass,0,0,204108.0,0.01375,0.0125440001488,0.0262940001488,0.0132315001488,16.271364602903457,7.7625313320504805,15.42591525561152,0.16774602683405626,0.08002609620670598,0.15903005418156205,AlphaSparse 248af573c867cf4c7e05d40c611c7c34ebac4715,CUDA,13040,13000,2026-10-08T15:33:56.818336+00:00,derived,csr-alg5,0,0,,,,5,20,4,true
3,A100-SXM4-80GB-suitesparse_all-fp64-n2-row-major-AlphaSparse-SpMM-CSR-pre-plus-solve,AlphaSparse-SpMM-CSR-best-pre-plus-solve,AlphaSparseLib CSR PER MATRIX BEST,per-matrix-best,AlphaSparse-SpMM-CSR,best,pre-plus-solve,"csr-alg1,csr-alg2,csr-alg3,csr-alg4,csr-alg5",manual-selection,csr,ALPHASPARSE_SPMM_CSR_ALG5,workspace-setup,spmm.csr.fp64,fp64,A100-SXM4-80GB,A100-SXM4-80GB,,9700.0,d94c6f41-d28e-5f45-abb9-189a8a3b4f78,suitesparse_all,Meszaros/model8,model8,2896,6464,25277,2,row-major,N,N,1.0,0.0,20260922,main,pass,pass,0,0,101108.0,0.01291,0.0134992003441,0.0264092003441,0.0141447003441,7.489925137987196,3.8285142557369496,7.148118909579721,0.07721572307203295,0.039469219131308755,0.07369194752144043,AlphaSparse 248af573c867cf4c7e05d40c611c7c34ebac4715,CUDA,13040,13000,2026-10-06T03:36:07.817891+00:00,derived,csr-alg5,0,0,,,,5,20,4,true
3,A100-SXM4-80GB-suitesparse_all-fp64-n2-row-major-AlphaSparse-SpMM-CSR-pre-plus-solve,AlphaSparse-SpMM-CSR-best-pre-plus-solve,AlphaSparseLib CSR PER MATRIX BEST,per-matrix-best,AlphaSparse-SpMM-CSR,best,pre-plus-solve,"csr-alg1,csr-alg2,csr-alg3,csr-alg4,csr-alg5",manual-selection,csr,ALPHASPARSE_SPMM_CSR_ALG5,workspace-setup,spmm.csr.fp64,fp64,A100-SXM4-80GB,A100-SXM4-80GB,,9700.0,018f64fd-81d1-5f6a-986f-7d386c913e5c,suitesparse_all,Meszaros/model9,model9,2879,10939,55956,2,row-major,N,N,1.0,0.0,20260922,main,pass,pass,0,0,223824.0,0.01317,0.0146944001317,0.0278644001317,0.0153529001317,15.231924950590393,8.032615055127854,14.57861368731618,0.15703015412979787,0.08281046448585416,0.15029498646717712,AlphaSparse 248af573c867cf4c7e05d40c611c7c34ebac4715,CUDA,13040,13000,2026-10-06T23:11:15.785035+00:00,derived,csr-alg5,0,0,,,,5,20,4,true
3,A100-SXM4-80GB-suitesparse_all-fp64-n2-row-major-AlphaSparse-SpMM-CSR-pre-plus-solve,AlphaSparse-SpMM-CSR-best-pre-plus-solve,AlphaSparseLib CSR PER MATRIX BEST,per-matrix-best,AlphaSparse-SpMM-CSR,best,pre-plus-solve,"csr-alg1,csr-alg2,csr-alg3,csr-alg4,csr-alg5",manual-selection,csr,ALPHASPARSE_SPMM_CSR_ALG3,workspace-setup,spmm.csr.fp64,fp64,A100-SXM4-80GB,A100-SXM4-80GB,,9700.0,752b02ae-c4ef-54eb-ad5c-0957985c94ee,suitesparse_all,Meszaros/nemsafm,nemsafm,334,2348,2826,2,row-major,N,N,1.0,0.0,20260922,main,pass,pass,0,0,11304.0,0.011031,0.0137216001749,0.0247526001749,0.0142731501749,0.8238106238277987,0.456679295109475,0.7919765336651898,0.008492893029152564,0.004708033970200773,0.008164706532630824,AlphaSparse 248af573c867cf4c7e05d40c611c7c34ebac4715,CUDA,13040,13000,2026-10-08T05:58:17.973624+00:00,derived,csr-alg3,0,0,,,,5,20,4,true
3,A100-SXM4-80GB-suitesparse_all-fp64-n2-row-major-AlphaSparse-SpMM-CSR-pre-plus-solve,AlphaSparse-SpMM-CSR-best-pre-plus-solve,AlphaSparseLib CSR PER MATRIX BEST,per-matrix-best,AlphaSparse-SpMM-CSR,best,pre-plus-solve,"csr-alg1,csr-alg2,csr-alg3,csr-alg4,csr-alg5",manual-selection,csr,ALPHASPARSE_SPMM_CSR_ALG3,workspace-setup,spmm.csr.fp64,fp64,A100-SXM4-80GB,A100-SXM4-80GB,,9700.0,152f8cc9-7213-5fba-8430-8cd9341fa530,suitesparse_all,Meszaros/nemscem,nemscem,651,1712,3840,2,row-major,N,N,1.0,0.0,20260922,main,pass,pass,0,0,15360.0,0.01662,0.0137728005648,0.0303928005648,0.0146038005648,1.1152415899534989,0.5053828444420971,1.0517810026126138,0.01149733597890205,0.005210132416928836,0.010843103119717668,AlphaSparse 248af573c867cf4c7e05d40c611c7c34ebac4715,CUDA,13040,13000,2026-10-08T00:25:18.908736+00:00,derived,csr-alg3,0,0,,,,5,20,4,true
3,A100-SXM4-80GB-suitesparse_all-fp64-n2-row-major-AlphaSparse-SpMM-CSR-pre-plus-solve,AlphaSparse-SpMM-CSR-best-pre-plus-solve,AlphaSparseLib CSR PER MATRIX BEST,per-matrix-best,AlphaSparse-SpMM-CSR,best,pre-plus-solve,"csr-alg1,csr-alg2,csr-alg3,csr-alg4,csr-alg5",manual-selection,csr,ALPHASPARSE_SPMM_CSR_ALG5,workspace-setup,spmm.csr.fp64,fp64,A100-SXM4-80GB,A100-SXM4-80GB,,9700.0,a0827285-e98d-55a9-b486-73107367c8f5,suitesparse_all,Meszaros/nemsemm1,nemsemm1,3945,75352,1053986,2,row-major,N,N,1.0,0.0,20260922,main,pass,pass,0,0,4215944.0,0.0186,0.043212801218,0.061812801218,0.044142801218,97.56238617189845,68.20503062353222,95.50694300480585,1.005797795586582,0.7031446456034249,0.9846076598433593,AlphaSparse 248af573c867cf4c7e05d40c611c7c34ebac4715,CUDA,13040,13000,2026-10-06T08:59:45.964776+00:00,derived,csr-alg5,0,0,,,,5,20,4,true
3,A100-SXM4-80GB-suitesparse_all-fp64-n2-row-major-AlphaSparse-SpMM-CSR-pre-plus-solve,AlphaSparse-SpMM-CSR-best-pre-plus-solve,AlphaSparseLib CSR PER MATRIX BEST,per-matrix-best,AlphaSparse-SpMM-CSR,best,pre-plus-solve,"csr-alg1,csr-alg2,csr-alg3,csr-alg4,csr-alg5",manual-selection,csr,ALPHASPARSE_SPMM_CSR_ALG3,workspace-setup,spmm.csr.fp64,fp64,A100-SXM4-80GB,A100-SXM4-80GB,,9700.0,dd6a9a30-d69d-5ea7-834e-7b0f3242a57c,suitesparse_all,Meszaros/nemsemm2,nemsemm2,6943,48878,182012,2,row-major,N,N,1.0,0.0,20260922,main,pass,pass,0,0,728048.0,0.01367,0.0229903995991,0.0366603995991,0.0236738995991,31.667479151971794,19.859248888762064,30.753192854956513,0.3264688572368226,0.20473452462641306,0.31704322530883,AlphaSparse 248af573c867cf4c7e05d40c611c7c34ebac4715,CUDA,13040,13000,2026-10-06T21:09:35.345265+00:00,derived,csr-alg3,0,0,,,,5,20,4,true
3,A100-SXM4-80GB-suitesparse_all-fp64-n2-row-major-AlphaSparse-SpMM-CSR-pre-plus-solve,AlphaSparse-SpMM-CSR-best-pre-plus-solve,AlphaSparseLib CSR PER MATRIX BEST,per-matrix-best,AlphaSparse-SpMM-CSR,best,pre-plus-solve,"csr-alg1,csr-alg2,csr-alg3,csr-alg4,csr-alg5",manual-selection,csr,ALPHASPARSE_SPMM_CSR_ALG5,workspace-setup,spmm.csr.fp64,fp64,A100-SXM4-80GB,A100-SXM4-80GB,,9700.0,005fdebf-9ece-5bc0-9d3c-6fda0356699d,suitesparse_all,Meszaros/nemspmm1,nemspmm1,2372,8903,55867,2,row-major,N,N,1.0,0.0,20260922,main,pass,pass,0,0,223468.0,0.01383,0.0125952005386,0.0264252005386,0.0132867005386,17.742313773817788,8.456624564630049,16.81892350556028,0.18291045127647204,0.08718169654257782,0.17339096397484827,AlphaSparse 248af573c867cf4c7e05d40c611c7c34ebac4715,CUDA,13040,13000,2026-10-08T15:33:57.497649+00:00,derived,csr-alg5,0,0,,,,5,20,4,true
3,A100-SXM4-80GB-suitesparse_all-fp64-n2-row-major-AlphaSparse-SpMM-CSR-pre-plus-solve,AlphaSparse-SpMM-CSR-best-pre-plus-solve,AlphaSparseLib CSR PER MATRIX BEST,per-matrix-best,AlphaSparse-SpMM-CSR,best,pre-plus-solve,"csr-alg1,csr-alg2,csr-alg3,csr-alg4,csr-alg5",manual-selection,csr,ALPHASPARSE_SPMM_CSR_ALG5,workspace-setup,spmm.csr.fp64,fp64,A100-SXM4-80GB,A100-SXM4-80GB,,9700.0,d94c6f41-d28e-5f45-abb9-189a8a3b4f78,suitesparse_all,Meszaros/nemspmm2,nemspmm2,2301,8734,68225,2,row-major,N,N,1.0,0.0,20260922,main,pass,pass,0,0,272900.0,0.01273,0.0152400001884,0.0279700001884,0.0158765001884,17.906823925613804,9.75688230825182,17.188926826542765,0.18460643222282272,0.10058641554898784,0.1772054312014718,AlphaSparse 248af573c867cf4c7e05d40c611c7c34ebac4715,CUDA,13040,13000,2026-10-06T03:36:08.488585+00:00,derived,csr-alg5,0,0,,,,5,20,4,true
3,A100-SXM4-80GB-suitesparse_all-fp64-n2-row-major-AlphaSparse-SpMM-CSR-pre-plus-solve,AlphaSparse-SpMM-CSR-best-pre-plus-solve,AlphaSparseLib CSR PER MATRIX BEST,per-matrix-best,AlphaSparse-SpMM-CSR,best,pre-plus-solve,"csr-alg1,csr-alg2,csr-alg3,csr-alg4,csr-alg5",manual-selection,csr,ALPHASPARSE_SPMM_CSR_ALG5,workspace-setup,spmm.csr.fp64,fp64,A100-SXM4-80GB,A100-SXM4-80GB,,9700.0,018f64fd-81d1-5f6a-986f-7d386c913e5c,suitesparse_all,Meszaros/nemswrld,nemswrld,7138,28550,192283,2,row-major,N,N,1.0,0.0,20260922,main,pass,pass,0,0,769132.0,0.0167,0.0175615996122,0.0342615996122,0.0183965996122,43.79623821201834,22.448805914074267,41.808378516317646,0.4515076104331788,0.23143098880488935,0.43101421150842933,AlphaSparse 248af573c867cf4c7e05d40c611c7c34ebac4715,CUDA,13040,13000,2026-10-06T23:11:16.664171+00:00,derived,csr-alg5,0,0,,,,5,20,4,true
3,A100-SXM4-80GB-suitesparse_all-fp64-n2-row-major-AlphaSparse-SpMM-CSR-pre-plus-solve,AlphaSparse-SpMM-CSR-best-pre-plus-solve,AlphaSparseLib CSR PER MATRIX BEST,per-matrix-best,AlphaSparse-SpMM-CSR,best,pre-plus-solve,"csr-alg1,csr-alg2,csr-alg3,csr-alg4,csr-alg5",manual-selection,csr,ALPHASPARSE_SPMM_CSR_ALG3,workspace-setup,spmm.csr.fp64,fp64,A100-SXM4-80GB,A100-SXM4-80GB,,9700.0,752b02ae-c4ef-54eb-ad5c-0957985c94ee,suitesparse_all,Meszaros/nsic,nsic,465,897,3449,2,row-major,N,N,1.0,0.0,20260922,main,pass,pass,0,0,13796.0,0.01127,0.0139264002442,0.0251964002442,0.0144899002442,0.9906364715997368,0.5475385319446862,0.9521114547025433,0.010212747129894194,0.005644727133450373,0.009815582007242715,AlphaSparse 248af573c867cf4c7e05d40c611c7c34ebac4715,CUDA,13040,13000,2026-10-08T05:58:29.527753+00:00,derived,csr-alg3,0,0,,,,5,20,4,true
3,A100-SXM4-80GB-suitesparse_all-fp64-n2-row-major-AlphaSparse-SpMM-CSR-pre-plus-solve,AlphaSparse-SpMM-CSR-best-pre-plus-solve,AlphaSparseLib CSR PER MATRIX BEST,per-matrix-best,AlphaSparse-SpMM-CSR,best,pre-plus-solve,"csr-alg1,csr-alg2,csr-alg3,csr-alg4,csr-alg5",manual-selection,csr,ALPHASPARSE_SPMM_CSR_ALG5,workspace-setup,spmm.csr.fp64,fp64,A100-SXM4-80GB,A100-SXM4-80GB,,9700.0,152f8cc9-7213-5fba-8430-8cd9341fa530,suitesparse_all,Meszaros/nsir,nsir,4453,10057,154939,2,row-major,N,N,1.0,0.0,20260922,main,pass,pass,0,0,619756.0,0.02424,0.0168960005045,0.0411360005045,0.0181080005045,36.68063337444487,15.066024708265036,34.22553472129543,0.37815085953035943,0.1553198423532478,0.3528405641370663,AlphaSparse 248af573c867cf4c7e05d40c611c7c34ebac4715,CUDA,13040,13000,2026-10-08T02:23:07.976359+00:00,derived,csr-alg5,0,0,,,,5,20,4,true
3,A100-SXM4-80GB-suitesparse_all-fp64-n2-row-major-AlphaSparse-SpMM-CSR-pre-plus-solve,AlphaSparse-SpMM-CSR-best-pre-plus-solve,AlphaSparseLib CSR PER MATRIX BEST,per-matrix-best,AlphaSparse-SpMM-CSR,best,pre-plus-solve,"csr-alg1,csr-alg2,csr-alg3,csr-alg4,csr-alg5",manual-selection,csr,ALPHASPARSE_SPMM_CSR_ALG5,workspace-setup,spmm.csr.fp64,fp64,A100-SXM4-80GB,A100-SXM4-80GB,,9700.0,752b02ae-c4ef-54eb-ad5c-0957985c94ee,suitesparse_all,Meszaros/nw14,nw14,73,123409,904910,2,row-major,N,N,1.0,0.0,20260922,main,pass,pass,0,0,3619640.0,0.01444,0.047769600153,0.062209600153,0.048491600153,75.77287623104966,58.18458873064218,74.64468049269077,0.7811636724850481,0.5998411209344555,0.769532788584441,AlphaSparse 248af573c867cf4c7e05d40c611c7c34ebac4715,CUDA,13040,13000,2026-10-08T08:01:04.929604+00:00,derived,csr-alg5,0,0,,,,5,20,4,true
3,A100-SXM4-80GB-suitesparse_all-fp64-n2-row-major-AlphaSparse-SpMM-CSR-pre-plus-solve,AlphaSparse-SpMM-CSR-best-pre-plus-solve,AlphaSparseLib CSR PER MATRIX BEST,per-matrix-best,AlphaSparse-SpMM-CSR,best,pre-plus-solve,"csr-alg1,csr-alg2,csr-alg3,csr-alg4,csr-alg5",manual-selection,csr,ALPHASPARSE_SPMM_CSR_ALG1,workspace-setup,spmm.csr.fp64,fp64,A100-SXM4-80GB,A100-SXM4-80GB,,9700.0,152f8cc9-7213-5fba-8430-8cd9341fa530,suitesparse_all,Meszaros/p0033,p0033,15,48,113,2,row-major,N,N,1.0,0.0,20260922,main,pass,pass,0,0,452.0,0.01727,0.00824320018291,0.0255132001829,0.00910670018291,0.05483307331745954,0.017716319268444775,0.04963378511661572,0.0005652894156439128,0.00018264246668499767,0.0005116885063568631,AlphaSparse 248af573c867cf4c7e05d40c611c7c34ebac4715,CUDA,13040,13000,2026-10-07T22:28:19.310843+00:00,derived,csr-alg1,0,0,,,,5,20,4,true
3,A100-SXM4-80GB-suitesparse_all-fp64-n2-row-major-AlphaSparse-SpMM-CSR-pre-plus-solve,AlphaSparse-SpMM-CSR-best-pre-plus-solve,AlphaSparseLib CSR PER MATRIX BEST,per-matrix-best,AlphaSparse-SpMM-CSR,best,pre-plus-solve,"csr-alg1,csr-alg2,csr-alg3,csr-alg4,csr-alg5",manual-selection,csr,ALPHASPARSE_SPMM_CSR_ALG1,workspace-setup,spmm.csr.fp64,fp64,A100-SXM4-80GB,A100-SXM4-80GB,,9700.0,a0827285-e98d-55a9-b486-73107367c8f5,suitesparse_all,Meszaros/p0040,p0040,23,63,133,2,row-major,N,N,1.0,0.0,20260922,main,pass,pass,0,0,532.0,0.01638,0.00619519986212,0.0225751998621,0.00701419986212,0.08587293579548043,0.023565682840006187,0.07584614217696474,0.0008852879978915509,0.00024294518391758954,0.0007819189915151004,AlphaSparse 248af573c867cf4c7e05d40c611c7c34ebac4715,CUDA,13040,13000,2026-10-06T07:07:31.300528+00:00,derived,csr-alg1,0,0,,,,5,20,4,true
3,A100-SXM4-80GB-suitesparse_all-fp64-n2-row-major-AlphaSparse-SpMM-CSR-pre-plus-solve,AlphaSparse-SpMM-CSR-best-pre-plus-solve,AlphaSparseLib CSR PER MATRIX BEST,per-matrix-best,AlphaSparse-SpMM-CSR,best,pre-plus-solve,"csr-alg1,csr-alg2,csr-alg3,csr-alg4,csr-alg5",manual-selection,csr,ALPHASPARSE_SPMM_CSR_ALG5,workspace-setup,spmm.csr.fp64,fp64,A100-SXM4-80GB,A100-SXM4-80GB,,9700.0,dd6a9a30-d69d-5ea7-834e-7b0f3242a57c,suitesparse_all,Meszaros/p010,p010,10090,19090,118000,2,row-major,N,N,1.0,0.0,20260922,main,pass,pass,0,0,472000.0,0.01344,0.0174592003226,0.0308992003226,0.0181312003226,27.03445697848035,15.275476228256116,26.032473945570285,0.2787057420461892,0.15747913637377436,0.2683760200574256,AlphaSparse 248af573c867cf4c7e05d40c611c7c34ebac4715,CUDA,13040,13000,2026-10-06T22:24:01.285288+00:00,derived,csr-alg5,0,0,,,,5,20,4,true
3,A100-SXM4-80GB-suitesparse_all-fp64-n2-row-major-AlphaSparse-SpMM-CSR-pre-plus-solve,AlphaSparse-SpMM-CSR-best-pre-plus-solve,AlphaSparseLib CSR PER MATRIX BEST,per-matrix-best,AlphaSparse-SpMM-CSR,best,pre-plus-solve,"csr-alg1,csr-alg2,csr-alg3,csr-alg4,csr-alg5",manual-selection,csr,ALPHASPARSE_SPMM_CSR_ALG2,workspace-setup,spmm.csr.fp64,fp64,A100-SXM4-80GB,A100-SXM4-80GB,,9700.0,005fdebf-9ece-5bc0-9d3c-6fda0356699d,suitesparse_all,Meszaros/p0201,p0201,133,334,2056,2,row-major,N,N,1.0,0.0,20260922,main,pass,pass,0,0,8224.0,0.01205,0.0112127996981,0.0232627996981,0.0118152996981,0.7334475083322456,0.3535258054374126,0.6960466691608753,0.00756131451888913,0.00364459593234446,0.007175738857328612,AlphaSparse 248af573c867cf4c7e05d40c611c7c34ebac4715,CUDA,13040,13000,2026-10-08T14:22:48.374001+00:00,derived,csr-alg2,0,0,,,,5,20,4,true
3,A100-SXM4-80GB-suitesparse_all-fp64-n2-row-major-AlphaSparse-SpMM-CSR-pre-plus-solve,AlphaSparse-SpMM-CSR-best-pre-plus-solve,AlphaSparseLib CSR PER MATRIX BEST,per-matrix-best,AlphaSparse-SpMM-CSR,best,pre-plus-solve,"csr-alg1,csr-alg2,csr-alg3,csr-alg4,csr-alg5",manual-selection,csr,ALPHASPARSE_SPMM_CSR_ALG5,workspace-setup,spmm.csr.fp64,fp64,A100-SXM4-80GB,A100-SXM4-80GB,,9700.0,d94c6f41-d28e-5f45-abb9-189a8a3b4f78,suitesparse_all,Meszaros/p0282,p0282,241,523,2207,2,row-major,N,N,1.0,0.0,20260922,main,pass,pass,0,0,8828.0,0.01262,0.012980799377,0.025600799377,0.013611799377,0.6800813835580782,0.34483298236113513,0.6485549599648643,0.007011148284103899,0.003554979199599331,0.0066861336078852,AlphaSparse 248af573c867cf4c7e05d40c611c7c34ebac4715,CUDA,13040,13000,2026-10-06T03:36:09.379176+00:00,derived,csr-alg5,0,0,,,,5,20,4,true
3,A100-SXM4-80GB-suitesparse_all-fp64-n2-row-major-AlphaSparse-SpMM-CSR-pre-plus-solve,AlphaSparse-SpMM-CSR-best-pre-plus-solve,AlphaSparseLib CSR PER MATRIX BEST,per-matrix-best,AlphaSparse-SpMM-CSR,best,pre-plus-solve,"csr-alg1,csr-alg2,csr-alg3,csr-alg4,csr-alg5",manual-selection,csr,ALPHASPARSE_SPMM_CSR_ALG3,workspace-setup,spmm.csr.fp64,fp64,A100-SXM4-80GB,A100-SXM4-80GB,,9700.0,018f64fd-81d1-5f6a-986f-7d386c913e5c,suitesparse_all,Meszaros/p0291,p0291,252,543,2283,2,row-major,N,N,1.0,0.0,20260922,main,pass,pass,0,0,9132.0,0.0112,0.0131071999669,0.0243071999669,0.0136671999669,0.6967163103531884,0.37569115375013895,0.6681690486797877,0.0071826423747751375,0.0038731046778364836,0.006888340708039048,AlphaSparse 248af573c867cf4c7e05d40c611c7c34ebac4715,CUDA,13040,13000,2026-10-06T21:56:06.552734+00:00,derived,csr-alg3,0,0,,,,5,20,4,true
3,A100-SXM4-80GB-suitesparse_all-fp64-n2-row-major-AlphaSparse-SpMM-CSR-pre-plus-solve,AlphaSparse-SpMM-CSR-best-pre-plus-solve,AlphaSparseLib CSR PER MATRIX BEST,per-matrix-best,AlphaSparse-SpMM-CSR,best,pre-plus-solve,"csr-alg1,csr-alg2,csr-alg3,csr-alg4,csr-alg5",manual-selection,csr,ALPHASPARSE_SPMM_CSR_ALG5,workspace-setup,spmm.csr.fp64,fp64,A100-SXM4-80GB,A100-SXM4-80GB,,9700.0,752b02ae-c4ef-54eb-ad5c-0957985c94ee,suitesparse_all,Meszaros/p05,p05,5090,9590,59045,2,row-major,N,N,1.0,0.0,20260922,main,pass,pass,0,0,236180.0,0.01294,0.0157695993781,0.0287095993781,0.0164165993781,14.976918204275657,8.226516744088068,14.386657952746768,0.15440121860077996,0.08480945096998008,0.14831606136852338,AlphaSparse 248af573c867cf4c7e05d40c611c7c34ebac4715,CUDA,13040,13000,2026-10-08T08:01:05.562246+00:00,derived,csr-alg5,0,0,,,,5,20,4,true
3,A100-SXM4-80GB-suitesparse_all-fp64-n2-row-major-AlphaSparse-SpMM-CSR-pre-plus-solve,AlphaSparse-SpMM-CSR-best-pre-plus-solve,AlphaSparseLib CSR PER MATRIX BEST,per-matrix-best,AlphaSparse-SpMM-CSR,best,pre-plus-solve,"csr-alg1,csr-alg2,csr-alg3,csr-alg4,csr-alg5",manual-selection,csr,ALPHASPARSE_SPMM_CSR_ALG3,workspace-setup,spmm.csr.fp64,fp64,A100-SXM4-80GB,A100-SXM4-80GB,,9700.0,152f8cc9-7213-5fba-8430-8cd9341fa530,suitesparse_all,Meszaros/p2756,p2756,755,3511,9692,2,row-major,N,N,1.0,0.0,20260922,main,pass,pass,0,0,38768.0,0.01835,0.0141824007034,0.0325324007034,0.0150999007034,2.733528745292467,1.1916735058519154,2.5674341018196714,0.02818070871435533,0.012285293874762016,0.02646839280226465,AlphaSparse 248af573c867cf4c7e05d40c611c7c34ebac4715,CUDA,13040,13000,2026-10-08T00:25:20.473106+00:00,derived,csr-alg3,0,0,,,,5,20,4,true
3,A100-SXM4-80GB-suitesparse_all-fp64-n2-row-major-AlphaSparse-SpMM-CSR-pre-plus-solve,AlphaSparse-SpMM-CSR-best-pre-plus-solve,AlphaSparseLib CSR PER MATRIX BEST,per-matrix-best,AlphaSparse-SpMM-CSR,best,pre-plus-solve,"csr-alg1,csr-alg2,csr-alg3,csr-alg4,csr-alg5",manual-selection,csr,ALPHASPARSE_SPMM_CSR_ALG5,workspace-setup,spmm.csr.fp64,fp64,A100-SXM4-80GB,A100-SXM4-80GB,,9700.0,a0827285-e98d-55a9-b486-73107367c8f5,suitesparse_all,Meszaros/p6000,p6000,2095,7967,19826,2,row-major,N,N,1.0,0.0,20260922,main,pass,pass,0,0,79304.0,0.01762,0.0150015994906,0.0326215994906,0.0158825994906,5.28636963343088,2.4310273327600527,4.993137303936644,0.05449865601475133,0.025062137451134562,0.05147564230862519,AlphaSparse 248af573c867cf4c7e05d40c611c7c34ebac4715,CUDA,13040,13000,2026-10-06T08:59:47.646951+00:00,derived,csr-alg5,0,0,,,,5,20,4,true
3,A100-SXM4-80GB-suitesparse_all-fp64-n2-row-major-AlphaSparse-SpMM-CSR-pre-plus-solve,AlphaSparse-SpMM-CSR-best-pre-plus-solve,AlphaSparseLib CSR PER MATRIX BEST,per-matrix-best,AlphaSparse-SpMM-CSR,best,pre-plus-solve,"csr-alg1,csr-alg2,csr-alg3,csr-alg4,csr-alg5",manual-selection,csr,ALPHASPARSE_SPMM_CSR_ALG3,workspace-setup,spmm.csr.fp64,fp64,A100-SXM4-80GB,A100-SXM4-80GB,,9700.0,dd6a9a30-d69d-5ea7-834e-7b0f3242a57c,suitesparse_all,Meszaros/pcb1000,pcb1000,1565,2820,20463,2,row-major,N,N,1.0,0.0,20260922,main,pass,pass,0,0,81852.0,0.01314,0.0122784003615,0.0254184003615,0.0129354003615,6.6663406950512964,3.2201869053875316,6.3277515741699375,0.06872516180465253,0.033197803148325065,0.06523455231103029,AlphaSparse 248af573c867cf4c7e05d40c611c7c34ebac4715,CUDA,13040,13000,2026-10-06T21:09:36.881659+00:00,derived,csr-alg3,0,0,,,,5,20,4,true
3,A100-SXM4-80GB-suitesparse_all-fp64-n2-row-major-AlphaSparse-SpMM-CSR-pre-plus-solve,AlphaSparse-SpMM-CSR-best-pre-plus-solve,AlphaSparseLib CSR PER MATRIX BEST,per-matrix-best,AlphaSparse-SpMM-CSR,best,pre-plus-solve,"csr-alg1,csr-alg2,csr-alg3,csr-alg4,csr-alg5",manual-selection,csr,ALPHASPARSE_SPMM_CSR_ALG5,workspace-setup,spmm.csr.fp64,fp64,A100-SXM4-80GB,A100-SXM4-80GB,,9700.0,005fdebf-9ece-5bc0-9d3c-6fda0356699d,suitesparse_all,Meszaros/pcb3000,pcb3000,3960,7732,57479,2,row-major,N,N,1.0,0.0,20260922,main,pass,pass,0,0,229916.0,0.01572,0.0131071999669,0.0288271999669,0.0138931999669,17.54119877476606,7.975661884053755,16.548815287173998,0.1808371007707841,0.08222331839230676,0.17060634316674222,AlphaSparse 248af573c867cf4c7e05d40c611c7c34ebac4715,CUDA,13040,13000,2026-10-08T15:33:58.997368+00:00,derived,csr-alg5,0,0,,,,5,20,4,true
3,A100-SXM4-80GB-suitesparse_all-fp64-n2-row-major-AlphaSparse-SpMM-CSR-pre-plus-solve,AlphaSparse-SpMM-CSR-best-pre-plus-solve,AlphaSparseLib CSR PER MATRIX BEST,per-matrix-best,AlphaSparse-SpMM-CSR,best,pre-plus-solve,"csr-alg1,csr-alg2,csr-alg3,csr-alg4,csr-alg5",manual-selection,csr,ALPHASPARSE_SPMM_CSR_ALG1,workspace-setup,spmm.csr.fp64,fp64,A100-SXM4-80GB,A100-SXM4-80GB,,9700.0,d94c6f41-d28e-5f45-abb9-189a8a3b4f78,suitesparse_all,Meszaros/pf2177,pf2177,9728,10178,30984,2,row-major,N,N,1.0,0.0,20260922,main,pass,pass,0,0,123936.0,0.01281,0.00721919983625,0.0200291998363,0.00785969983625,17.167553580893575,6.187765912414739,15.768541112523204,0.17698508846282038,0.06379140115891484,0.1625622795105485,AlphaSparse 248af573c867cf4c7e05d40c611c7c34ebac4715,CUDA,13040,13000,2026-10-06T01:53:19.500624+00:00,derived,csr-alg1,0,0,,,,5,20,4,true
3,A100-SXM4-80GB-suitesparse_all-fp64-n2-row-major-AlphaSparse-SpMM-CSR-pre-plus-solve,AlphaSparse-SpMM-CSR-best-pre-plus-solve,AlphaSparseLib CSR PER MATRIX BEST,per-matrix-best,AlphaSparse-SpMM-CSR,best,pre-plus-solve,"csr-alg1,csr-alg2,csr-alg3,csr-alg4,csr-alg5",manual-selection,csr,ALPHASPARSE_SPMM_CSR_ALG1,workspace-setup,spmm.csr.fp64,fp64,A100-SXM4-80GB,A100-SXM4-80GB,,9700.0,005fdebf-9ece-5bc0-9d3c-6fda0356699d,suitesparse_all,Meszaros/pgp2,pgp2,4034,13254,22474,2,row-major,N,N,1.0,0.0,20260922,main,pass,pass,0,0,89896.0,0.013269,0.00511999987066,0.0183889998707,0.00578344987066,17.557812943540533,4.8885747257650065,15.543663731927735,0.1810083808612426,0.05039767758520625,0.160243955999255,AlphaSparse 248af573c867cf4c7e05d40c611c7c34ebac4715,CUDA,13040,13000,2026-10-08T13:56:23.185147+00:00,derived,csr-alg1,0,0,,,,5,20,4,true
3,A100-SXM4-80GB-suitesparse_all-fp64-n2-row-major-AlphaSparse-SpMM-CSR-pre-plus-solve,AlphaSparse-SpMM-CSR-best-pre-plus-solve,AlphaSparseLib CSR PER MATRIX BEST,per-matrix-best,AlphaSparse-SpMM-CSR,best,pre-plus-solve,"csr-alg1,csr-alg2,csr-alg3,csr-alg4,csr-alg5",manual-selection,csr,ALPHASPARSE_SPMM_CSR_ALG1,workspace-setup,spmm.csr.fp64,fp64,A100-SXM4-80GB,A100-SXM4-80GB,,9700.0,a0827285-e98d-55a9-b486-73107367c8f5,suitesparse_all,Meszaros/plddb,plddb,3069,5049,10839,2,row-major,N,N,1.0,0.0,20260922,main,pass,pass,0,0,43356.0,0.01849,0.00634879991412,0.0248387999141,0.00727329991412,6.829007148827359,1.7454949574833734,5.960980643164591,0.07040213555492122,0.01799479337611725,0.061453408692418464,AlphaSparse 248af573c867cf4c7e05d40c611c7c34ebac4715,CUDA,13040,13000,2026-10-06T07:07:53.136046+00:00,derived,csr-alg1,0,0,,,,5,20,4,true
3,A100-SXM4-80GB-suitesparse_all-fp64-n2-row-major-AlphaSparse-SpMM-CSR-pre-plus-solve,AlphaSparse-SpMM-CSR-best-pre-plus-solve,AlphaSparseLib CSR PER MATRIX BEST,per-matrix-best,AlphaSparse-SpMM-CSR,best,pre-plus-solve,"csr-alg1,csr-alg2,csr-alg3,csr-alg4,csr-alg5",manual-selection,csr,ALPHASPARSE_SPMM_CSR_ALG1,workspace-setup,spmm.csr.fp64,fp64,A100-SXM4-80GB,A100-SXM4-80GB,,9700.0,d94c6f41-d28e-5f45-abb9-189a8a3b4f78,suitesparse_all,Meszaros/pltexpa,pltexpa,26894,70364,143059,2,row-major,N,N,1.0,0.0,20260922,main,pass,pass,0,0,572236.0,0.01441,0.0132095992565,0.0276195992565,0.0139300992565,43.319709318087135,20.718475843393342,41.07910428082455,0.44659494142357875,0.2135925344679726,0.4234959204208717,AlphaSparse 248af573c867cf4c7e05d40c611c7c34ebac4715,CUDA,13040,13000,2026-10-06T01:53:26.231586+00:00,derived,csr-alg1,0,0,,,,5,20,4,true
3,A100-SXM4-80GB-suitesparse_all-fp64-n2-row-major-AlphaSparse-SpMM-CSR-pre-plus-solve,AlphaSparse-SpMM-CSR-best-pre-plus-solve,AlphaSparseLib CSR PER MATRIX BEST,per-matrix-best,AlphaSparse-SpMM-CSR,best,pre-plus-solve,"csr-alg1,csr-alg2,csr-alg3,csr-alg4,csr-alg5",manual-selection,csr,ALPHASPARSE_SPMM_CSR_ALG3,workspace-setup,spmm.csr.fp64,fp64,A100-SXM4-80GB,A100-SXM4-80GB,,9700.0,018f64fd-81d1-5f6a-986f-7d386c913e5c,suitesparse_all,Meszaros/primagaz,primagaz,1554,10836,21665,2,row-major,N,N,1.0,0.0,20260922,main,pass,pass,0,0,86660.0,0.01261,0.0163328006864,0.0289428006864,0.0169633006864,5.305887316200464,2.994181556200291,5.1086755816029354,0.05469986923918004,0.03086785109484836,0.05266675857322614,AlphaSparse 248af573c867cf4c7e05d40c611c7c34ebac4715,CUDA,13040,13000,2026-10-06T21:56:07.166280+00:00,derived,csr-alg3,0,0,,,,5,20,4,true
3,A100-SXM4-80GB-suitesparse_all-fp64-n2-row-major-AlphaSparse-SpMM-CSR-pre-plus-solve,AlphaSparse-SpMM-CSR-best-pre-plus-solve,AlphaSparseLib CSR PER MATRIX BEST,per-matrix-best,AlphaSparse-SpMM-CSR,best,pre-plus-solve,"csr-alg1,csr-alg2,csr-alg3,csr-alg4,csr-alg5",manual-selection,csr,ALPHASPARSE_SPMM_CSR_ALG5,workspace-setup,spmm.csr.fp64,fp64,A100-SXM4-80GB,A100-SXM4-80GB,,9700.0,752b02ae-c4ef-54eb-ad5c-0957985c94ee,suitesparse_all,Meszaros/progas,progas,1650,1900,8897,2,row-major,N,N,1.0,0.0,20260922,main,pass,pass,0,0,35588.0,0.01167,0.0135168001056,0.0251868001056,0.0141003001056,2.6328716650367507,1.4129623394314155,2.5239179119220347,0.02714300685604898,0.014566622055993975,0.026019772287856027,AlphaSparse 248af573c867cf4c7e05d40c611c7c34ebac4715,CUDA,13040,13000,2026-10-08T08:01:06.185400+00:00,derived,csr-alg5,0,0,,,,5,20,4,true
3,A100-SXM4-80GB-suitesparse_all-fp64-n2-row-major-AlphaSparse-SpMM-CSR-pre-plus-solve,AlphaSparse-SpMM-CSR-best-pre-plus-solve,AlphaSparseLib CSR PER MATRIX BEST,per-matrix-best,AlphaSparse-SpMM-CSR,best,pre-plus-solve,"csr-alg1,csr-alg2,csr-alg3,csr-alg4,csr-alg5",manual-selection,csr,ALPHASPARSE_SPMM_CSR_ALG3,workspace-setup,spmm.csr.fp64,fp64,A100-SXM4-80GB,A100-SXM4-80GB,,9700.0,152f8cc9-7213-5fba-8430-8cd9341fa530,suitesparse_all,Meszaros/qiulp,qiulp,1192,1900,4492,2,row-major,N,N,1.0,0.0,20260922,main,pass,pass,0,0,17968.0,0.01836,0.0141824007034,0.0325424007034,0.0151004007034,1.2669223198363353,0.5521411946145302,1.189902198817435,0.013061054843673559,0.005692177264067321,0.01226703297749933,AlphaSparse 248af573c867cf4c7e05d40c611c7c34ebac4715,CUDA,13040,13000,2026-10-08T00:25:21.074167+00:00,derived,csr-alg3,0,0,,,,5,20,4,true
3,A100-SXM4-80GB-suitesparse_all-fp64-n2-row-major-AlphaSparse-SpMM-CSR-pre-plus-solve,AlphaSparse-SpMM-CSR-best-pre-plus-solve,AlphaSparseLib CSR PER MATRIX BEST,per-matrix-best,AlphaSparse-SpMM-CSR,best,pre-plus-solve,"csr-alg1,csr-alg2,csr-alg3,csr-alg4,csr-alg5",manual-selection,csr,ALPHASPARSE_SPMM_CSR_ALG5,workspace-setup,spmm.csr.fp64,fp64,A100-SXM4-80GB,A100-SXM4-80GB,,9700.0,a0827285-e98d-55a9-b486-73107367c8f5,suitesparse_all,Meszaros/r05,r05,5190,9690,104145,2,row-major,N,N,1.0,0.0,20260922,main,pass,pass,0,0,416580.0,0.017709,0.0167935997248,0.0345025997248,0.0176790497248,24.805878836376824,12.073872789955823,23.563483698766095,0.25573070965336936,0.12447291536036931,0.24292251235841336,AlphaSparse 248af573c867cf4c7e05d40c611c7c34ebac4715,CUDA,13040,13000,2026-10-06T08:59:48.356332+00:00,derived,csr-alg5,0,0,,,,5,20,4,true
3,A100-SXM4-80GB-suitesparse_all-fp64-n2-row-major-AlphaSparse-SpMM-CSR-pre-plus-solve,AlphaSparse-SpMM-CSR-best-pre-plus-solve,AlphaSparseLib CSR PER MATRIX BEST,per-matrix-best,AlphaSparse-SpMM-CSR,best,pre-plus-solve,"csr-alg1,csr-alg2,csr-alg3,csr-alg4,csr-alg5",manual-selection,csr,ALPHASPARSE_SPMM_CSR_ALG5,workspace-setup,spmm.csr.fp64,fp64,A100-SXM4-80GB,A100-SXM4-80GB,,9700.0,dd6a9a30-d69d-5ea7-834e-7b0f3242a57c,suitesparse_all,Meszaros/rat,rat,3136,9408,268908,2,row-major,N,N,1.0,0.0,20260922,main,pass,pass,0,0,1075632.0,0.013149,0.0186880007386,0.0318370007386,0.0193454507386,57.557360738877,33.785594592642525,55.60128913687135,0.5933748529781134,0.3483050988932219,0.5732091663594985,AlphaSparse 248af573c867cf4c7e05d40c611c7c34ebac4715,CUDA,13040,13000,2026-10-06T22:24:10.805692+00:00,derived,csr-alg5,0,0,,,,5,20,4,true
3,A100-SXM4-80GB-suitesparse_all-fp64-n2-row-major-AlphaSparse-SpMM-CSR-pre-plus-solve,AlphaSparse-SpMM-CSR-best-pre-plus-solve,AlphaSparseLib CSR PER MATRIX BEST,per-matrix-best,AlphaSparse-SpMM-CSR,best,pre-plus-solve,"csr-alg1,csr-alg2,csr-alg3,csr-alg4,csr-alg5",manual-selection,csr,ALPHASPARSE_SPMM_CSR_ALG1,workspace-setup,spmm.csr.fp64,fp64,A100-SXM4-80GB,A100-SXM4-80GB,,9700.0,dd6a9a30-d69d-5ea7-834e-7b0f3242a57c,suitesparse_all,Meszaros/refine,refine,29,62,153,2,row-major,N,N,1.0,0.0,20260922,main,pass,pass,0,0,612.0,0.01388,0.00957439988852,0.0234543998885,0.0102683998885,0.06392045528971553,0.026093185198060496,0.05960032786465628,0.000658973765873356,0.00026900190925835567,0.0006144363697387246,AlphaSparse 248af573c867cf4c7e05d40c611c7c34ebac4715,CUDA,13040,13000,2026-10-06T19:53:34.898587+00:00,derived,csr-alg1,0,0,,,,5,20,4,true
3,A100-SXM4-80GB-suitesparse_all-fp64-n2-row-major-AlphaSparse-SpMM-CSR-pre-plus-solve,AlphaSparse-SpMM-CSR-best-pre-plus-solve,AlphaSparseLib CSR PER MATRIX BEST,per-matrix-best,AlphaSparse-SpMM-CSR,best,pre-plus-solve,"csr-alg1,csr-alg2,csr-alg3,csr-alg4,csr-alg5",manual-selection,csr,ALPHASPARSE_SPMM_CSR_ALG5,workspace-setup,spmm.csr.fp64,fp64,A100-SXM4-80GB,A100-SXM4-80GB,,9700.0,005fdebf-9ece-5bc0-9d3c-6fda0356699d,suitesparse_all,Meszaros/rlfddd,rlfddd,4050,61521,264627,2,row-major,N,N,1.0,0.0,20260922,main,pass,pass,0,0,1058508.0,0.01476,0.0166912004352,0.0314512004352,0.0174292004352,63.41712833114849,33.655567525343926,60.7318737273936,0.65378482815617,0.34696461366333947,0.6261017910040577,AlphaSparse 248af573c867cf4c7e05d40c611c7c34ebac4715,CUDA,13040,13000,2026-10-08T15:33:59.756775+00:00,derived,csr-alg5,0,0,,,,5,20,4,true
3,A100-SXM4-80GB-suitesparse_all-fp64-n2-row-major-AlphaSparse-SpMM-CSR-pre-plus-solve,AlphaSparse-SpMM-CSR-best-pre-plus-solve,AlphaSparseLib CSR PER MATRIX BEST,per-matrix-best,AlphaSparse-SpMM-CSR,best,pre-plus-solve,"csr-alg1,csr-alg2,csr-alg3,csr-alg4,csr-alg5",manual-selection,csr,ALPHASPARSE_SPMM_CSR_ALG5,workspace-setup,spmm.csr.fp64,fp64,A100-SXM4-80GB,A100-SXM4-80GB,,9700.0,d94c6f41-d28e-5f45-abb9-189a8a3b4f78,suitesparse_all,Meszaros/rlfdual,rlfdual,8052,74970,282031,2,row-major,N,N,1.0,0.0,20260922,main,pass,pass,0,0,1128124.0,0.01458,0.0202879995108,0.0348679995108,0.0210169995108,55.60548241335775,32.35413605103945,53.67673912826097,0.5732523960139975,0.3335477943406129,0.5533684446212471,AlphaSparse 248af573c867cf4c7e05d40c611c7c34ebac4715,CUDA,13040,13000,2026-10-06T03:36:11.078398+00:00,derived,csr-alg5,0,0,,,,5,20,4,true
3,A100-SXM4-80GB-suitesparse_all-fp64-n2-row-major-AlphaSparse-SpMM-CSR-pre-plus-solve,AlphaSparse-SpMM-CSR-best-pre-plus-solve,AlphaSparseLib CSR PER MATRIX BEST,per-matrix-best,AlphaSparse-SpMM-CSR,best,pre-plus-solve,"csr-alg1,csr-alg2,csr-alg3,csr-alg4,csr-alg5",manual-selection,csr,ALPHASPARSE_SPMM_CSR_ALG1,workspace-setup,spmm.csr.fp64,fp64,A100-SXM4-80GB,A100-SXM4-80GB,,9700.0,018f64fd-81d1-5f6a-986f-7d386c913e5c,suitesparse_all,Meszaros/rlfprim,rlfprim,58866,62716,320591,2,row-major,N,N,1.0,0.0,20260922,main,pass,pass,0,0,1282364.0,0.01771,0.0194048002362,0.0371148002362,0.0202903002362,66.08488540931883,34.55128390396787,63.2008390744327,0.6812874784465859,0.3561988031336894,0.6515550420044609,AlphaSparse 248af573c867cf4c7e05d40c611c7c34ebac4715,CUDA,13040,13000,2026-10-06T20:30:57.911136+00:00,derived,csr-alg1,0,0,,,,5,20,4,true
3,A100-SXM4-80GB-suitesparse_all-fp64-n2-row-major-AlphaSparse-SpMM-CSR-pre-plus-solve,AlphaSparse-SpMM-CSR-best-pre-plus-solve,AlphaSparseLib CSR PER MATRIX BEST,per-matrix-best,AlphaSparse-SpMM-CSR,best,pre-plus-solve,"csr-alg1,csr-alg2,csr-alg3,csr-alg4,csr-alg5",manual-selection,csr,ALPHASPARSE_SPMM_CSR_ALG5,workspace-setup,spmm.csr.fp64,fp64,A100-SXM4-80GB,A100-SXM4-80GB,,9700.0,dd6a9a30-d69d-5ea7-834e-7b0f3242a57c,suitesparse_all,Meszaros/rosen10,rosen10,2056,6152,64192,2,row-major,N,N,1.0,0.0,20260922,main,pass,pass,0,0,256768.0,0.013209,0.014899200201,0.028108200201,0.015559650201,17.233676743451394,9.13498545491593,16.502170465470865,0.1776667705510453,0.09417510778263845,0.1701254687161945,AlphaSparse 248af573c867cf4c7e05d40c611c7c34ebac4715,CUDA,13040,13000,2026-10-06T22:24:03.698794+00:00,derived,csr-alg5,0,0,,,,5,20,4,true
3,A100-SXM4-80GB-suitesparse_all-fp64-n2-row-major-AlphaSparse-SpMM-CSR-pre-plus-solve,AlphaSparse-SpMM-CSR-best-pre-plus-solve,AlphaSparseLib CSR PER MATRIX BEST,per-matrix-best,AlphaSparse-SpMM-CSR,best,pre-plus-solve,"csr-alg1,csr-alg2,csr-alg3,csr-alg4,csr-alg5",manual-selection,csr,ALPHASPARSE_SPMM_CSR_ALG5,workspace-setup,spmm.csr.fp64,fp64,A100-SXM4-80GB,A100-SXM4-80GB,,9700.0,752b02ae-c4ef-54eb-ad5c-0957985c94ee,suitesparse_all,Meszaros/rosen2,rosen2,1032,3080,47536,2,row-major,N,N,1.0,0.0,20260922,main,pass,pass,0,0,190144.0,0.01281,0.0154624000192,0.0282724000192,0.0161029000192,12.297185415193892,6.725428328365182,11.808059403789708,0.1267751073731329,0.06933431266355858,0.12173257117308978,AlphaSparse 248af573c867cf4c7e05d40c611c7c34ebac4715,CUDA,13040,13000,2026-10-08T08:01:06.939528+00:00,derived,csr-alg5,0,0,,,,5,20,4,true
3,A100-SXM4-80GB-suitesparse_all-fp64-n2-row-major-AlphaSparse-SpMM-CSR-pre-plus-solve,AlphaSparse-SpMM-CSR-best-pre-plus-solve,AlphaSparseLib CSR PER MATRIX BEST,per-matrix-best,AlphaSparse-SpMM-CSR,best,pre-plus-solve,"csr-alg1,csr-alg2,csr-alg3,csr-alg4,csr-alg5",manual-selection,csr,ALPHASPARSE_SPMM_CSR_ALG3,workspace-setup,spmm.csr.fp64,fp64,A100-SXM4-80GB,A100-SXM4-80GB,,9700.0,152f8cc9-7213-5fba-8430-8cd9341fa530,suitesparse_all,Meszaros/rosen7,rosen7,264,776,8034,2,row-major,N,N,1.0,0.0,20260922,main,pass,pass,0,0,32136.0,0.02096,0.0140799999237,0.0350399999237,0.0151279999237,2.2823863760046934,0.9171232896682793,2.1242728822106045,0.023529756453656632,0.009454879274930715,0.02189972043516087,AlphaSparse 248af573c867cf4c7e05d40c611c7c34ebac4715,CUDA,13040,13000,2026-10-08T00:25:21.696734+00:00,derived,csr-alg3,0,0,,,,5,20,4,true
3,A100-SXM4-80GB-suitesparse_all-fp64-n2-row-major-AlphaSparse-SpMM-CSR-pre-plus-solve,AlphaSparse-SpMM-CSR-best-pre-plus-solve,AlphaSparseLib CSR PER MATRIX BEST,per-matrix-best,AlphaSparse-SpMM-CSR,best,pre-plus-solve,"csr-alg1,csr-alg2,csr-alg3,csr-alg4,csr-alg5",manual-selection,csr,ALPHASPARSE_SPMM_CSR_ALG3,workspace-setup,spmm.csr.fp64,fp64,A100-SXM4-80GB,A100-SXM4-80GB,,9700.0,a0827285-e98d-55a9-b486-73107367c8f5,suitesparse_all,Meszaros/rosen8,rosen8,520,1544,16058,2,row-major,N,N,1.0,0.0,20260922,main,pass,pass,0,0,64232.0,0.02014,0.015513600409,0.035653600409,0.016520600409,4.140367052559682,1.8015571853378933,3.8879942865156436,0.04268419641814106,0.01857275448801952,0.04008241532490354,AlphaSparse 248af573c867cf4c7e05d40c611c7c34ebac4715,CUDA,13040,13000,2026-10-06T08:04:10.299487+00:00,derived,csr-alg3,0,0,,,,5,20,4,true
3,A100-SXM4-80GB-suitesparse_all-fp64-n2-row-major-AlphaSparse-SpMM-CSR-pre-plus-solve,AlphaSparse-SpMM-CSR-best-pre-plus-solve,AlphaSparseLib CSR PER MATRIX BEST,per-matrix-best,AlphaSparse-SpMM-CSR,best,pre-plus-solve,"csr-alg1,csr-alg2,csr-alg3,csr-alg4,csr-alg5",manual-selection,csr,ALPHASPARSE_SPMM_CSR_ALG5,workspace-setup,spmm.csr.fp64,fp64,A100-SXM4-80GB,A100-SXM4-80GB,,9700.0,005fdebf-9ece-5bc0-9d3c-6fda0356699d,suitesparse_all,Meszaros/route,route,20894,43019,206782,2,row-major,N,N,1.0,0.0,20260922,main,pass,pass,0,0,827128.0,0.01466,0.014899200201,0.029559200201,0.015632200201,55.514926227012175,27.982083221995225,52.91180955749839,0.5723188270825997,0.2884750847628374,0.5454825727577153,AlphaSparse 248af573c867cf4c7e05d40c611c7c34ebac4715,CUDA,13040,13000,2026-10-08T15:34:00.545735+00:00,derived,csr-alg5,0,0,,,,5,20,4,true
3,A100-SXM4-80GB-suitesparse_all-fp64-n2-row-major-AlphaSparse-SpMM-CSR-pre-plus-solve,AlphaSparse-SpMM-CSR-best-pre-plus-solve,AlphaSparseLib CSR PER MATRIX BEST,per-matrix-best,AlphaSparse-SpMM-CSR,best,pre-plus-solve,"csr-alg1,csr-alg2,csr-alg3,csr-alg4,csr-alg5",manual-selection,csr,ALPHASPARSE_SPMM_CSR_ALG1,workspace-setup,spmm.csr.fp64,fp64,A100-SXM4-80GB,A100-SXM4-80GB,,9700.0,018f64fd-81d1-5f6a-986f-7d386c913e5c,suitesparse_all,Meszaros/sc205-2r,sc205-2r,35213,62423,123239,2,row-major,N,N,1.0,0.0,20260922,main,pass,pass,0,0,492956.0,0.01966,0.00732159987092,0.0269815998709,0.00830459987092,67.32900031288617,18.270080438471677,59.35939210342585,0.6941134052874862,0.18835134472651213,0.6119524959116066,AlphaSparse 248af573c867cf4c7e05d40c611c7c34ebac4715,CUDA,13040,13000,2026-10-06T20:31:06.117464+00:00,derived,csr-alg1,0,0,,,,5,20,4,true
3,A100-SXM4-80GB-suitesparse_all-fp64-n2-row-major-AlphaSparse-SpMM-CSR-pre-plus-solve,AlphaSparse-SpMM-CSR-best-pre-plus-solve,AlphaSparseLib CSR PER MATRIX BEST,per-matrix-best,AlphaSparse-SpMM-CSR,best,pre-plus-solve,"csr-alg1,csr-alg2,csr-alg3,csr-alg4,csr-alg5",manual-selection,csr,ALPHASPARSE_SPMM_CSR_ALG3,workspace-setup,spmm.csr.fp64,fp64,A100-SXM4-80GB,A100-SXM4-80GB,,9700.0,752b02ae-c4ef-54eb-ad5c-0957985c94ee,suitesparse_all,Meszaros/scagr7-2c,scagr7-2c,2447,3479,9005,2,row-major,N,N,1.0,0.0,20260922,main,pass,pass,0,0,36020.0,0.01132,0.0144383996725,0.0257583996725,0.0150043996725,2.4947363154522764,1.3983787990701697,2.400629201181391,0.025718931087136868,0.014416276279073914,0.024748754651354548,AlphaSparse 248af573c867cf4c7e05d40c611c7c34ebac4715,CUDA,13040,13000,2026-10-08T05:58:30.159418+00:00,derived,csr-alg3,0,0,,,,5,20,4,true
3,A100-SXM4-80GB-suitesparse_all-fp64-n2-row-major-AlphaSparse-SpMM-CSR-pre-plus-solve,AlphaSparse-SpMM-CSR-best-pre-plus-solve,AlphaSparseLib CSR PER MATRIX BEST,per-matrix-best,AlphaSparse-SpMM-CSR,best,pre-plus-solve,"csr-alg1,csr-alg2,csr-alg3,csr-alg4,csr-alg5",manual-selection,csr,ALPHASPARSE_SPMM_CSR_ALG1,workspace-setup,spmm.csr.fp64,fp64,A100-SXM4-80GB,A100-SXM4-80GB,,9700.0,152f8cc9-7213-5fba-8430-8cd9341fa530,suitesparse_all,Meszaros/scagr7-2r,scagr7-2r,32847,46679,120141,2,row-major,N,N,1.0,0.0,20260922,main,pass,pass,0,0,480564.0,0.01696,0.00890880003572,0.0258688000357,0.00975680003572,53.942618318198825,18.576973007514926,49.254263512692454,0.5561094671979261,0.19151518564448378,0.5077759125019841,AlphaSparse 248af573c867cf4c7e05d40c611c7c34ebac4715,CUDA,13040,13000,2026-10-07T22:28:29.789261+00:00,derived,csr-alg1,0,0,,,,5,20,4,true
3,A100-SXM4-80GB-suitesparse_all-fp64-n2-row-major-AlphaSparse-SpMM-CSR-pre-plus-solve,AlphaSparse-SpMM-CSR-best-pre-plus-solve,AlphaSparseLib CSR PER MATRIX BEST,per-matrix-best,AlphaSparse-SpMM-CSR,best,pre-plus-solve,"csr-alg1,csr-alg2,csr-alg3,csr-alg4,csr-alg5",manual-selection,csr,ALPHASPARSE_SPMM_CSR_ALG5,workspace-setup,spmm.csr.fp64,fp64,A100-SXM4-80GB,A100-SXM4-80GB,,9700.0,a0827285-e98d-55a9-b486-73107367c8f5,suitesparse_all,Meszaros/scfxm1-2b,scfxm1-2b,19036,33047,111052,2,row-major,N,N,1.0,0.0,20260922,main,pass,pass,0,0,444208.0,0.01916,0.0126512005925,0.0318112005925,0.0136092005925,35.11192449697932,13.963886672819546,32.64027133561408,0.3619786030616425,0.14395759456514995,0.3364976426351967,AlphaSparse 248af573c867cf4c7e05d40c611c7c34ebac4715,CUDA,13040,13000,2026-10-06T09:00:04.554285+00:00,derived,csr-alg5,0,0,,,,5,20,4,true
3,A100-SXM4-80GB-suitesparse_all-fp64-n2-row-major-AlphaSparse-SpMM-CSR-pre-plus-solve,AlphaSparse-SpMM-CSR-best-pre-plus-solve,AlphaSparseLib CSR PER MATRIX BEST,per-matrix-best,AlphaSparse-SpMM-CSR,best,pre-plus-solve,"csr-alg1,csr-alg2,csr-alg3,csr-alg4,csr-alg5",manual-selection,csr,ALPHASPARSE_SPMM_CSR_ALG1,workspace-setup,spmm.csr.fp64,fp64,A100-SXM4-80GB,A100-SXM4-80GB,,9700.0,dd6a9a30-d69d-5ea7-834e-7b0f3242a57c,suitesparse_all,Meszaros/scfxm1-2r,scfxm1-2r,37980,65943,221388,2,row-major,N,N,1.0,0.0,20260922,main,pass,pass,0,0,885552.0,0.01646,0.0180224001408,0.0344824001408,0.0188454001408,49.136185695669006,25.681274980398015,46.99035273243118,0.506558615419268,0.2647554121690517,0.4844366261075379,AlphaSparse 248af573c867cf4c7e05d40c611c7c34ebac4715,CUDA,13040,13000,2026-10-06T19:53:44.704882+00:00,derived,csr-alg1,0,0,,,,5,20,4,true
3,A100-SXM4-80GB-suitesparse_all-fp64-n2-row-major-AlphaSparse-SpMM-CSR-pre-plus-solve,AlphaSparse-SpMM-CSR-best-pre-plus-solve,AlphaSparseLib CSR PER MATRIX BEST,per-matrix-best,AlphaSparse-SpMM-CSR,best,pre-plus-solve,"csr-alg1,csr-alg2,csr-alg3,csr-alg4,csr-alg5",manual-selection,csr,ALPHASPARSE_SPMM_CSR_ALG1,workspace-setup,spmm.csr.fp64,fp64,A100-SXM4-80GB,A100-SXM4-80GB,,9700.0,005fdebf-9ece-5bc0-9d3c-6fda0356699d,suitesparse_all,Meszaros/scrs8-2b,scrs8-2b,1820,3499,7367,2,row-major,N,N,1.0,0.0,20260922,main,pass,pass,0,0,29468.0,0.01242,0.00885759964585,0.0212775996459,0.00947859964585,3.326860682149534,1.3849306543221014,3.108898054672235,0.0342975328056653,0.014277635611568057,0.032050495408992116,AlphaSparse 248af573c867cf4c7e05d40c611c7c34ebac4715,CUDA,13040,13000,2026-10-08T13:56:24.980216+00:00,derived,csr-alg1,0,0,,,,5,20,4,true
3,A100-SXM4-80GB-suitesparse_all-fp64-n2-row-major-AlphaSparse-SpMM-CSR-pre-plus-solve,AlphaSparse-SpMM-CSR-best-pre-plus-solve,AlphaSparseLib CSR PER MATRIX BEST,per-matrix-best,AlphaSparse-SpMM-CSR,best,pre-plus-solve,"csr-alg1,csr-alg2,csr-alg3,csr-alg4,csr-alg5",manual-selection,csr,ALPHASPARSE_SPMM_CSR_ALG1,workspace-setup,spmm.csr.fp64,fp64,A100-SXM4-80GB,A100-SXM4-80GB,,9700.0,d94c6f41-d28e-5f45-abb9-189a8a3b4f78,suitesparse_all,Meszaros/scrs8-2c,scrs8-2c,1820,3499,7367,2,row-major,N,N,1.0,0.0,20260922,main,pass,pass,0,0,29468.0,0.013589,0.00890880003572,0.0224978000357,0.00958825003572,3.3077406476570923,1.3098169578020753,3.0733449680828224,0.03410041904801126,0.013503267606206962,0.031683968743121876,AlphaSparse 248af573c867cf4c7e05d40c611c7c34ebac4715,CUDA,13040,13000,2026-10-06T01:53:26.986485+00:00,derived,csr-alg1,0,0,,,,5,20,4,true
3,A100-SXM4-80GB-suitesparse_all-fp64-n2-row-major-AlphaSparse-SpMM-CSR-pre-plus-solve,AlphaSparse-SpMM-CSR-best-pre-plus-solve,AlphaSparseLib CSR PER MATRIX BEST,per-matrix-best,AlphaSparse-SpMM-CSR,best,pre-plus-solve,"csr-alg1,csr-alg2,csr-alg3,csr-alg4,csr-alg5",manual-selection,csr,ALPHASPARSE_SPMM_CSR_ALG3,workspace-setup,spmm.csr.fp64,fp64,A100-SXM4-80GB,A100-SXM4-80GB,,9700.0,018f64fd-81d1-5f6a-986f-7d386c913e5c,suitesparse_all,Meszaros/scrs8-2r,scrs8-2r,14364,27691,58439,2,row-major,N,N,1.0,0.0,20260922,main,pass,pass,0,0,233756.0,0.01282,0.0165887996554,0.0294087996554,0.0172297996554,14.091194351359086,7.9485053024623555,13.566959841389592,0.14527004485937203,0.08194335363363253,0.13986556537515044,AlphaSparse 248af573c867cf4c7e05d40c611c7c34ebac4715,CUDA,13040,13000,2026-10-06T21:56:13.797333+00:00,derived,csr-alg3,0,0,,,,5,20,4,true
3,A100-SXM4-80GB-suitesparse_all-fp64-n2-row-major-AlphaSparse-SpMM-CSR-pre-plus-solve,AlphaSparse-SpMM-CSR-best-pre-plus-solve,AlphaSparseLib CSR PER MATRIX BEST,per-matrix-best,AlphaSparse-SpMM-CSR,best,pre-plus-solve,"csr-alg1,csr-alg2,csr-alg3,csr-alg4,csr-alg5",manual-selection,csr,ALPHASPARSE_SPMM_CSR_ALG5,workspace-setup,spmm.csr.fp64,fp64,A100-SXM4-80GB,A100-SXM4-80GB,,9700.0,752b02ae-c4ef-54eb-ad5c-0957985c94ee,suitesparse_all,Meszaros/scsd8-2c,scsd8-2c,5130,35910,112770,2,row-major,N,N,1.0,0.0,20260922,main,pass,pass,0,0,451080.0,0.01258,0.0154624000192,0.0280424000192,0.0160914000192,29.172702778345155,16.08564173149073,28.03236508083688,0.30074951317881604,0.16583135805660545,0.2889934544416173,AlphaSparse 248af573c867cf4c7e05d40c611c7c34ebac4715,CUDA,13040,13000,2026-10-08T08:01:18.221437+00:00,derived,csr-alg5,0,0,,,,5,20,4,true
3,A100-SXM4-80GB-suitesparse_all-fp64-n2-row-major-AlphaSparse-SpMM-CSR-pre-plus-solve,AlphaSparse-SpMM-CSR-best-pre-plus-solve,AlphaSparseLib CSR PER MATRIX BEST,per-matrix-best,AlphaSparse-SpMM-CSR,best,pre-plus-solve,"csr-alg1,csr-alg2,csr-alg3,csr-alg4,csr-alg5",manual-selection,csr,ALPHASPARSE_SPMM_CSR_ALG1,workspace-setup,spmm.csr.fp64,fp64,A100-SXM4-80GB,A100-SXM4-80GB,,9700.0,152f8cc9-7213-5fba-8430-8cd9341fa530,suitesparse_all,Meszaros/scsd8-2r,scsd8-2r,8650,60550,190210,2,row-major,N,N,1.0,0.0,20260922,main,pass,pass,0,0,760840.0,0.01748,0.0110592000186,0.0285392000186,0.0119332000186,68.79701956021913,26.659471866910557,63.75825418279225,0.7092476243321559,0.27483991615371706,0.6573015895133222,AlphaSparse 248af573c867cf4c7e05d40c611c7c34ebac4715,CUDA,13040,13000,2026-10-07T22:28:30.490797+00:00,derived,csr-alg1,0,0,,,,5,20,4,true
3,A100-SXM4-80GB-suitesparse_all-fp64-n2-row-major-AlphaSparse-SpMM-CSR-pre-plus-solve,AlphaSparse-SpMM-CSR-best-pre-plus-solve,AlphaSparseLib CSR PER MATRIX BEST,per-matrix-best,AlphaSparse-SpMM-CSR,best,pre-plus-solve,"csr-alg1,csr-alg2,csr-alg3,csr-alg4,csr-alg5",manual-selection,csr,ALPHASPARSE_SPMM_CSR_ALG5,workspace-setup,spmm.csr.fp64,fp64,A100-SXM4-80GB,A100-SXM4-80GB,,9700.0,a0827285-e98d-55a9-b486-73107367c8f5,suitesparse_all,Meszaros/sctap1-2b,sctap1-2b,15390,33858,99454,2,row-major,N,N,1.0,0.0,20260922,main,pass,pass,0,0,397816.0,0.01989,0.0124144002795,0.0323044002795,0.0134089002795,32.044721536562406,12.314607191530174,29.668055672559156,0.3303579539851794,0.12695471331474406,0.30585624404700157,AlphaSparse 248af573c867cf4c7e05d40c611c7c34ebac4715,CUDA,13040,13000,2026-10-06T09:00:05.335894+00:00,derived,csr-alg5,0,0,,,,5,20,4,true
3,A100-SXM4-80GB-suitesparse_all-fp64-n2-row-major-AlphaSparse-SpMM-CSR-pre-plus-solve,AlphaSparse-SpMM-CSR-best-pre-plus-solve,AlphaSparseLib CSR PER MATRIX BEST,per-matrix-best,AlphaSparse-SpMM-CSR,best,pre-plus-solve,"csr-alg1,csr-alg2,csr-alg3,csr-alg4,csr-alg5",manual-selection,csr,ALPHASPARSE_SPMM_CSR_ALG1,workspace-setup,spmm.csr.fp64,fp64,A100-SXM4-80GB,A100-SXM4-80GB,,9700.0,dd6a9a30-d69d-5ea7-834e-7b0f3242a57c,suitesparse_all,Meszaros/sctap1-2c,sctap1-2c,3390,7458,21854,2,row-major,N,N,1.0,0.0,20260922,main,pass,pass,0,0,87416.0,0.01349,0.00983040034771,0.0233204003477,0.0105049003477,8.892415050050696,3.7484776717661066,8.321449714574335,0.09167438195928553,0.03864409970892893,0.08578814138736428,AlphaSparse 248af573c867cf4c7e05d40c611c7c34ebac4715,CUDA,13040,13000,2026-10-06T19:53:45.611832+00:00,derived,csr-alg1,0,0,,,,5,20,4,true
3,A100-SXM4-80GB-suitesparse_all-fp64-n2-row-major-AlphaSparse-SpMM-CSR-pre-plus-solve,AlphaSparse-SpMM-CSR-best-pre-plus-solve,AlphaSparseLib CSR PER MATRIX BEST,per-matrix-best,AlphaSparse-SpMM-CSR,best,pre-plus-solve,"csr-alg1,csr-alg2,csr-alg3,csr-alg4,csr-alg5",manual-selection,csr,ALPHASPARSE_SPMM_CSR_ALG1,workspace-setup,spmm.csr.fp64,fp64,A100-SXM4-80GB,A100-SXM4-80GB,,9700.0,005fdebf-9ece-5bc0-9d3c-6fda0356699d,suitesparse_all,Meszaros/sctap1-2r,sctap1-2r,28830,63426,186366,2,row-major,N,N,1.0,0.0,20260922,main,pass,pass,0,0,745464.0,0.01434,0.0131071999669,0.0274471999669,0.0138241999669,56.87438979206408,27.15992891438812,53.924567192669606,0.5863339153821039,0.27999926715864043,0.5559233731203053,AlphaSparse 248af573c867cf4c7e05d40c611c7c34ebac4715,CUDA,13040,13000,2026-10-08T13:56:25.692853+00:00,derived,csr-alg1,0,0,,,,5,20,4,true
3,A100-SXM4-80GB-suitesparse_all-fp64-n2-row-major-AlphaSparse-SpMM-CSR-pre-plus-solve,AlphaSparse-SpMM-CSR-best-pre-plus-solve,AlphaSparseLib CSR PER MATRIX BEST,per-matrix-best,AlphaSparse-SpMM-CSR,best,pre-plus-solve,"csr-alg1,csr-alg2,csr-alg3,csr-alg4,csr-alg5",manual-selection,csr,ALPHASPARSE_SPMM_CSR_ALG1,workspace-setup,spmm.csr.fp64,fp64,A100-SXM4-80GB,A100-SXM4-80GB,,9700.0,d94c6f41-d28e-5f45-abb9-189a8a3b4f78,suitesparse_all,Meszaros/seymourl,seymourl,4944,6316,38493,2,row-major,N,N,1.0,0.0,20260922,main,pass,pass,0,0,153972.0,0.01389,0.0118271999061,0.0257171999061,0.0125216999061,13.018466012448759,5.98712148142841,12.29641351850254,0.13421098981905938,0.061722901870395974,0.1267671496752839,AlphaSparse 248af573c867cf4c7e05d40c611c7c34ebac4715,CUDA,13040,13000,2026-10-06T01:53:21.235238+00:00,derived,csr-alg1,0,0,,,,5,20,4,true
3,A100-SXM4-80GB-suitesparse_all-fp64-n2-row-major-AlphaSparse-SpMM-CSR-pre-plus-solve,AlphaSparse-SpMM-CSR-best-pre-plus-solve,AlphaSparseLib CSR PER MATRIX BEST,per-matrix-best,AlphaSparse-SpMM-CSR,best,pre-plus-solve,"csr-alg1,csr-alg2,csr-alg3,csr-alg4,csr-alg5",manual-selection,csr,ALPHASPARSE_SPMM_CSR_ALG3,workspace-setup,spmm.csr.fp64,fp64,A100-SXM4-80GB,A100-SXM4-80GB,,9700.0,018f64fd-81d1-5f6a-986f-7d386c913e5c,suitesparse_all,Meszaros/slptsk,slptsk,2861,3347,72465,2,row-major,N,N,1.0,0.0,20260922,main,pass,pass,0,0,289860.0,0.01149,0.016435199976,0.027925199976,0.017009699976,17.63653624070756,10.37987195254168,17.040864942296498,0.18181996124440786,0.10700898920146062,0.17567902002367525,AlphaSparse 248af573c867cf4c7e05d40c611c7c34ebac4715,CUDA,13040,13000,2026-10-06T21:56:08.588616+00:00,derived,csr-alg3,0,0,,,,5,20,4,true
3,A100-SXM4-80GB-suitesparse_all-fp64-n2-row-major-AlphaSparse-SpMM-CSR-pre-plus-solve,AlphaSparse-SpMM-CSR-best-pre-plus-solve,AlphaSparseLib CSR PER MATRIX BEST,per-matrix-best,AlphaSparse-SpMM-CSR,best,pre-plus-solve,"csr-alg1,csr-alg2,csr-alg3,csr-alg4,csr-alg5",manual-selection,csr,ALPHASPARSE_SPMM_CSR_ALG1,workspace-setup,spmm.csr.fp64,fp64,A100-SXM4-80GB,A100-SXM4-80GB,,9700.0,005fdebf-9ece-5bc0-9d3c-6fda0356699d,suitesparse_all,Meszaros/small,small,677,1400,3207,2,row-major,N,N,1.0,0.0,20260922,main,pass,pass,0,0,12828.0,0.0129,0.00762879997492,0.0205287999749,0.00827379997492,1.6815226565347876,0.6248782206307453,1.5504363217487662,0.017335285118915335,0.006442043511657168,0.015983879605657385,AlphaSparse 248af573c867cf4c7e05d40c611c7c34ebac4715,CUDA,13040,13000,2026-10-08T13:56:24.373633+00:00,derived,csr-alg1,0,0,,,,5,20,4,true
3,A100-SXM4-80GB-suitesparse_all-fp64-n2-row-major-AlphaSparse-SpMM-CSR-pre-plus-solve,AlphaSparse-SpMM-CSR-best-pre-plus-solve,AlphaSparseLib CSR PER MATRIX BEST,per-matrix-best,AlphaSparse-SpMM-CSR,best,pre-plus-solve,"csr-alg1,csr-alg2,csr-alg3,csr-alg4,csr-alg5",manual-selection,csr,ALPHASPARSE_SPMM_CSR_ALG5,workspace-setup,spmm.csr.fp64,fp64,A100-SXM4-80GB,A100-SXM4-80GB,,9700.0,752b02ae-c4ef-54eb-ad5c-0957985c94ee,suitesparse_all,Meszaros/stat96v1,stat96v1,5995,197472,588798,2,row-major,N,N,1.0,0.0,20260922,main,pass,pass,0,0,2355192.0,0.02194,0.0262656003237,0.0482056003237,0.0273626003237,89.66831029842714,48.857227877775934,86.07339843940419,0.9244155700868778,0.503682761626556,0.887354623086641,AlphaSparse 248af573c867cf4c7e05d40c611c7c34ebac4715,CUDA,13040,13000,2026-10-08T08:01:08.120064+00:00,derived,csr-alg5,0,0,,,,5,20,4,true
3,A100-SXM4-80GB-suitesparse_all-fp64-n2-row-major-AlphaSparse-SpMM-CSR-pre-plus-solve,AlphaSparse-SpMM-CSR-best-pre-plus-solve,AlphaSparseLib CSR PER MATRIX BEST,per-matrix-best,AlphaSparse-SpMM-CSR,best,pre-plus-solve,"csr-alg1,csr-alg2,csr-alg3,csr-alg4,csr-alg5",manual-selection,csr,ALPHASPARSE_SPMM_CSR_ALG5,workspace-setup,spmm.csr.fp64,fp64,A100-SXM4-80GB,A100-SXM4-80GB,,9700.0,152f8cc9-7213-5fba-8430-8cd9341fa530,suitesparse_all,Meszaros/stat96v2,stat96v2,29089,957432,2852184,2,row-major,N,N,1.0,0.0,20260922,main,pass,pass,0,0,11408736.0,0.03048,0.098423999548,0.128903999548,0.099947999548,115.9141678085955,88.50567895491659,114.14671680868366,1.1949914207071701,0.9124296799475937,1.176770276378182,AlphaSparse 248af573c867cf4c7e05d40c611c7c34ebac4715,CUDA,13040,13000,2026-10-08T02:23:02.134003+00:00,derived,csr-alg5,0,0,,,,5,20,4,true
3,A100-SXM4-80GB-suitesparse_all-fp64-n2-row-major-AlphaSparse-SpMM-CSR-pre-plus-solve,AlphaSparse-SpMM-CSR-best-pre-plus-solve,AlphaSparseLib CSR PER MATRIX BEST,per-matrix-best,AlphaSparse-SpMM-CSR,best,pre-plus-solve,"csr-alg1,csr-alg2,csr-alg3,csr-alg4,csr-alg5",manual-selection,csr,ALPHASPARSE_SPMM_CSR_ALG5,workspace-setup,spmm.csr.fp64,fp64,A100-SXM4-80GB,A100-SXM4-80GB,,9700.0,a0827285-e98d-55a9-b486-73107367c8f5,suitesparse_all,Meszaros/stat96v3,stat96v3,33841,1113780,3317736,2,row-major,N,N,1.0,0.0,20260922,main,pass,pass,0,0,13270944.0,0.04001,0.110745596886,0.150755596886,0.112746096886,119.8327010116793,88.0295277530251,117.70646050318298,1.235388670223498,0.907520904670362,1.2134686649812678,AlphaSparse 248af573c867cf4c7e05d40c611c7c34ebac4715,CUDA,13040,13000,2026-10-06T08:59:52.311269+00:00,derived,csr-alg5,0,0,,,,5,20,4,true
3,A100-SXM4-80GB-suitesparse_all-fp64-n2-row-major-AlphaSparse-SpMM-CSR-pre-plus-solve,AlphaSparse-SpMM-CSR-best-pre-plus-solve,AlphaSparseLib CSR PER MATRIX BEST,per-matrix-best,AlphaSparse-SpMM-CSR,best,pre-plus-solve,"csr-alg1,csr-alg2,csr-alg3,csr-alg4,csr-alg5",manual-selection,csr,ALPHASPARSE_SPMM_CSR_ALG5,workspace-setup,spmm.csr.fp64,fp64,A100-SXM4-80GB,A100-SXM4-80GB,,9700.0,dd6a9a30-d69d-5ea7-834e-7b0f3242a57c,suitesparse_all,Meszaros/stat96v4,stat96v4,3173,63076,491336,2,row-major,N,N,1.0,0.0,20260922,main,pass,pass,0,0,1965344.0,0.01844,0.0273407995701,0.0457807995701,0.0282627995701,71.88319401416875,42.92943807131736,69.53819260280189,0.7410638558161726,0.44257152650842635,0.7168885835340401,AlphaSparse 248af573c867cf4c7e05d40c611c7c34ebac4715,CUDA,13040,13000,2026-10-06T22:24:05.286142+00:00,derived,csr-alg5,0,0,,,,5,20,4,true
3,A100-SXM4-80GB-suitesparse_all-fp64-n2-row-major-AlphaSparse-SpMM-CSR-pre-plus-solve,AlphaSparse-SpMM-CSR-best-pre-plus-solve,AlphaSparseLib CSR PER MATRIX BEST,per-matrix-best,AlphaSparse-SpMM-CSR,best,pre-plus-solve,"csr-alg1,csr-alg2,csr-alg3,csr-alg4,csr-alg5",manual-selection,csr,ALPHASPARSE_SPMM_CSR_ALG5,workspace-setup,spmm.csr.fp64,fp64,A100-SXM4-80GB,A100-SXM4-80GB,,9700.0,005fdebf-9ece-5bc0-9d3c-6fda0356699d,suitesparse_all,Meszaros/stat96v5,stat96v5,2307,75779,233921,2,row-major,N,N,1.0,0.0,20260922,main,pass,pass,0,0,935684.0,0.01695,0.01520639956,0.03215639956,0.01605389956,61.53225135957167,29.09790936805986,58.28390768878087,0.6343531067997079,0.29997844709340066,0.6008650277193904,AlphaSparse 248af573c867cf4c7e05d40c611c7c34ebac4715,CUDA,13040,13000,2026-10-08T15:34:01.349850+00:00,derived,csr-alg5,0,0,,,,5,20,4,true
3,A100-SXM4-80GB-suitesparse_all-fp64-n2-row-major-AlphaSparse-SpMM-CSR-pre-plus-solve,AlphaSparse-SpMM-CSR-best-pre-plus-solve,AlphaSparseLib CSR PER MATRIX BEST,per-matrix-best,AlphaSparse-SpMM-CSR,best,pre-plus-solve,"csr-alg1,csr-alg2,csr-alg3,csr-alg4,csr-alg5",manual-selection,csr,ALPHASPARSE_SPMM_CSR_ALG1,workspace-setup,spmm.csr.fp64,fp64,A100-SXM4-80GB,A100-SXM4-80GB,,9700.0,005fdebf-9ece-5bc0-9d3c-6fda0356699d,suitesparse_all,Meszaros/stoch_aircraft,stoch_aircraft,3754,7517,20267,2,row-major,N,N,1.0,0.0,20260922,main,pass,pass,0,0,81068.0,0.01317,0.00522239990532,0.0183923999053,0.00588089990532,15.523131408879074,4.407690155575579,13.784965108259025,0.16003228256576363,0.04544010469665545,0.14211304235318584,AlphaSparse 248af573c867cf4c7e05d40c611c7c34ebac4715,CUDA,13040,13000,2026-10-08T13:56:22.043735+00:00,derived,csr-alg1,0,0,,,,5,20,4,true
3,A100-SXM4-80GB-suitesparse_all-fp64-n2-row-major-AlphaSparse-SpMM-CSR-pre-plus-solve,AlphaSparse-SpMM-CSR-best-pre-plus-solve,AlphaSparseLib CSR PER MATRIX BEST,per-matrix-best,AlphaSparse-SpMM-CSR,best,pre-plus-solve,"csr-alg1,csr-alg2,csr-alg3,csr-alg4,csr-alg5",manual-selection,csr,ALPHASPARSE_SPMM_CSR_ALG1,workspace-setup,spmm.csr.fp64,fp64,A100-SXM4-80GB,A100-SXM4-80GB,,9700.0,d94c6f41-d28e-5f45-abb9-189a8a3b4f78,suitesparse_all,Meszaros/stormg2-125,stormg2-125,66185,172431,433256,2,row-major,N,N,1.0,0.0,20260922,main,pass,pass,0,0,1733024.0,0.02076,0.0198655992746,0.0406255992746,0.0209035992746,87.23743875251883,42.658423037307024,82.90553111137183,0.8993550386857612,0.43977755708563937,0.8546961970244519,AlphaSparse 248af573c867cf4c7e05d40c611c7c34ebac4715,CUDA,13040,13000,2026-10-06T01:53:24.811219+00:00,derived,csr-alg1,0,0,,,,5,20,4,true
3,A100-SXM4-80GB-suitesparse_all-fp64-n2-row-major-AlphaSparse-SpMM-CSR-pre-plus-solve,AlphaSparse-SpMM-CSR-best-pre-plus-solve,AlphaSparseLib CSR PER MATRIX BEST,per-matrix-best,AlphaSparse-SpMM-CSR,best,pre-plus-solve,"csr-alg1,csr-alg2,csr-alg3,csr-alg4,csr-alg5",manual-selection,csr,ALPHASPARSE_SPMM_CSR_ALG5,workspace-setup,spmm.csr.fp64,fp64,A100-SXM4-80GB,A100-SXM4-80GB,,9700.0,018f64fd-81d1-5f6a-986f-7d386c913e5c,suitesparse_all,Meszaros/stormg2-27,stormg2-27,14441,37485,94274,2,row-major,N,N,1.0,0.0,20260922,main,pass,pass,0,0,377096.0,0.01343,0.0160255998373,0.0294555998373,0.0166970998373,23.530850877874737,12.802183696238247,22.584520885333475,0.24258609152448185,0.131981275218951,0.23283011221993274,AlphaSparse 248af573c867cf4c7e05d40c611c7c34ebac4715,CUDA,13040,13000,2026-10-06T23:11:25.545583+00:00,derived,csr-alg5,0,0,,,,5,20,4,true
3,A100-SXM4-80GB-suitesparse_all-fp64-n2-row-major-AlphaSparse-SpMM-CSR-pre-plus-solve,AlphaSparse-SpMM-CSR-best-pre-plus-solve,AlphaSparseLib CSR PER MATRIX BEST,per-matrix-best,AlphaSparse-SpMM-CSR,best,pre-plus-solve,"csr-alg1,csr-alg2,csr-alg3,csr-alg4,csr-alg5",manual-selection,csr,ALPHASPARSE_SPMM_CSR_ALG5,workspace-setup,spmm.csr.fp64,fp64,A100-SXM4-80GB,A100-SXM4-80GB,,9700.0,d94c6f41-d28e-5f45-abb9-189a8a3b4f78,suitesparse_all,Meszaros/t0331-4l,t0331-4l,664,46915,430982,2,row-major,N,N,1.0,0.0,20260922,main,pass,pass,0,0,1723928.0,0.02038,0.0252160012722,0.0455960012722,0.0262350012722,68.36643056092271,37.80875409903726,65.71099357356486,0.7048085624837392,0.38978097009316764,0.677432923438813,AlphaSparse 248af573c867cf4c7e05d40c611c7c34ebac4715,CUDA,13040,13000,2026-10-06T03:36:12.700901+00:00,derived,csr-alg5,0,0,,,,5,20,4,true
3,A100-SXM4-80GB-suitesparse_all-fp64-n2-row-major-AlphaSparse-SpMM-CSR-pre-plus-solve,AlphaSparse-SpMM-CSR-best-pre-plus-solve,AlphaSparseLib CSR PER MATRIX BEST,per-matrix-best,AlphaSparse-SpMM-CSR,best,pre-plus-solve,"csr-alg1,csr-alg2,csr-alg3,csr-alg4,csr-alg5",manual-selection,csr,ALPHASPARSE_SPMM_CSR_ALG1,workspace-setup,spmm.csr.fp64,fp64,A100-SXM4-80GB,A100-SXM4-80GB,,9700.0,018f64fd-81d1-5f6a-986f-7d386c913e5c,suitesparse_all,Meszaros/testbig,testbig,17613,31223,61639,2,row-major,N,N,1.0,0.0,20260922,main,pass,pass,0,0,246556.0,0.01857,0.00675840005279,0.0253284000528,0.00768690005279,36.481415434739894,9.73436930426025,32.074828384234195,0.3760970663375247,0.10035432272433248,0.3306683338580845,AlphaSparse 248af573c867cf4c7e05d40c611c7c34ebac4715,CUDA,13040,13000,2026-10-06T20:30:59.817770+00:00,derived,csr-alg1,0,0,,,,5,20,4,true
3,A100-SXM4-80GB-suitesparse_all-fp64-n2-row-major-AlphaSparse-SpMM-CSR-pre-plus-solve,AlphaSparse-SpMM-CSR-best-pre-plus-solve,AlphaSparseLib CSR PER MATRIX BEST,per-matrix-best,AlphaSparse-SpMM-CSR,best,pre-plus-solve,"csr-alg1,csr-alg2,csr-alg3,csr-alg4,csr-alg5",manual-selection,csr,ALPHASPARSE_SPMM_CSR_ALG5,workspace-setup,spmm.csr.fp64,fp64,A100-SXM4-80GB,A100-SXM4-80GB,,9700.0,a0827285-e98d-55a9-b486-73107367c8f5,suitesparse_all,Meszaros/tp-6,tp-6,142752,1014301,11537419,2,row-major,N,N,1.0,0.0,20260922,main,pass,pass,0,0,46149676.0,0.06585,0.71488161087,0.78073161087,0.71817411087,64.55569047836683,59.1108075521287,64.25973214781305,0.6655225822512044,0.6093897685786465,0.6624714654413717,AlphaSparse 248af573c867cf4c7e05d40c611c7c34ebac4715,CUDA,13040,13000,2026-10-06T09:00:03.112342+00:00,derived,csr-alg5,0,0,,,,5,20,4,true
3,A100-SXM4-80GB-suitesparse_all-fp64-n2-row-major-AlphaSparse-SpMM-CSR-pre-plus-solve,AlphaSparse-SpMM-CSR-best-pre-plus-solve,AlphaSparseLib CSR PER MATRIX BEST,per-matrix-best,AlphaSparse-SpMM-CSR,best,pre-plus-solve,"csr-alg1,csr-alg2,csr-alg3,csr-alg4,csr-alg5",manual-selection,csr,ALPHASPARSE_SPMM_CSR_ALG5,workspace-setup,spmm.csr.fp64,fp64,A100-SXM4-80GB,A100-SXM4-80GB,,9700.0,dd6a9a30-d69d-5ea7-834e-7b0f3242a57c,suitesparse_all,Meszaros/ts-palko,ts-palko,22002,47235,1076903,2,row-major,N,N,1.0,0.0,20260922,main,pass,pass,0,0,4307612.0,0.01469,0.0429567992687,0.0576467992687,0.0436912992687,100.2777691386028,74.7242180770801,98.5919867822729,1.0337914344185857,0.7703527636812382,1.0164122348687927,AlphaSparse 248af573c867cf4c7e05d40c611c7c34ebac4715,CUDA,13040,13000,2026-10-06T22:24:09.800882+00:00,derived,csr-alg5,0,0,,,,5,20,4,true
3,A100-SXM4-80GB-suitesparse_all-fp64-n2-row-major-AlphaSparse-SpMM-CSR-pre-plus-solve,AlphaSparse-SpMM-CSR-best-pre-plus-solve,AlphaSparseLib CSR PER MATRIX BEST,per-matrix-best,AlphaSparse-SpMM-CSR,best,pre-plus-solve,"csr-alg1,csr-alg2,csr-alg3,csr-alg4,csr-alg5",manual-selection,csr,ALPHASPARSE_SPMM_CSR_ALG5,workspace-setup,spmm.csr.fp64,fp64,A100-SXM4-80GB,A100-SXM4-80GB,,9700.0,752b02ae-c4ef-54eb-ad5c-0957985c94ee,suitesparse_all,Meszaros/us04,us04,163,28016,297538,2,row-major,N,N,1.0,0.0,20260922,main,pass,pass,0,0,1190152.0,0.01261,0.0241152003407,0.0367252003407,0.0247457003407,49.35277265730785,32.40695731974093,48.095304784828464,0.5087914706938954,0.33409234350248385,0.49582788437967484,AlphaSparse 248af573c867cf4c7e05d40c611c7c34ebac4715,CUDA,13040,13000,2026-10-08T08:01:08.822780+00:00,derived,csr-alg5,0,0,,,,5,20,4,true
3,A100-SXM4-80GB-suitesparse_all-fp64-n2-row-major-AlphaSparse-SpMM-CSR-pre-plus-solve,AlphaSparse-SpMM-CSR-best-pre-plus-solve,AlphaSparseLib CSR PER MATRIX BEST,per-matrix-best,AlphaSparse-SpMM-CSR,best,pre-plus-solve,"csr-alg1,csr-alg2,csr-alg3,csr-alg4,csr-alg5",manual-selection,csr,ALPHASPARSE_SPMM_CSR_ALG3,workspace-setup,spmm.csr.fp64,fp64,A100-SXM4-80GB,A100-SXM4-80GB,,9700.0,152f8cc9-7213-5fba-8430-8cd9341fa530,suitesparse_all,Meszaros/world,world,34506,67147,198883,2,row-major,N,N,1.0,0.0,20260922,main,pass,pass,0,0,795532.0,0.01605,0.0221696004272,0.0382196004272,0.0229721004272,35.88391241476584,20.814764966350573,34.63035530952382,0.36993724138933853,0.21458520583866572,0.3570139722631322,AlphaSparse 248af573c867cf4c7e05d40c611c7c34ebac4715,CUDA,13040,13000,2026-10-08T00:25:25.306510+00:00,derived,csr-alg3,0,0,,,,5,20,4,true
3,A100-SXM4-80GB-suitesparse_all-fp64-n2-row-major-AlphaSparse-SpMM-CSR-pre-plus-solve,AlphaSparse-SpMM-CSR-best-pre-plus-solve,AlphaSparseLib CSR PER MATRIX BEST,per-matrix-best,AlphaSparse-SpMM-CSR,best,pre-plus-solve,"csr-alg1,csr-alg2,csr-alg3,csr-alg4,csr-alg5",manual-selection,csr,ALPHASPARSE_SPMM_CSR_ALG1,workspace-setup,spmm.csr.fp64,fp64,A100-SXM4-80GB,A100-SXM4-80GB,,9700.0,a0827285-e98d-55a9-b486-73107367c8f5,suitesparse_all,Meszaros/zed,zed,116,142,666,2,row-major,N,N,1.0,0.0,20260922,main,pass,pass,0,0,2664.0,0.01589,0.00747520029545,0.0233652002954,0.00826970029545,0.35637841057202463,0.11401571423825853,0.32213984846170746,0.003674004232701285,0.0011754197344150364,0.003321029365584613,AlphaSparse 248af573c867cf4c7e05d40c611c7c34ebac4715,CUDA,13040,13000,2026-10-06T07:07:36.412752+00:00,derived,csr-alg1,0,0,,,,5,20,4,true
3,A100-SXM4-80GB-suitesparse_all-fp64-n2-row-major-AlphaSparse-SpMM-CSR-pre-plus-solve,AlphaSparse-SpMM-CSR-best-pre-plus-solve,AlphaSparseLib CSR PER MATRIX BEST,per-matrix-best,AlphaSparse-SpMM-CSR,best,pre-plus-solve,"csr-alg1,csr-alg2,csr-alg3,csr-alg4,csr-alg5",manual-selection,csr,ALPHASPARSE_SPMM_CSR_ALG1,workspace-setup,spmm.csr.fp64,fp64,A100-SXM4-80GB,A100-SXM4-80GB,,9700.0,005fdebf-9ece-5bc0-9d3c-6fda0356699d,suitesparse_all,Mittelmann/cont1_l,cont1_l,1918399,1921596,7031999,2,row-major,N,N,1.0,0.0,20260922,main,pass,pass,0,0,28127996.0,0.3754,0.183142399788,0.558542399788,0.201912399788,153.58538510230346,50.35964326195512,139.3079178373061,1.5833544855907573,0.519171580020156,1.4361641014155266,AlphaSparse 248af573c867cf4c7e05d40c611c7c34ebac4715,CUDA,13040,13000,2026-10-08T13:56:10.955534+00:00,derived,csr-alg1,0,0,,,,5,20,4,true
3,A100-SXM4-80GB-suitesparse_all-fp64-n2-row-major-AlphaSparse-SpMM-CSR-pre-plus-solve,AlphaSparse-SpMM-CSR-best-pre-plus-solve,AlphaSparseLib CSR PER MATRIX BEST,per-matrix-best,AlphaSparse-SpMM-CSR,best,pre-plus-solve,"csr-alg1,csr-alg2,csr-alg3,csr-alg4,csr-alg5",manual-selection,csr,ALPHASPARSE_SPMM_CSR_ALG3,workspace-setup,spmm.csr.fp64,fp64,A100-SXM4-80GB,A100-SXM4-80GB,,9700.0,dd6a9a30-d69d-5ea7-834e-7b0f3242a57c,suitesparse_all,Mittelmann/cont11_l,cont11_l,1468599,1961394,5382999,2,row-major,N,N,1.0,0.0,20260922,main,pass,pass,0,0,21531996.0,0.263721,0.269158411026,0.532879411026,0.282344461026,79.99748519068223,40.40688297290852,76.26144292597687,0.8247163421719818,0.41656580384441777,0.786200442535844,AlphaSparse 248af573c867cf4c7e05d40c611c7c34ebac4715,CUDA,13040,13000,2026-10-06T21:09:26.030267+00:00,derived,csr-alg3,0,0,,,,5,20,4,true
3,A100-SXM4-80GB-suitesparse_all-fp64-n2-row-major-AlphaSparse-SpMM-CSR-pre-plus-solve,AlphaSparse-SpMM-CSR-best-pre-plus-solve,AlphaSparseLib CSR PER MATRIX BEST,per-matrix-best,AlphaSparse-SpMM-CSR,best,pre-plus-solve,"csr-alg1,csr-alg2,csr-alg3,csr-alg4,csr-alg5",manual-selection,csr,ALPHASPARSE_SPMM_CSR_ALG3,workspace-setup,spmm.csr.fp64,fp64,A100-SXM4-80GB,A100-SXM4-80GB,,9700.0,d94c6f41-d28e-5f45-abb9-189a8a3b4f78,suitesparse_all,Mittelmann/fome11,fome11,12142,24460,71264,2,row-major,N,N,1.0,0.0,20260922,main,pass,pass,0,0,285056.0,0.013289,0.0164864003658,0.0297754003658,0.0171508503658,17.29037228716893,9.573540456148327,16.620516995963165,0.1782512606924632,0.0986962933623539,0.17134553604085737,AlphaSparse 248af573c867cf4c7e05d40c611c7c34ebac4715,CUDA,13040,13000,2026-10-06T02:47:51.283159+00:00,derived,csr-alg3,0,0,,,,5,20,4,true
3,A100-SXM4-80GB-suitesparse_all-fp64-n2-row-major-AlphaSparse-SpMM-CSR-pre-plus-solve,AlphaSparse-SpMM-CSR-best-pre-plus-solve,AlphaSparseLib CSR PER MATRIX BEST,per-matrix-best,AlphaSparse-SpMM-CSR,best,pre-plus-solve,"csr-alg1,csr-alg2,csr-alg3,csr-alg4,csr-alg5",manual-selection,csr,ALPHASPARSE_SPMM_CSR_ALG3,workspace-setup,spmm.csr.fp64,fp64,A100-SXM4-80GB,A100-SXM4-80GB,,9700.0,018f64fd-81d1-5f6a-986f-7d386c913e5c,suitesparse_all,Mittelmann/fome12,fome12,24284,48920,142528,2,row-major,N,N,1.0,0.0,20260922,main,pass,pass,0,0,570112.0,0.01187,0.019148799777,0.031018799777,0.019742299777,29.772727619449693,18.379563493708417,28.87768934925134,0.3069353362829865,0.18948003601761257,0.29770813762114784,AlphaSparse 248af573c867cf4c7e05d40c611c7c34ebac4715,CUDA,13040,13000,2026-10-06T21:55:28.210351+00:00,derived,csr-alg3,0,0,,,,5,20,4,true
3,A100-SXM4-80GB-suitesparse_all-fp64-n2-row-major-AlphaSparse-SpMM-CSR-pre-plus-solve,AlphaSparse-SpMM-CSR-best-pre-plus-solve,AlphaSparseLib CSR PER MATRIX BEST,per-matrix-best,AlphaSparse-SpMM-CSR,best,pre-plus-solve,"csr-alg1,csr-alg2,csr-alg3,csr-alg4,csr-alg5",manual-selection,csr,ALPHASPARSE_SPMM_CSR_ALG5,workspace-setup,spmm.csr.fp64,fp64,A100-SXM4-80GB,A100-SXM4-80GB,,9700.0,752b02ae-c4ef-54eb-ad5c-0957985c94ee,suitesparse_all,Mittelmann/fome20,fome20,33874,108175,232647,2,row-major,N,N,1.0,0.0,20260922,main,pass,pass,0,0,930588.0,0.013851,0.0198655992746,0.0337165992746,0.0205581492746,46.84419468733785,27.600292438183327,45.26613692555292,0.48292984213750356,0.2845390973008591,0.4666612054180713,AlphaSparse 248af573c867cf4c7e05d40c611c7c34ebac4715,CUDA,13040,13000,2026-10-08T08:00:58.355628+00:00,derived,csr-alg5,0,0,,,,5,20,4,true
3,A100-SXM4-80GB-suitesparse_all-fp64-n2-row-major-AlphaSparse-SpMM-CSR-pre-plus-solve,AlphaSparse-SpMM-CSR-best-pre-plus-solve,AlphaSparseLib CSR PER MATRIX BEST,per-matrix-best,AlphaSparse-SpMM-CSR,best,pre-plus-solve,"csr-alg1,csr-alg2,csr-alg3,csr-alg4,csr-alg5",manual-selection,csr,ALPHASPARSE_SPMM_CSR_ALG5,workspace-setup,spmm.csr.fp64,fp64,A100-SXM4-80GB,A100-SXM4-80GB,,9700.0,152f8cc9-7213-5fba-8430-8cd9341fa530,suitesparse_all,Mittelmann/fome21,fome21,67748,216350,465294,2,row-major,N,N,1.0,0.0,20260922,main,pass,pass,0,0,1861176.0,0.02252,0.0264463990927,0.0489663990927,0.0275723990927,70.37540322507425,38.009247861508925,67.50141667914419,0.7255196208770541,0.3918479160980302,0.6958908935994246,AlphaSparse 248af573c867cf4c7e05d40c611c7c34ebac4715,CUDA,13040,13000,2026-10-08T02:22:50.534696+00:00,derived,csr-alg5,0,0,,,,5,20,4,true
3,A100-SXM4-80GB-suitesparse_all-fp64-n2-row-major-AlphaSparse-SpMM-CSR-pre-plus-solve,AlphaSparse-SpMM-CSR-best-pre-plus-solve,AlphaSparseLib CSR PER MATRIX BEST,per-matrix-best,AlphaSparse-SpMM-CSR,best,pre-plus-solve,"csr-alg1,csr-alg2,csr-alg3,csr-alg4,csr-alg5",manual-selection,csr,ALPHASPARSE_SPMM_CSR_ALG1,workspace-setup,spmm.csr.fp64,fp64,A100-SXM4-80GB,A100-SXM4-80GB,,9700.0,a0827285-e98d-55a9-b486-73107367c8f5,suitesparse_all,Mittelmann/neos,neos,479119,515905,1526794,2,row-major,N,N,1.0,0.0,20260922,main,pass,pass,0,0,6107176.0,0.027,0.0581120014191,0.0851120014191,0.0594620014191,105.09319677282221,71.75458100118755,102.70720551357513,1.0834350182765176,0.7397379484658511,1.0588371702430426,AlphaSparse 248af573c867cf4c7e05d40c611c7c34ebac4715,CUDA,13040,13000,2026-10-06T07:07:23.171554+00:00,derived,csr-alg1,0,0,,,,5,20,4,true
3,A100-SXM4-80GB-suitesparse_all-fp64-n2-row-major-AlphaSparse-SpMM-CSR-pre-plus-solve,AlphaSparse-SpMM-CSR-best-pre-plus-solve,AlphaSparseLib CSR PER MATRIX BEST,per-matrix-best,AlphaSparse-SpMM-CSR,best,pre-plus-solve,"csr-alg1,csr-alg2,csr-alg3,csr-alg4,csr-alg5",manual-selection,csr,ALPHASPARSE_SPMM_CSR_ALG5,workspace-setup,spmm.csr.fp64,fp64,A100-SXM4-80GB,A100-SXM4-80GB,,9700.0,dd6a9a30-d69d-5ea7-834e-7b0f3242a57c,suitesparse_all,Mittelmann/neos1,neos1,131581,133473,599590,2,row-major,N,N,1.0,0.0,20260922,main,pass,pass,0,0,2398360.0,0.01527,0.0275967985392,0.0428667985392,0.0283602985392,86.9071822441012,55.949128036860365,84.56751598312526,0.8959503324134144,0.5767951344006224,0.8718300616817036,AlphaSparse 248af573c867cf4c7e05d40c611c7c34ebac4715,CUDA,13040,13000,2026-10-06T22:23:53.237203+00:00,derived,csr-alg5,0,0,,,,5,20,4,true
3,A100-SXM4-80GB-suitesparse_all-fp64-n2-row-major-AlphaSparse-SpMM-CSR-pre-plus-solve,AlphaSparse-SpMM-CSR-best-pre-plus-solve,AlphaSparseLib CSR PER MATRIX BEST,per-matrix-best,AlphaSparse-SpMM-CSR,best,pre-plus-solve,"csr-alg1,csr-alg2,csr-alg3,csr-alg4,csr-alg5",manual-selection,csr,ALPHASPARSE_SPMM_CSR_ALG1,workspace-setup,spmm.csr.fp64,fp64,A100-SXM4-80GB,A100-SXM4-80GB,,9700.0,005fdebf-9ece-5bc0-9d3c-6fda0356699d,suitesparse_all,Mittelmann/neos2,neos2,132568,134128,685087,2,row-major,N,N,1.0,0.0,20260922,main,pass,pass,0,0,2740348.0,0.0149,0.0274944007397,0.0423944007397,0.0282394007397,99.66931179711541,64.6393852062123,97.03987790886501,1.0275186783207775,0.666385414497034,1.000411112462526,AlphaSparse 248af573c867cf4c7e05d40c611c7c34ebac4715,CUDA,13040,13000,2026-10-08T13:56:11.850832+00:00,derived,csr-alg1,0,0,,,,5,20,4,true
3,A100-SXM4-80GB-suitesparse_all-fp64-n2-row-major-AlphaSparse-SpMM-CSR-pre-plus-solve,AlphaSparse-SpMM-CSR-best-pre-plus-solve,AlphaSparseLib CSR PER MATRIX BEST,per-matrix-best,AlphaSparse-SpMM-CSR,best,pre-plus-solve,"csr-alg1,csr-alg2,csr-alg3,csr-alg4,csr-alg5",manual-selection,csr,ALPHASPARSE_SPMM_CSR_ALG4,workspace-setup,spmm.csr.fp64,fp64,A100-SXM4-80GB,A100-SXM4-80GB,,9700.0,d94c6f41-d28e-5f45-abb9-189a8a3b4f78,suitesparse_all,Mittelmann/neos3,neos3,512209,518832,2055024,2,row-major,N,N,1.0,0.0,20260922,main,pass,pass,0,0,8220096.0,0.02216,0.0901632010937,0.112323201094,0.0912712010937,91.16907896224156,73.18252969945935,90.06231868868649,0.9398874119818718,0.7544590690665913,0.9284775122544999,AlphaSparse 248af573c867cf4c7e05d40c611c7c34ebac4715,CUDA,13040,13000,2026-10-06T03:11:51.364016+00:00,derived,csr-alg4,0,0,,,,5,20,4,true
3,A100-SXM4-80GB-suitesparse_all-fp64-n2-row-major-AlphaSparse-SpMM-CSR-pre-plus-solve,AlphaSparse-SpMM-CSR-best-pre-plus-solve,AlphaSparseLib CSR PER MATRIX BEST,per-matrix-best,AlphaSparse-SpMM-CSR,best,pre-plus-solve,"csr-alg1,csr-alg2,csr-alg3,csr-alg4,csr-alg5",manual-selection,csr,ALPHASPARSE_SPMM_CSR_ALG1,workspace-setup,spmm.csr.fp64,fp64,A100-SXM4-80GB,A100-SXM4-80GB,,9700.0,152f8cc9-7213-5fba-8430-8cd9341fa530,suitesparse_all,Mittelmann/nug08-3rd,nug08-3rd,19728,29856,148416,2,row-major,N,N,1.0,0.0,20260922,main,pass,pass,0,0,593664.0,0.02054,0.00757760033011,0.0281176003301,0.00860460033011,78.34459118159668,21.11360831046739,68.99379137025073,0.8076761977484195,0.21766606505636485,0.7112761996933065,AlphaSparse 248af573c867cf4c7e05d40c611c7c34ebac4715,CUDA,13040,13000,2026-10-07T22:28:10.506436+00:00,derived,csr-alg1,0,0,,,,5,20,4,true
3,A100-SXM4-80GB-suitesparse_all-fp64-n2-row-major-AlphaSparse-SpMM-CSR-pre-plus-solve,AlphaSparse-SpMM-CSR-best-pre-plus-solve,AlphaSparseLib CSR PER MATRIX BEST,per-matrix-best,AlphaSparse-SpMM-CSR,best,pre-plus-solve,"csr-alg1,csr-alg2,csr-alg3,csr-alg4,csr-alg5",manual-selection,csr,ALPHASPARSE_SPMM_CSR_ALG5,workspace-setup,spmm.csr.fp64,fp64,A100-SXM4-80GB,A100-SXM4-80GB,,9700.0,152f8cc9-7213-5fba-8430-8cd9341fa530,suitesparse_all,Mittelmann/pds-100,pds-100,156243,514577,1096002,2,row-major,N,N,1.0,0.0,20260922,main,pass,pass,0,0,4384008.0,0.030529,0.0443904012442,0.0749194012442,0.0459168512442,98.76026972323908,58.516324572727335,95.47710440083296,1.0181471105488564,0.603261078069354,0.984300045369412,AlphaSparse 248af573c867cf4c7e05d40c611c7c34ebac4715,CUDA,13040,13000,2026-10-08T02:22:48.081616+00:00,derived,csr-alg5,0,0,,,,5,20,4,true
3,A100-SXM4-80GB-suitesparse_all-fp64-n2-row-major-AlphaSparse-SpMM-CSR-pre-plus-solve,AlphaSparse-SpMM-CSR-best-pre-plus-solve,AlphaSparseLib CSR PER MATRIX BEST,per-matrix-best,AlphaSparse-SpMM-CSR,best,pre-plus-solve,"csr-alg1,csr-alg2,csr-alg3,csr-alg4,csr-alg5",manual-selection,csr,ALPHASPARSE_SPMM_CSR_ALG5,workspace-setup,spmm.csr.fp64,fp64,A100-SXM4-80GB,A100-SXM4-80GB,,9700.0,a0827285-e98d-55a9-b486-73107367c8f5,suitesparse_all,Mittelmann/pds-30,pds-30,49944,158489,340635,2,row-major,N,N,1.0,0.0,20260922,main,pass,pass,0,0,1362540.0,0.0204,0.0224255993962,0.0428255993962,0.0234455993962,60.75824221808231,31.816017036784334,58.11495696803712,0.6263736311142506,0.3280001756369519,0.5991232677117229,AlphaSparse 248af573c867cf4c7e05d40c611c7c34ebac4715,CUDA,13040,13000,2026-10-06T08:59:33.824616+00:00,derived,csr-alg5,0,0,,,,5,20,4,true
3,A100-SXM4-80GB-suitesparse_all-fp64-n2-row-major-AlphaSparse-SpMM-CSR-pre-plus-solve,AlphaSparse-SpMM-CSR-best-pre-plus-solve,AlphaSparseLib CSR PER MATRIX BEST,per-matrix-best,AlphaSparse-SpMM-CSR,best,pre-plus-solve,"csr-alg1,csr-alg2,csr-alg3,csr-alg4,csr-alg5",manual-selection,csr,ALPHASPARSE_SPMM_CSR_ALG5,workspace-setup,spmm.csr.fp64,fp64,A100-SXM4-80GB,A100-SXM4-80GB,,9700.0,dd6a9a30-d69d-5ea7-834e-7b0f3242a57c,suitesparse_all,Mittelmann/pds-40,pds-40,66844,217531,466800,2,row-major,N,N,1.0,0.0,20260922,main,pass,pass,0,0,1867200.0,0.02394,0.0262591987848,0.0501991987848,0.0274561987848,71.1065107241893,37.19581278586813,68.00650063160596,0.7330568115895805,0.38346198748317656,0.7010979446557315,AlphaSparse 248af573c867cf4c7e05d40c611c7c34ebac4715,CUDA,13040,13000,2026-10-06T22:23:47.243194+00:00,derived,csr-alg5,0,0,,,,5,20,4,true
3,A100-SXM4-80GB-suitesparse_all-fp64-n2-row-major-AlphaSparse-SpMM-CSR-pre-plus-solve,AlphaSparse-SpMM-CSR-best-pre-plus-solve,AlphaSparseLib CSR PER MATRIX BEST,per-matrix-best,AlphaSparse-SpMM-CSR,best,pre-plus-solve,"csr-alg1,csr-alg2,csr-alg3,csr-alg4,csr-alg5",manual-selection,csr,ALPHASPARSE_SPMM_CSR_ALG5,workspace-setup,spmm.csr.fp64,fp64,A100-SXM4-80GB,A100-SXM4-80GB,,9700.0,005fdebf-9ece-5bc0-9d3c-6fda0356699d,suitesparse_all,Mittelmann/pds-50,pds-50,83060,275814,590833,2,row-major,N,N,1.0,0.0,20260922,main,pass,pass,0,0,2363332.0,0.01419,0.0241152003407,0.0383052003407,0.0248247003407,98.00175684260554,61.69741912272196,95.20082690083176,1.010327390129954,0.6360558672445563,0.981451823719915,AlphaSparse 248af573c867cf4c7e05d40c611c7c34ebac4715,CUDA,13040,13000,2026-10-08T15:33:44.590309+00:00,derived,csr-alg5,0,0,,,,5,20,4,true
3,A100-SXM4-80GB-suitesparse_all-fp64-n2-row-major-AlphaSparse-SpMM-CSR-pre-plus-solve,AlphaSparse-SpMM-CSR-best-pre-plus-solve,AlphaSparseLib CSR PER MATRIX BEST,per-matrix-best,AlphaSparse-SpMM-CSR,best,pre-plus-solve,"csr-alg1,csr-alg2,csr-alg3,csr-alg4,csr-alg5",manual-selection,csr,ALPHASPARSE_SPMM_CSR_ALG5,workspace-setup,spmm.csr.fp64,fp64,A100-SXM4-80GB,A100-SXM4-80GB,,9700.0,d94c6f41-d28e-5f45-abb9-189a8a3b4f78,suitesparse_all,Mittelmann/pds-60,pds-60,99431,336421,719557,2,row-major,N,N,1.0,0.0,20260922,main,pass,pass,0,0,2878228.0,0.01515,0.0281231999397,0.0432731999397,0.0288806999397,102.34354576190889,66.51294574958013,99.6592189943267,1.055088100638236,0.6857004716451559,1.0274146288074917,AlphaSparse 248af573c867cf4c7e05d40c611c7c34ebac4715,CUDA,13040,13000,2026-10-06T03:35:47.977496+00:00,derived,csr-alg5,0,0,,,,5,20,4,true
3,A100-SXM4-80GB-suitesparse_all-fp64-n2-row-major-AlphaSparse-SpMM-CSR-pre-plus-solve,AlphaSparse-SpMM-CSR-best-pre-plus-solve,AlphaSparseLib CSR PER MATRIX BEST,per-matrix-best,AlphaSparse-SpMM-CSR,best,pre-plus-solve,"csr-alg1,csr-alg2,csr-alg3,csr-alg4,csr-alg5",manual-selection,csr,ALPHASPARSE_SPMM_CSR_ALG5,workspace-setup,spmm.csr.fp64,fp64,A100-SXM4-80GB,A100-SXM4-80GB,,9700.0,018f64fd-81d1-5f6a-986f-7d386c913e5c,suitesparse_all,Mittelmann/pds-70,pds-70,114944,390005,833465,2,row-major,N,N,1.0,0.0,20260922,main,pass,pass,0,0,3333860.0,0.01457,0.0356352001429,0.0502052001429,0.0363637001429,93.55524836765207,66.40467502391728,91.68098919798554,0.9644870965737327,0.6845842785970853,0.9451648370926343,AlphaSparse 248af573c867cf4c7e05d40c611c7c34ebac4715,CUDA,13040,13000,2026-10-06T23:10:31.028608+00:00,derived,csr-alg5,0,0,,,,5,20,4,true
3,A100-SXM4-80GB-suitesparse_all-fp64-n2-row-major-AlphaSparse-SpMM-CSR-pre-plus-solve,AlphaSparse-SpMM-CSR-best-pre-plus-solve,AlphaSparseLib CSR PER MATRIX BEST,per-matrix-best,AlphaSparse-SpMM-CSR,best,pre-plus-solve,"csr-alg1,csr-alg2,csr-alg3,csr-alg4,csr-alg5",manual-selection,csr,ALPHASPARSE_SPMM_CSR_ALG5,workspace-setup,spmm.csr.fp64,fp64,A100-SXM4-80GB,A100-SXM4-80GB,,9700.0,752b02ae-c4ef-54eb-ad5c-0957985c94ee,suitesparse_all,Mittelmann/pds-90,pds-90,142823,475448,1014136,2,row-major,N,N,1.0,0.0,20260922,main,pass,pass,0,0,4056544.0,0.01348,0.0414719998837,0.0549519998837,0.0421459998837,97.81404348417665,73.819770137306,96.24979858572229,1.0083922008678006,0.7610285581165567,0.9922659648012607,AlphaSparse 248af573c867cf4c7e05d40c611c7c34ebac4715,CUDA,13040,13000,2026-10-08T08:00:55.128118+00:00,derived,csr-alg5,0,0,,,,5,20,4,true
3,A100-SXM4-80GB-suitesparse_all-fp64-n2-row-major-AlphaSparse-SpMM-CSR-pre-plus-solve,AlphaSparse-SpMM-CSR-best-pre-plus-solve,AlphaSparseLib CSR PER MATRIX BEST,per-matrix-best,AlphaSparse-SpMM-CSR,best,pre-plus-solve,"csr-alg1,csr-alg2,csr-alg3,csr-alg4,csr-alg5",manual-selection,csr,ALPHASPARSE_SPMM_CSR_ALG5,workspace-setup,spmm.csr.fp64,fp64,A100-SXM4-80GB,A100-SXM4-80GB,,9700.0,d94c6f41-d28e-5f45-abb9-189a8a3b4f78,suitesparse_all,Mittelmann/rail2586,rail2586,2586,923269,8011362,2,row-major,N,N,1.0,0.0,20260922,main,pass,pass,0,0,32045448.0,0.03441,0.32439520359,0.35880520359,0.32611570359,98.78520904551331,89.31154754549696,98.26404447020515,1.0184042169640548,0.9207376035618244,1.0130313862907747,AlphaSparse 248af573c867cf4c7e05d40c611c7c34ebac4715,CUDA,13040,13000,2026-10-06T03:35:53.267981+00:00,derived,csr-alg5,0,0,,,,5,20,4,true
3,A100-SXM4-80GB-suitesparse_all-fp64-n2-row-major-AlphaSparse-SpMM-CSR-pre-plus-solve,AlphaSparse-SpMM-CSR-best-pre-plus-solve,AlphaSparseLib CSR PER MATRIX BEST,per-matrix-best,AlphaSparse-SpMM-CSR,best,pre-plus-solve,"csr-alg1,csr-alg2,csr-alg3,csr-alg4,csr-alg5",manual-selection,csr,ALPHASPARSE_SPMM_CSR_ALG5,workspace-setup,spmm.csr.fp64,fp64,A100-SXM4-80GB,A100-SXM4-80GB,,9700.0,018f64fd-81d1-5f6a-986f-7d386c913e5c,suitesparse_all,Mittelmann/rail4284,rail4284,4284,1096894,11284032,2,row-major,N,N,1.0,0.0,20260922,main,pass,pass,0,0,45136128.0,0.03611,0.448870420456,0.484980420456,0.450675920456,100.55491728358254,93.06793861401873,100.15207369927964,1.0366486317895107,0.9594632846806055,1.0324956051472127,AlphaSparse 248af573c867cf4c7e05d40c611c7c34ebac4715,CUDA,13040,13000,2026-10-06T23:10:37.562014+00:00,derived,csr-alg5,0,0,,,,5,20,4,true
3,A100-SXM4-80GB-suitesparse_all-fp64-n2-row-major-AlphaSparse-SpMM-CSR-pre-plus-solve,AlphaSparse-SpMM-CSR-best-pre-plus-solve,AlphaSparseLib CSR PER MATRIX BEST,per-matrix-best,AlphaSparse-SpMM-CSR,best,pre-plus-solve,"csr-alg1,csr-alg2,csr-alg3,csr-alg4,csr-alg5",manual-selection,csr,ALPHASPARSE_SPMM_CSR_ALG5,workspace-setup,spmm.csr.fp64,fp64,A100-SXM4-80GB,A100-SXM4-80GB,,9700.0,a0827285-e98d-55a9-b486-73107367c8f5,suitesparse_all,Mittelmann/rail507,rail507,507,63516,409856,2,row-major,N,N,1.0,0.0,20260922,main,pass,pass,0,0,1639424.0,0.01349,0.0207359999418,0.0342259999418,0.0214104999418,79.06172861696531,47.89995917687657,76.57102844195298,0.8150693671852094,0.49381401213274817,0.7893920457933296,AlphaSparse 248af573c867cf4c7e05d40c611c7c34ebac4715,CUDA,13040,13000,2026-10-06T08:59:34.705180+00:00,derived,csr-alg5,0,0,,,,5,20,4,true
3,A100-SXM4-80GB-suitesparse_all-fp64-n2-row-major-AlphaSparse-SpMM-CSR-pre-plus-solve,AlphaSparse-SpMM-CSR-best-pre-plus-solve,AlphaSparseLib CSR PER MATRIX BEST,per-matrix-best,AlphaSparse-SpMM-CSR,best,pre-plus-solve,"csr-alg1,csr-alg2,csr-alg3,csr-alg4,csr-alg5",manual-selection,csr,ALPHASPARSE_SPMM_CSR_ALG5,workspace-setup,spmm.csr.fp64,fp64,A100-SXM4-80GB,A100-SXM4-80GB,,9700.0,dd6a9a30-d69d-5ea7-834e-7b0f3242a57c,suitesparse_all,Mittelmann/rail516,rail516,516,47827,315412,2,row-major,N,N,1.0,0.0,20260922,main,pass,pass,0,0,1261648.0,0.0137,0.0238591998816,0.0375591998816,0.0245441998816,52.8788897473872,33.590917910316634,51.40310159166431,0.545143193272033,0.3462981227867694,0.5299288823882918,AlphaSparse 248af573c867cf4c7e05d40c611c7c34ebac4715,CUDA,13040,13000,2026-10-06T22:23:48.518994+00:00,derived,csr-alg5,0,0,,,,5,20,4,true
3,A100-SXM4-80GB-suitesparse_all-fp64-n2-row-major-AlphaSparse-SpMM-CSR-pre-plus-solve,AlphaSparse-SpMM-CSR-best-pre-plus-solve,AlphaSparseLib CSR PER MATRIX BEST,per-matrix-best,AlphaSparse-SpMM-CSR,best,pre-plus-solve,"csr-alg1,csr-alg2,csr-alg3,csr-alg4,csr-alg5",manual-selection,csr,ALPHASPARSE_SPMM_CSR_ALG5,workspace-setup,spmm.csr.fp64,fp64,A100-SXM4-80GB,A100-SXM4-80GB,,9700.0,005fdebf-9ece-5bc0-9d3c-6fda0356699d,suitesparse_all,Mittelmann/rail582,rail582,582,56097,402290,2,row-major,N,N,1.0,0.0,20260922,main,pass,pass,0,0,1609160.0,0.013929,0.020684799552,0.034613799552,0.021381249552,77.79432408589192,46.48897320799969,75.26033481282106,0.8020033410916693,0.4792677650309247,0.7758797403383614,AlphaSparse 248af573c867cf4c7e05d40c611c7c34ebac4715,CUDA,13040,13000,2026-10-08T15:33:45.449439+00:00,derived,csr-alg5,0,0,,,,5,20,4,true
3,A100-SXM4-80GB-suitesparse_all-fp64-n2-row-major-AlphaSparse-SpMM-CSR-pre-plus-solve,AlphaSparse-SpMM-CSR-best-pre-plus-solve,AlphaSparseLib CSR PER MATRIX BEST,per-matrix-best,AlphaSparse-SpMM-CSR,best,pre-plus-solve,"csr-alg1,csr-alg2,csr-alg3,csr-alg4,csr-alg5",manual-selection,csr,ALPHASPARSE_SPMM_CSR_ALG5,workspace-setup,spmm.csr.fp64,fp64,A100-SXM4-80GB,A100-SXM4-80GB,,9700.0,018f64fd-81d1-5f6a-986f-7d386c913e5c,suitesparse_all,Mittelmann/spal_004,spal_004,10203,321696,46168124,2,row-major,N,N,1.0,0.0,20260922,main,pass,pass,0,0,184672496.0,0.03956,1.58044157028,1.62000157028,1.58241957028,116.84867031641186,113.99525740464642,116.70261128489663,1.2046254671795038,1.175208839223159,1.2031197039680066,AlphaSparse 248af573c867cf4c7e05d40c611c7c34ebac4715,CUDA,13040,13000,2026-10-06T23:11:09.706560+00:00,derived,csr-alg5,0,0,,,,5,20,4,true
3,A100-SXM4-80GB-suitesparse_all-fp64-n2-row-major-AlphaSparse-SpMM-CSR-pre-plus-solve,AlphaSparse-SpMM-CSR-best-pre-plus-solve,AlphaSparseLib CSR PER MATRIX BEST,per-matrix-best,AlphaSparse-SpMM-CSR,best,pre-plus-solve,"csr-alg1,csr-alg2,csr-alg3,csr-alg4,csr-alg5",manual-selection,csr,ALPHASPARSE_SPMM_CSR_ALG2,workspace-setup,spmm.csr.fp64,fp64,A100-SXM4-80GB,A100-SXM4-80GB,,9700.0,752b02ae-c4ef-54eb-ad5c-0957985c94ee,suitesparse_all,Mittelmann/stormG2_1000,stormG2_1000,528185,1377306,3459881,2,row-major,N,N,1.0,0.0,20260922,main,pass,pass,0,0,13839524.0,0.3264,0.167833602428,0.494233602428,0.184153602428,82.45979231684016,28.00198920512723,75.15206771700787,0.8501009517200018,0.28868030108378584,0.7747635847114213,AlphaSparse 248af573c867cf4c7e05d40c611c7c34ebac4715,CUDA,13040,13000,2026-10-08T04:56:06.904732+00:00,derived,csr-alg2,0,0,,,,5,20,4,true
3,A100-SXM4-80GB-suitesparse_all-fp64-n2-row-major-AlphaSparse-SpMM-CSR-pre-plus-solve,AlphaSparse-SpMM-CSR-best-pre-plus-solve,AlphaSparseLib CSR PER MATRIX BEST,per-matrix-best,AlphaSparse-SpMM-CSR,best,pre-plus-solve,"csr-alg1,csr-alg2,csr-alg3,csr-alg4,csr-alg5",manual-selection,csr,ALPHASPARSE_SPMM_CSR_ALG5,workspace-setup,spmm.csr.fp64,fp64,A100-SXM4-80GB,A100-SXM4-80GB,,9700.0,152f8cc9-7213-5fba-8430-8cd9341fa530,suitesparse_all,Mittelmann/watson_1,watson_1,201155,386992,1055093,2,row-major,N,N,1.0,0.0,20260922,main,pass,pass,0,0,4220372.0,0.02139,0.0456191986799,0.0670091986799,0.0466886986799,92.51306735160854,62.981979834746745,90.39386659574893,0.9537429623877168,0.6492987611829562,0.9318955319149373,AlphaSparse 248af573c867cf4c7e05d40c611c7c34ebac4715,CUDA,13040,13000,2026-10-08T02:22:49.394224+00:00,derived,csr-alg5,0,0,,,,5,20,4,true
3,A100-SXM4-80GB-suitesparse_all-fp64-n2-row-major-AlphaSparse-SpMM-CSR-pre-plus-solve,AlphaSparse-SpMM-CSR-best-pre-plus-solve,AlphaSparseLib CSR PER MATRIX BEST,per-matrix-best,AlphaSparse-SpMM-CSR,best,pre-plus-solve,"csr-alg1,csr-alg2,csr-alg3,csr-alg4,csr-alg5",manual-selection,csr,ALPHASPARSE_SPMM_CSR_ALG5,workspace-setup,spmm.csr.fp64,fp64,A100-SXM4-80GB,A100-SXM4-80GB,,9700.0,a0827285-e98d-55a9-b486-73107367c8f5,suitesparse_all,Mittelmann/watson_2,watson_2,352013,677224,1846391,2,row-major,N,N,1.0,0.0,20260922,main,pass,pass,0,0,7385564.0,0.03145,0.072089600563,0.103539600563,0.073662100563,102.44978391225325,71.33081410243763,100.26273950311052,1.05618333930158,0.7353692175509033,1.033636489722789,AlphaSparse 248af573c867cf4c7e05d40c611c7c34ebac4715,CUDA,13040,13000,2026-10-06T08:59:36.545715+00:00,derived,csr-alg5,0,0,,,,5,20,4,true
3,A100-SXM4-80GB-suitesparse_all-fp64-n2-row-major-AlphaSparse-SpMM-CSR-pre-plus-solve,AlphaSparse-SpMM-CSR-best-pre-plus-solve,AlphaSparseLib CSR PER MATRIX BEST,per-matrix-best,AlphaSparse-SpMM-CSR,best,pre-plus-solve,"csr-alg1,csr-alg2,csr-alg3,csr-alg4,csr-alg5",manual-selection,csr,ALPHASPARSE_SPMM_CSR_ALG5,workspace-setup,spmm.csr.fp64,fp64,A100-SXM4-80GB,A100-SXM4-80GB,,9700.0,d94c6f41-d28e-5f45-abb9-189a8a3b4f78,suitesparse_all,ML_Graph/Binaryalphadigs_10NN,Binaryalphadigs_10NN,1404,1404,19392,2,row-major,N,N,1.0,0.0,20260922,main,pass,pass,0,0,77568.0,0.0141,0.0136191993952,0.0277191993952,0.0143241993952,5.695488974729186,2.798349219762533,5.41517175654458,0.05871638118277512,0.02884896102847972,0.05582651295406784,AlphaSparse 248af573c867cf4c7e05d40c611c7c34ebac4715,CUDA,13040,13000,2026-10-06T03:55:23.982031+00:00,derived,csr-alg5,0,0,,,,5,20,4,true
3,A100-SXM4-80GB-suitesparse_all-fp64-n2-row-major-AlphaSparse-SpMM-CSR-pre-plus-solve,AlphaSparse-SpMM-CSR-best-pre-plus-solve,AlphaSparseLib CSR PER MATRIX BEST,per-matrix-best,AlphaSparse-SpMM-CSR,best,pre-plus-solve,"csr-alg1,csr-alg2,csr-alg3,csr-alg4,csr-alg5",manual-selection,csr,ALPHASPARSE_SPMM_CSR_ALG1,workspace-setup,spmm.csr.fp64,fp64,A100-SXM4-80GB,A100-SXM4-80GB,,9700.0,018f64fd-81d1-5f6a-986f-7d386c913e5c,suitesparse_all,ML_Graph/breasttissue_10NN,breasttissue_10NN,106,106,1412,2,row-major,N,N,1.0,0.0,20260922,main,pass,pass,0,0,5648.0,0.01277,0.00977919995785,0.0225491999578,0.0104176999578,0.5775523585102904,0.25047451841174073,0.5421542204977018,0.0059541480258792825,0.002582211530017946,0.0055892187680175445,AlphaSparse 248af573c867cf4c7e05d40c611c7c34ebac4715,CUDA,13040,13000,2026-10-06T21:11:49.823154+00:00,derived,csr-alg1,0,0,,,,5,20,4,true
3,A100-SXM4-80GB-suitesparse_all-fp64-n2-row-major-AlphaSparse-SpMM-CSR-pre-plus-solve,AlphaSparse-SpMM-CSR-best-pre-plus-solve,AlphaSparseLib CSR PER MATRIX BEST,per-matrix-best,AlphaSparse-SpMM-CSR,best,pre-plus-solve,"csr-alg1,csr-alg2,csr-alg3,csr-alg4,csr-alg5",manual-selection,csr,ALPHASPARSE_SPMM_CSR_ALG3,workspace-setup,spmm.csr.fp64,fp64,A100-SXM4-80GB,A100-SXM4-80GB,,9700.0,752b02ae-c4ef-54eb-ad5c-0957985c94ee,suitesparse_all,ML_Graph/collins_15NN,collins_15NN,1000,1000,16492,2,row-major,N,N,1.0,0.0,20260922,main,pass,pass,0,0,65968.0,0.01158,0.0138239994645,0.0254039994645,0.0144029994645,4.771990925593254,2.59675647105035,4.58015708204361,0.04919578273807479,0.026770685268560312,0.04721811424787227,AlphaSparse 248af573c867cf4c7e05d40c611c7c34ebac4715,CUDA,13040,13000,2026-10-08T06:54:05.440314+00:00,derived,csr-alg3,0,0,,,,5,20,4,true
3,A100-SXM4-80GB-suitesparse_all-fp64-n2-row-major-AlphaSparse-SpMM-CSR-pre-plus-solve,AlphaSparse-SpMM-CSR-best-pre-plus-solve,AlphaSparseLib CSR PER MATRIX BEST,per-matrix-best,AlphaSparse-SpMM-CSR,best,pre-plus-solve,"csr-alg1,csr-alg2,csr-alg3,csr-alg4,csr-alg5",manual-selection,csr,ALPHASPARSE_SPMM_CSR_ALG1,workspace-setup,spmm.csr.fp64,fp64,A100-SXM4-80GB,A100-SXM4-80GB,,9700.0,152f8cc9-7213-5fba-8430-8cd9341fa530,suitesparse_all,ML_Graph/dataset12mfeatfactors_10NN,dataset12mfeatfactors_10NN,2000,2000,27442,2,row-major,N,N,1.0,0.0,20260922,main,pass,pass,0,0,109768.0,0.01754,0.0138751998544,0.0314151998544,0.0147521998544,7.911093256447127,3.494104780766688,7.440788566002278,0.08155766243759925,0.036021698770790596,0.07670916047425029,AlphaSparse 248af573c867cf4c7e05d40c611c7c34ebac4715,CUDA,13040,13000,2026-10-07T23:02:13.790066+00:00,derived,csr-alg1,0,0,,,,5,20,4,true
3,A100-SXM4-80GB-suitesparse_all-fp64-n2-row-major-AlphaSparse-SpMM-CSR-pre-plus-solve,AlphaSparse-SpMM-CSR-best-pre-plus-solve,AlphaSparseLib CSR PER MATRIX BEST,per-matrix-best,AlphaSparse-SpMM-CSR,best,pre-plus-solve,"csr-alg1,csr-alg2,csr-alg3,csr-alg4,csr-alg5",manual-selection,csr,ALPHASPARSE_SPMM_CSR_ALG1,workspace-setup,spmm.csr.fp64,fp64,A100-SXM4-80GB,A100-SXM4-80GB,,9700.0,a0827285-e98d-55a9-b486-73107367c8f5,suitesparse_all,ML_Graph/dataset16mfeatkarhunen_10NN,dataset16mfeatkarhunen_10NN,2000,2000,27668,2,row-major,N,N,1.0,0.0,20260922,main,pass,pass,0,0,110672.0,0.01781,0.013524800539,0.031334800539,0.014415300539,8.182893321115321,3.531919721724577,7.677398032776457,0.08435972495995177,0.03641154352293378,0.07914843332759235,AlphaSparse 248af573c867cf4c7e05d40c611c7c34ebac4715,CUDA,13040,13000,2026-10-06T07:31:29.462475+00:00,derived,csr-alg1,0,0,,,,5,20,4,true
3,A100-SXM4-80GB-suitesparse_all-fp64-n2-row-major-AlphaSparse-SpMM-CSR-pre-plus-solve,AlphaSparse-SpMM-CSR-best-pre-plus-solve,AlphaSparseLib CSR PER MATRIX BEST,per-matrix-best,AlphaSparse-SpMM-CSR,best,pre-plus-solve,"csr-alg1,csr-alg2,csr-alg3,csr-alg4,csr-alg5",manual-selection,csr,ALPHASPARSE_SPMM_CSR_ALG1,workspace-setup,spmm.csr.fp64,fp64,A100-SXM4-80GB,A100-SXM4-80GB,,9700.0,dd6a9a30-d69d-5ea7-834e-7b0f3242a57c,suitesparse_all,ML_Graph/dataset18mfeatmorphological_10NN,dataset18mfeatmorphological_10NN,2000,2000,22832,2,row-major,N,N,1.0,0.0,20260922,main,pass,pass,0,0,91328.0,0.0126,0.00983040034771,0.0224304003477,0.0104604003477,9.29036425472488,4.071617027975371,8.730832182735808,0.09577695107963793,0.04197543327809661,0.09000857920346195,AlphaSparse 248af573c867cf4c7e05d40c611c7c34ebac4715,CUDA,13040,13000,2026-10-06T20:26:56.624830+00:00,derived,csr-alg1,0,0,,,,5,20,4,true
3,A100-SXM4-80GB-suitesparse_all-fp64-n2-row-major-AlphaSparse-SpMM-CSR-pre-plus-solve,AlphaSparse-SpMM-CSR-best-pre-plus-solve,AlphaSparseLib CSR PER MATRIX BEST,per-matrix-best,AlphaSparse-SpMM-CSR,best,pre-plus-solve,"csr-alg1,csr-alg2,csr-alg3,csr-alg4,csr-alg5",manual-selection,csr,ALPHASPARSE_SPMM_CSR_ALG1,workspace-setup,spmm.csr.fp64,fp64,A100-SXM4-80GB,A100-SXM4-80GB,,9700.0,005fdebf-9ece-5bc0-9d3c-6fda0356699d,suitesparse_all,ML_Graph/dataset20mfeatpixel_10NN,dataset20mfeatpixel_10NN,2000,2000,27932,2,row-major,N,N,1.0,0.0,20260922,main,pass,pass,0,0,111728.0,0.01432,0.0126047998667,0.0269247998667,0.0133207998667,8.863924947762852,4.149631586980995,8.387484319113842,0.09138066956456549,0.042779707082278295,0.08646891050632827,AlphaSparse 248af573c867cf4c7e05d40c611c7c34ebac4715,CUDA,13040,13000,2026-10-08T14:18:22.495679+00:00,derived,csr-alg1,0,0,,,,5,20,4,true
3,A100-SXM4-80GB-suitesparse_all-fp64-n2-row-major-AlphaSparse-SpMM-CSR-pre-plus-solve,AlphaSparse-SpMM-CSR-best-pre-plus-solve,AlphaSparseLib CSR PER MATRIX BEST,per-matrix-best,AlphaSparse-SpMM-CSR,best,pre-plus-solve,"csr-alg1,csr-alg2,csr-alg3,csr-alg4,csr-alg5",manual-selection,csr,ALPHASPARSE_SPMM_CSR_ALG5,workspace-setup,spmm.csr.fp64,fp64,A100-SXM4-80GB,A100-SXM4-80GB,,9700.0,d94c6f41-d28e-5f45-abb9-189a8a3b4f78,suitesparse_all,ML_Graph/dataset22mfeatzernike_10NN,dataset22mfeatzernike_10NN,2000,2000,27414,2,row-major,N,N,1.0,0.0,20260922,main,pass,pass,0,0,109656.0,0.01296,0.0138239994645,0.0267839994645,0.0144719994645,7.932291973939696,4.094086103359584,7.577114708232789,0.08177620591690409,0.04220707323051118,0.07811458462095659,AlphaSparse 248af573c867cf4c7e05d40c611c7c34ebac4715,CUDA,13040,13000,2026-10-06T03:55:25.017341+00:00,derived,csr-alg5,0,0,,,,5,20,4,true
3,A100-SXM4-80GB-suitesparse_all-fp64-n2-row-major-AlphaSparse-SpMM-CSR-pre-plus-solve,AlphaSparse-SpMM-CSR-best-pre-plus-solve,AlphaSparseLib CSR PER MATRIX BEST,per-matrix-best,AlphaSparse-SpMM-CSR,best,pre-plus-solve,"csr-alg1,csr-alg2,csr-alg3,csr-alg4,csr-alg5",manual-selection,csr,ALPHASPARSE_SPMM_CSR_ALG1,workspace-setup,spmm.csr.fp64,fp64,A100-SXM4-80GB,A100-SXM4-80GB,,9700.0,018f64fd-81d1-5f6a-986f-7d386c913e5c,suitesparse_all,ML_Graph/dermatology_5NN,dermatology_5NN,366,366,2440,2,row-major,N,N,1.0,0.0,20260922,main,pass,pass,0,0,9760.0,0.01423,0.00798719972372,0.0222171997237,0.00869869972372,1.2219551704729787,0.4392992871009125,1.1220067722749414,0.012597475984257514,0.004528858629906314,0.011567080126545786,AlphaSparse 248af573c867cf4c7e05d40c611c7c34ebac4715,CUDA,13040,13000,2026-10-06T21:11:50.769438+00:00,derived,csr-alg1,0,0,,,,5,20,4,true
3,A100-SXM4-80GB-suitesparse_all-fp64-n2-row-major-AlphaSparse-SpMM-CSR-pre-plus-solve,AlphaSparse-SpMM-CSR-best-pre-plus-solve,AlphaSparseLib CSR PER MATRIX BEST,per-matrix-best,AlphaSparse-SpMM-CSR,best,pre-plus-solve,"csr-alg1,csr-alg2,csr-alg3,csr-alg4,csr-alg5",manual-selection,csr,ALPHASPARSE_SPMM_CSR_ALG3,workspace-setup,spmm.csr.fp64,fp64,A100-SXM4-80GB,A100-SXM4-80GB,,9700.0,752b02ae-c4ef-54eb-ad5c-0957985c94ee,suitesparse_all,ML_Graph/Fashion_MNIST_norm_10NN,Fashion_MNIST_norm_10NN,10000,10000,158304,2,row-major,N,N,1.0,0.0,20260922,main,pass,pass,0,0,633216.0,0.0127,0.0195583999157,0.0322583999157,0.0201933999157,32.37565458980631,19.62949190458194,31.35757240699651,0.33376963494645684,0.20236589592352514,0.3232739423401702,AlphaSparse 248af573c867cf4c7e05d40c611c7c34ebac4715,CUDA,13040,13000,2026-10-08T06:54:06.088653+00:00,derived,csr-alg3,0,0,,,,5,20,4,true
3,A100-SXM4-80GB-suitesparse_all-fp64-n2-row-major-AlphaSparse-SpMM-CSR-pre-plus-solve,AlphaSparse-SpMM-CSR-best-pre-plus-solve,AlphaSparseLib CSR PER MATRIX BEST,per-matrix-best,AlphaSparse-SpMM-CSR,best,pre-plus-solve,"csr-alg1,csr-alg2,csr-alg3,csr-alg4,csr-alg5",manual-selection,csr,ALPHASPARSE_SPMM_CSR_ALG1,workspace-setup,spmm.csr.fp64,fp64,A100-SXM4-80GB,A100-SXM4-80GB,,9700.0,152f8cc9-7213-5fba-8430-8cd9341fa530,suitesparse_all,ML_Graph/Glass_10NN,Glass_10NN,214,214,2986,2,row-major,N,N,1.0,0.0,20260922,main,pass,pass,0,0,11944.0,0.01841,0.0103936001658,0.0288036001658,0.0113141001658,1.1491687008801406,0.41467038603673323,1.0556738781670016,0.011847100009073614,0.004274952433368384,0.01088323585739177,AlphaSparse 248af573c867cf4c7e05d40c611c7c34ebac4715,CUDA,13040,13000,2026-10-07T23:02:14.607130+00:00,derived,csr-alg1,0,0,,,,5,20,4,true
3,A100-SXM4-80GB-suitesparse_all-fp64-n2-row-major-AlphaSparse-SpMM-CSR-pre-plus-solve,AlphaSparse-SpMM-CSR-best-pre-plus-solve,AlphaSparseLib CSR PER MATRIX BEST,per-matrix-best,AlphaSparse-SpMM-CSR,best,pre-plus-solve,"csr-alg1,csr-alg2,csr-alg3,csr-alg4,csr-alg5",manual-selection,csr,ALPHASPARSE_SPMM_CSR_ALG5,workspace-setup,spmm.csr.fp64,fp64,A100-SXM4-80GB,A100-SXM4-80GB,,9700.0,a0827285-e98d-55a9-b486-73107367c8f5,suitesparse_all,ML_Graph/har_10NN,har_10NN,10299,10299,151736,2,row-major,N,N,1.0,0.0,20260922,main,pass,pass,0,0,606944.0,0.02151,0.0128511995077,0.0343611995077,0.0139266995077,47.22858746658939,17.66364413046727,43.58132374899191,0.486892654294736,0.18209942402543577,0.44929199741228776,AlphaSparse 248af573c867cf4c7e05d40c611c7c34ebac4715,CUDA,13040,13000,2026-10-06T09:23:23.788406+00:00,derived,csr-alg5,0,0,,,,5,20,4,true
3,A100-SXM4-80GB-suitesparse_all-fp64-n2-row-major-AlphaSparse-SpMM-CSR-pre-plus-solve,AlphaSparse-SpMM-CSR-best-pre-plus-solve,AlphaSparseLib CSR PER MATRIX BEST,per-matrix-best,AlphaSparse-SpMM-CSR,best,pre-plus-solve,"csr-alg1,csr-alg2,csr-alg3,csr-alg4,csr-alg5",manual-selection,csr,ALPHASPARSE_SPMM_CSR_ALG3,workspace-setup,spmm.csr.fp64,fp64,A100-SXM4-80GB,A100-SXM4-80GB,,9700.0,dd6a9a30-d69d-5ea7-834e-7b0f3242a57c,suitesparse_all,ML_Graph/indianpines_10NN,indianpines_10NN,9144,9144,124656,2,row-major,N,N,1.0,0.0,20260922,main,pass,pass,0,0,498624.0,0.01362,0.0173567995429,0.0309767995429,0.0180377995429,28.727876862757686,16.09669195519866,27.643283140723632,0.2961636789975019,0.165945277888646,0.28498230041983125,AlphaSparse 248af573c867cf4c7e05d40c611c7c34ebac4715,CUDA,13040,13000,2026-10-06T21:43:04.142270+00:00,derived,csr-alg3,0,0,,,,5,20,4,true
3,A100-SXM4-80GB-suitesparse_all-fp64-n2-row-major-AlphaSparse-SpMM-CSR-pre-plus-solve,AlphaSparse-SpMM-CSR-best-pre-plus-solve,AlphaSparseLib CSR PER MATRIX BEST,per-matrix-best,AlphaSparse-SpMM-CSR,best,pre-plus-solve,"csr-alg1,csr-alg2,csr-alg3,csr-alg4,csr-alg5",manual-selection,csr,ALPHASPARSE_SPMM_CSR_ALG5,workspace-setup,spmm.csr.fp64,fp64,A100-SXM4-80GB,A100-SXM4-80GB,,9700.0,005fdebf-9ece-5bc0-9d3c-6fda0356699d,suitesparse_all,ML_Graph/iris_dataset_30NN,iris_dataset_30NN,150,150,5518,2,row-major,N,N,1.0,0.0,20260922,main,pass,pass,0,0,22072.0,0.01188,0.0122368000448,0.0241168000448,0.0128308000448,1.803739533145305,0.9152126301581666,1.7202356768816787,0.018595252919023763,0.009435181754207904,0.017734388421460606,AlphaSparse 248af573c867cf4c7e05d40c611c7c34ebac4715,CUDA,13040,13000,2026-10-08T15:53:27.281634+00:00,derived,csr-alg5,0,0,,,,5,20,4,true
3,A100-SXM4-80GB-suitesparse_all-fp64-n2-row-major-AlphaSparse-SpMM-CSR-pre-plus-solve,AlphaSparse-SpMM-CSR-best-pre-plus-solve,AlphaSparseLib CSR PER MATRIX BEST,per-matrix-best,AlphaSparse-SpMM-CSR,best,pre-plus-solve,"csr-alg1,csr-alg2,csr-alg3,csr-alg4,csr-alg5",manual-selection,csr,ALPHASPARSE_SPMM_CSR_ALG5,workspace-setup,spmm.csr.fp64,fp64,A100-SXM4-80GB,A100-SXM4-80GB,,9700.0,d94c6f41-d28e-5f45-abb9-189a8a3b4f78,suitesparse_all,ML_Graph/JapaneseVowelsSmall_10NN,JapaneseVowelsSmall_10NN,9961,9961,131144,2,row-major,N,N,1.0,0.0,20260922,main,pass,pass,0,0,524576.0,0.01352,0.0154624000192,0.0289824000192,0.0161384000192,33.925910553899946,18.099812287887943,32.50483315421028,0.3497516551948448,0.18659600296791692,0.33510137272381735,AlphaSparse 248af573c867cf4c7e05d40c611c7c34ebac4715,CUDA,13040,13000,2026-10-06T03:55:26.111030+00:00,derived,csr-alg5,0,0,,,,5,20,4,true
3,A100-SXM4-80GB-suitesparse_all-fp64-n2-row-major-AlphaSparse-SpMM-CSR-pre-plus-solve,AlphaSparse-SpMM-CSR-best-pre-plus-solve,AlphaSparseLib CSR PER MATRIX BEST,per-matrix-best,AlphaSparse-SpMM-CSR,best,pre-plus-solve,"csr-alg1,csr-alg2,csr-alg3,csr-alg4,csr-alg5",manual-selection,csr,ALPHASPARSE_SPMM_CSR_ALG5,workspace-setup,spmm.csr.fp64,fp64,A100-SXM4-80GB,A100-SXM4-80GB,,9700.0,018f64fd-81d1-5f6a-986f-7d386c913e5c,suitesparse_all,ML_Graph/k49_norm_10NN,k49_norm_10NN,38547,38547,618158,2,row-major,N,N,1.0,0.0,20260922,main,pass,pass,0,0,2472632.0,0.01449,0.032563200593,0.047053200593,0.033287700593,75.93332212348726,52.54970902803683,74.28064888687338,0.7828177538503841,0.5417495776086271,0.7657798854316843,AlphaSparse 248af573c867cf4c7e05d40c611c7c34ebac4715,CUDA,13040,13000,2026-10-06T23:42:14.006554+00:00,derived,csr-alg5,0,0,,,,5,20,4,true
3,A100-SXM4-80GB-suitesparse_all-fp64-n2-row-major-AlphaSparse-SpMM-CSR-pre-plus-solve,AlphaSparse-SpMM-CSR-best-pre-plus-solve,AlphaSparseLib CSR PER MATRIX BEST,per-matrix-best,AlphaSparse-SpMM-CSR,best,pre-plus-solve,"csr-alg1,csr-alg2,csr-alg3,csr-alg4,csr-alg5",manual-selection,csr,ALPHASPARSE_SPMM_CSR_ALG2,workspace-setup,spmm.csr.fp64,fp64,A100-SXM4-80GB,A100-SXM4-80GB,,9700.0,752b02ae-c4ef-54eb-ad5c-0957985c94ee,suitesparse_all,ML_Graph/mice_10NN,mice_10NN,1077,1077,13484,2,row-major,N,N,1.0,0.0,20260922,main,pass,pass,0,0,53936.0,0.0115,0.0146127998829,0.0261127998829,0.0151877998829,3.691010650403574,2.0655004534890975,3.551271442595629,0.03805165618972757,0.021293819108135027,0.03661104579995494,AlphaSparse 248af573c867cf4c7e05d40c611c7c34ebac4715,CUDA,13040,13000,2026-10-08T05:52:13.558304+00:00,derived,csr-alg2,0,0,,,,5,20,4,true
3,A100-SXM4-80GB-suitesparse_all-fp64-n2-row-major-AlphaSparse-SpMM-CSR-pre-plus-solve,AlphaSparse-SpMM-CSR-best-pre-plus-solve,AlphaSparseLib CSR PER MATRIX BEST,per-matrix-best,AlphaSparse-SpMM-CSR,best,pre-plus-solve,"csr-alg1,csr-alg2,csr-alg3,csr-alg4,csr-alg5",manual-selection,csr,ALPHASPARSE_SPMM_CSR_ALG3,workspace-setup,spmm.csr.fp64,fp64,A100-SXM4-80GB,A100-SXM4-80GB,,9700.0,152f8cc9-7213-5fba-8430-8cd9341fa530,suitesparse_all,ML_Graph/micromass_10NN,micromass_10NN,571,571,9668,2,row-major,N,N,1.0,0.0,20260922,main,pass,pass,0,0,38672.0,0.02367,0.0138751998544,0.0375451998544,0.0150586998544,2.7871310255568407,1.0300118297404122,2.568083591140867,0.028733309541823102,0.010618678657117651,0.02647508856846255,AlphaSparse 248af573c867cf4c7e05d40c611c7c34ebac4715,CUDA,13040,13000,2026-10-08T00:59:31.238686+00:00,derived,csr-alg3,0,0,,,,5,20,4,true
3,A100-SXM4-80GB-suitesparse_all-fp64-n2-row-major-AlphaSparse-SpMM-CSR-pre-plus-solve,AlphaSparse-SpMM-CSR-best-pre-plus-solve,AlphaSparseLib CSR PER MATRIX BEST,per-matrix-best,AlphaSparse-SpMM-CSR,best,pre-plus-solve,"csr-alg1,csr-alg2,csr-alg3,csr-alg4,csr-alg5",manual-selection,csr,ALPHASPARSE_SPMM_CSR_ALG5,workspace-setup,spmm.csr.fp64,fp64,A100-SXM4-80GB,A100-SXM4-80GB,,9700.0,a0827285-e98d-55a9-b486-73107367c8f5,suitesparse_all,ML_Graph/mnist_test_norm_10NN,mnist_test_norm_10NN,10000,10000,145600,2,row-major,N,N,1.0,0.0,20260922,main,pass,pass,0,0,582400.0,0.019051,0.0137728005648,0.0328238005648,0.0147253505648,42.28624361907017,17.743222600022786,39.55084107757608,0.43594065586670283,0.1829198206187916,0.40774062966573277,AlphaSparse 248af573c867cf4c7e05d40c611c7c34ebac4715,CUDA,13040,13000,2026-10-06T09:23:24.506158+00:00,derived,csr-alg5,0,0,,,,5,20,4,true
3,A100-SXM4-80GB-suitesparse_all-fp64-n2-row-major-AlphaSparse-SpMM-CSR-pre-plus-solve,AlphaSparse-SpMM-CSR-best-pre-plus-solve,AlphaSparseLib CSR PER MATRIX BEST,per-matrix-best,AlphaSparse-SpMM-CSR,best,pre-plus-solve,"csr-alg1,csr-alg2,csr-alg3,csr-alg4,csr-alg5",manual-selection,csr,ALPHASPARSE_SPMM_CSR_ALG3,workspace-setup,spmm.csr.fp64,fp64,A100-SXM4-80GB,A100-SXM4-80GB,,9700.0,dd6a9a30-d69d-5ea7-834e-7b0f3242a57c,suitesparse_all,ML_Graph/Olivetti_norm_10NN,Olivetti_norm_10NN,400,400,5656,2,row-major,N,N,1.0,0.0,20260922,main,pass,pass,0,0,22624.0,0.013051,0.0139264002442,0.0269774002442,0.0145789502442,1.6245404126900873,0.8386278809376394,1.5518264086950013,0.016747839306083374,0.008645648257089066,0.01599821039891754,AlphaSparse 248af573c867cf4c7e05d40c611c7c34ebac4715,CUDA,13040,13000,2026-10-06T21:43:04.804761+00:00,derived,csr-alg3,0,0,,,,5,20,4,true
3,A100-SXM4-80GB-suitesparse_all-fp64-n2-row-major-AlphaSparse-SpMM-CSR-pre-plus-solve,AlphaSparse-SpMM-CSR-best-pre-plus-solve,AlphaSparseLib CSR PER MATRIX BEST,per-matrix-best,AlphaSparse-SpMM-CSR,best,pre-plus-solve,"csr-alg1,csr-alg2,csr-alg3,csr-alg4,csr-alg5",manual-selection,csr,ALPHASPARSE_SPMM_CSR_ALG5,workspace-setup,spmm.csr.fp64,fp64,A100-SXM4-80GB,A100-SXM4-80GB,,9700.0,005fdebf-9ece-5bc0-9d3c-6fda0356699d,suitesparse_all,ML_Graph/optdigits_10NN,optdigits_10NN,5620,5620,79650,2,row-major,N,N,1.0,0.0,20260922,main,pass,pass,0,0,318600.0,0.01394,0.012800000608,0.026740000608,0.013497000608,24.890623817695367,11.91473420926857,23.605244546789013,0.25660436925459146,0.12283231143575846,0.2433530365648352,AlphaSparse 248af573c867cf4c7e05d40c611c7c34ebac4715,CUDA,13040,13000,2026-10-08T15:53:27.897255+00:00,derived,csr-alg5,0,0,,,,5,20,4,true
3,A100-SXM4-80GB-suitesparse_all-fp64-n2-row-major-AlphaSparse-SpMM-CSR-pre-plus-solve,AlphaSparse-SpMM-CSR-best-pre-plus-solve,AlphaSparseLib CSR PER MATRIX BEST,per-matrix-best,AlphaSparse-SpMM-CSR,best,pre-plus-solve,"csr-alg1,csr-alg2,csr-alg3,csr-alg4,csr-alg5",manual-selection,csr,ALPHASPARSE_SPMM_CSR_ALG5,workspace-setup,spmm.csr.fp64,fp64,A100-SXM4-80GB,A100-SXM4-80GB,,9700.0,d94c6f41-d28e-5f45-abb9-189a8a3b4f78,suitesparse_all,ML_Graph/Plants_10NN,Plants_10NN,1600,1600,21930,2,row-major,N,N,1.0,0.0,20260922,main,pass,pass,0,0,87720.0,0.01242,0.0133632004261,0.0257832004261,0.0139842004261,6.564295767701866,3.402215339845948,6.272793390194844,0.06767315224434914,0.03507438494686544,0.0646679730947922,AlphaSparse 248af573c867cf4c7e05d40c611c7c34ebac4715,CUDA,13040,13000,2026-10-06T03:55:26.894135+00:00,derived,csr-alg5,0,0,,,,5,20,4,true
3,A100-SXM4-80GB-suitesparse_all-fp64-n2-row-major-AlphaSparse-SpMM-CSR-pre-plus-solve,AlphaSparse-SpMM-CSR-best-pre-plus-solve,AlphaSparseLib CSR PER MATRIX BEST,per-matrix-best,AlphaSparse-SpMM-CSR,best,pre-plus-solve,"csr-alg1,csr-alg2,csr-alg3,csr-alg4,csr-alg5",manual-selection,csr,ALPHASPARSE_SPMM_CSR_ALG5,workspace-setup,spmm.csr.fp64,fp64,A100-SXM4-80GB,A100-SXM4-80GB,,9700.0,018f64fd-81d1-5f6a-986f-7d386c913e5c,suitesparse_all,ML_Graph/plantsmargin_12NN,plantsmargin_12NN,1600,1600,25482,2,row-major,N,N,1.0,0.0,20260922,main,pass,pass,0,0,101928.0,0.01207,0.0139776006341,0.0260476006341,0.0145811006341,7.292238680173382,3.9131435340943383,6.990418800184859,0.0751777183523029,0.040341685918498335,0.07206617319778205,AlphaSparse 248af573c867cf4c7e05d40c611c7c34ebac4715,CUDA,13040,13000,2026-10-06T23:42:14.822682+00:00,derived,csr-alg5,0,0,,,,5,20,4,true
3,A100-SXM4-80GB-suitesparse_all-fp64-n2-row-major-AlphaSparse-SpMM-CSR-pre-plus-solve,AlphaSparse-SpMM-CSR-best-pre-plus-solve,AlphaSparseLib CSR PER MATRIX BEST,per-matrix-best,AlphaSparse-SpMM-CSR,best,pre-plus-solve,"csr-alg1,csr-alg2,csr-alg3,csr-alg4,csr-alg5",manual-selection,csr,ALPHASPARSE_SPMM_CSR_ALG2,workspace-setup,spmm.csr.fp64,fp64,A100-SXM4-80GB,A100-SXM4-80GB,,9700.0,752b02ae-c4ef-54eb-ad5c-0957985c94ee,suitesparse_all,ML_Graph/semeion_10NN,semeion_10NN,1593,1593,22226,2,row-major,N,N,1.0,0.0,20260922,main,pass,pass,0,0,88904.0,0.01172,0.0151311993599,0.0268511993599,0.0157171993599,5.875542175170148,3.3109880422239395,5.656478483490181,0.06057259974402215,0.03413389734251484,0.058314211170001864,AlphaSparse 248af573c867cf4c7e05d40c611c7c34ebac4715,CUDA,13040,13000,2026-10-08T05:52:14.190549+00:00,derived,csr-alg2,0,0,,,,5,20,4,true
3,A100-SXM4-80GB-suitesparse_all-fp64-n2-row-major-AlphaSparse-SpMM-CSR-pre-plus-solve,AlphaSparse-SpMM-CSR-best-pre-plus-solve,AlphaSparseLib CSR PER MATRIX BEST,per-matrix-best,AlphaSparse-SpMM-CSR,best,pre-plus-solve,"csr-alg1,csr-alg2,csr-alg3,csr-alg4,csr-alg5",manual-selection,csr,ALPHASPARSE_SPMM_CSR_ALG1,workspace-setup,spmm.csr.fp64,fp64,A100-SXM4-80GB,A100-SXM4-80GB,,9700.0,152f8cc9-7213-5fba-8430-8cd9341fa530,suitesparse_all,ML_Graph/Spectro_10NN,Spectro_10NN,531,531,7422,2,row-major,N,N,1.0,0.0,20260922,main,pass,pass,0,0,29688.0,0.021169,0.0113664001226,0.0325354001226,0.0124248501226,2.611908755611274,0.9124830150583544,2.3894050799051043,0.026926894387745093,0.00940704139235417,0.024633042060877363,AlphaSparse 248af573c867cf4c7e05d40c611c7c34ebac4715,CUDA,13040,13000,2026-10-07T23:02:16.022224+00:00,derived,csr-alg1,0,0,,,,5,20,4,true
3,A100-SXM4-80GB-suitesparse_all-fp64-n2-row-major-AlphaSparse-SpMM-CSR-pre-plus-solve,AlphaSparse-SpMM-CSR-best-pre-plus-solve,AlphaSparseLib CSR PER MATRIX BEST,per-matrix-best,AlphaSparse-SpMM-CSR,best,pre-plus-solve,"csr-alg1,csr-alg2,csr-alg3,csr-alg4,csr-alg5",manual-selection,csr,ALPHASPARSE_SPMM_CSR_ALG1,workspace-setup,spmm.csr.fp64,fp64,A100-SXM4-80GB,A100-SXM4-80GB,,9700.0,a0827285-e98d-55a9-b486-73107367c8f5,suitesparse_all,ML_Graph/umistfacesnorm_10NN,umistfacesnorm_10NN,575,575,6990,2,row-major,N,N,1.0,0.0,20260922,main,pass,pass,0,0,27960.0,0.01534,0.00998400002718,0.0253240000272,0.0107510000272,2.800480761606864,1.1040909797018135,2.600688301484632,0.0288709356866687,0.011382381234039314,0.026811219602934352,AlphaSparse 248af573c867cf4c7e05d40c611c7c34ebac4715,CUDA,13040,13000,2026-10-06T07:31:33.259357+00:00,derived,csr-alg1,0,0,,,,5,20,4,true
3,A100-SXM4-80GB-suitesparse_all-fp64-n2-row-major-AlphaSparse-SpMM-CSR-pre-plus-solve,AlphaSparse-SpMM-CSR-best-pre-plus-solve,AlphaSparseLib CSR PER MATRIX BEST,per-matrix-best,AlphaSparse-SpMM-CSR,best,pre-plus-solve,"csr-alg1,csr-alg2,csr-alg3,csr-alg4,csr-alg5",manual-selection,csr,ALPHASPARSE_SPMM_CSR_ALG3,workspace-setup,spmm.csr.fp64,fp64,A100-SXM4-80GB,A100-SXM4-80GB,,9700.0,dd6a9a30-d69d-5ea7-834e-7b0f3242a57c,suitesparse_all,ML_Graph/usps_norm_5NN,usps_norm_5NN,11000,11000,81112,2,row-major,N,N,1.0,0.0,20260922,main,pass,pass,0,0,324448.0,0.013,0.0168448001146,0.0298448001146,0.0174948001146,19.261018106043846,10.871173496024886,18.545396224860962,0.19856719696952416,0.11207395356726688,0.19118965180269032,AlphaSparse 248af573c867cf4c7e05d40c611c7c34ebac4715,CUDA,13040,13000,2026-10-06T21:43:05.486316+00:00,derived,csr-alg3,0,0,,,,5,20,4,true
3,A100-SXM4-80GB-suitesparse_all-fp64-n2-row-major-AlphaSparse-SpMM-CSR-pre-plus-solve,AlphaSparse-SpMM-CSR-best-pre-plus-solve,AlphaSparseLib CSR PER MATRIX BEST,per-matrix-best,AlphaSparse-SpMM-CSR,best,pre-plus-solve,"csr-alg1,csr-alg2,csr-alg3,csr-alg4,csr-alg5",manual-selection,csr,ALPHASPARSE_SPMM_CSR_ALG5,workspace-setup,spmm.csr.fp64,fp64,A100-SXM4-80GB,A100-SXM4-80GB,,9700.0,005fdebf-9ece-5bc0-9d3c-6fda0356699d,suitesparse_all,ML_Graph/Vehicle_10NN,Vehicle_10NN,846,846,10894,2,row-major,N,N,1.0,0.0,20260922,main,pass,pass,0,0,43576.0,0.011629,0.011264000088,0.022893000088,0.011845450088,3.8686079243219553,1.9034639336257884,3.678712051992397,0.0398825559208449,0.019623339521915344,0.03792486651538554,AlphaSparse 248af573c867cf4c7e05d40c611c7c34ebac4715,CUDA,13040,13000,2026-10-08T15:53:28.474288+00:00,derived,csr-alg5,0,0,,,,5,20,4,true
3,A100-SXM4-80GB-suitesparse_all-fp64-n2-row-major-AlphaSparse-SpMM-CSR-pre-plus-solve,AlphaSparse-SpMM-CSR-best-pre-plus-solve,AlphaSparseLib CSR PER MATRIX BEST,per-matrix-best,AlphaSparse-SpMM-CSR,best,pre-plus-solve,"csr-alg1,csr-alg2,csr-alg3,csr-alg4,csr-alg5",manual-selection,csr,ALPHASPARSE_SPMM_CSR_ALG1,workspace-setup,spmm.csr.fp64,fp64,A100-SXM4-80GB,A100-SXM4-80GB,,9700.0,d94c6f41-d28e-5f45-abb9-189a8a3b4f78,suitesparse_all,ML_Graph/worms20_10NN,worms20_10NN,20055,20055,240826,2,row-major,N,N,1.0,0.0,20260922,main,pass,pass,0,0,963304.0,0.015371,0.0121344000101,0.0275054000101,0.0129029500101,79.38620773983051,35.02235923296059,74.65765574895335,0.8184145127817578,0.36105524982433596,0.7696665541129211,AlphaSparse 248af573c867cf4c7e05d40c611c7c34ebac4715,CUDA,13040,13000,2026-10-06T02:16:57.676250+00:00,derived,csr-alg1,0,0,,,,5,20,4,true
3,A100-SXM4-80GB-suitesparse_all-fp64-n2-row-major-AlphaSparse-SpMM-CSR-pre-plus-solve,AlphaSparse-SpMM-CSR-best-pre-plus-solve,AlphaSparseLib CSR PER MATRIX BEST,per-matrix-best,AlphaSparse-SpMM-CSR,best,pre-plus-solve,"csr-alg1,csr-alg2,csr-alg3,csr-alg4,csr-alg5",manual-selection,csr,ALPHASPARSE_SPMM_CSR_ALG1,workspace-setup,spmm.csr.fp64,fp64,A100-SXM4-80GB,A100-SXM4-80GB,,9700.0,018f64fd-81d1-5f6a-986f-7d386c913e5c,suitesparse_all,ML_Graph/YaleA_10NN,YaleA_10NN,165,165,2268,2,row-major,N,N,1.0,0.0,20260922,main,pass,pass,0,0,9072.0,0.01255,0.0107519999146,0.0233019999146,0.0113794999146,0.8437500067016602,0.38932280633628735,0.797223082568026,0.008698453677336704,0.004013637178724612,0.008218794665649752,AlphaSparse 248af573c867cf4c7e05d40c611c7c34ebac4715,CUDA,13040,13000,2026-10-06T21:11:54.729622+00:00,derived,csr-alg1,0,0,,,,5,20,4,true
3,A100-SXM4-80GB-suitesparse_all-fp64-n2-row-major-AlphaSparse-SpMM-CSR-pre-plus-solve,AlphaSparse-SpMM-CSR-best-pre-plus-solve,AlphaSparseLib CSR PER MATRIX BEST,per-matrix-best,AlphaSparse-SpMM-CSR,best,pre-plus-solve,"csr-alg1,csr-alg2,csr-alg3,csr-alg4,csr-alg5",manual-selection,csr,ALPHASPARSE_SPMM_CSR_ALG3,workspace-setup,spmm.csr.fp64,fp64,A100-SXM4-80GB,A100-SXM4-80GB,,9700.0,752b02ae-c4ef-54eb-ad5c-0957985c94ee,suitesparse_all,ML_Graph/yeast_30NN,yeast_30NN,1484,1484,62350,2,row-major,N,N,1.0,0.0,20260922,main,pass,pass,0,0,249400.0,0.01244,0.0157184004784,0.0281584004784,0.0163404004784,15.86675440307822,8.857037181189039,15.262783817916588,0.1635747876606002,0.09130966166174266,0.15734828678264523,AlphaSparse 248af573c867cf4c7e05d40c611c7c34ebac4715,CUDA,13040,13000,2026-10-08T06:54:07.914903+00:00,derived,csr-alg3,0,0,,,,5,20,4,true
3,A100-SXM4-80GB-suitesparse_all-fp64-n2-row-major-AlphaSparse-SpMM-CSR-pre-plus-solve,AlphaSparse-SpMM-CSR-best-pre-plus-solve,AlphaSparseLib CSR PER MATRIX BEST,per-matrix-best,AlphaSparse-SpMM-CSR,best,pre-plus-solve,"csr-alg1,csr-alg2,csr-alg3,csr-alg4,csr-alg5",manual-selection,csr,ALPHASPARSE_SPMM_CSR_ALG5,workspace-setup,spmm.csr.fp64,fp64,A100-SXM4-80GB,A100-SXM4-80GB,,9700.0,dd6a9a30-d69d-5ea7-834e-7b0f3242a57c,suitesparse_all,Moqri/MISKnowledgeMap,MISKnowledgeMap,2427,2427,57022,2,row-major,N,N,1.0,0.0,20260922,main,pass,pass,0,0,228088.0,0.01303,0.014899200201,0.027929200201,0.015550700201,15.308741202409728,8.16664989897682,14.667378127792125,0.15782207425164668,0.08419226699976103,0.1512100837916714,AlphaSparse 248af573c867cf4c7e05d40c611c7c34ebac4715,CUDA,13040,13000,2026-10-06T22:36:23.249694+00:00,derived,csr-alg5,0,0,,,,5,20,4,true
3,A100-SXM4-80GB-suitesparse_all-fp64-n2-row-major-AlphaSparse-SpMM-CSR-pre-plus-solve,AlphaSparse-SpMM-CSR-best-pre-plus-solve,AlphaSparseLib CSR PER MATRIX BEST,per-matrix-best,AlphaSparse-SpMM-CSR,best,pre-plus-solve,"csr-alg1,csr-alg2,csr-alg3,csr-alg4,csr-alg5",manual-selection,csr,ALPHASPARSE_SPMM_CSR_ALG3,workspace-setup,spmm.csr.fp64,fp64,A100-SXM4-80GB,A100-SXM4-80GB,,9700.0,152f8cc9-7213-5fba-8430-8cd9341fa530,suitesparse_all,Morandini/robot,robot,120,120,870,2,row-major,N,N,1.0,0.0,20260922,main,pass,pass,0,0,3480.0,0.012829,0.0131119996309,0.0259409996309,0.0137534496309,0.2654057426755079,0.13415057436162742,0.2530274290008997,0.002736141677067092,0.0013829956119755405,0.002608530195885564,AlphaSparse 248af573c867cf4c7e05d40c611c7c34ebac4715,CUDA,13040,13000,2026-10-08T00:23:47.360839+00:00,derived,csr-alg3,0,0,,,,5,20,4,true
3,A100-SXM4-80GB-suitesparse_all-fp64-n2-row-major-AlphaSparse-SpMM-CSR-pre-plus-solve,AlphaSparse-SpMM-CSR-best-pre-plus-solve,AlphaSparseLib CSR PER MATRIX BEST,per-matrix-best,AlphaSparse-SpMM-CSR,best,pre-plus-solve,"csr-alg1,csr-alg2,csr-alg3,csr-alg4,csr-alg5",manual-selection,csr,ALPHASPARSE_SPMM_CSR_ALG2,workspace-setup,spmm.csr.fp64,fp64,A100-SXM4-80GB,A100-SXM4-80GB,,9700.0,a0827285-e98d-55a9-b486-73107367c8f5,suitesparse_all,Morandini/rotor1,rotor1,100,100,708,2,row-major,N,N,1.0,0.0,20260922,main,pass,pass,0,0,2832.0,0.01634,0.0133632004261,0.0297032004261,0.0141802004261,0.2119252805988564,0.09534326131104515,0.19971508969558965,0.002184796707204705,0.0009829202197014963,0.0020589184504699967,AlphaSparse 248af573c867cf4c7e05d40c611c7c34ebac4715,CUDA,13040,13000,2026-10-06T07:34:21.201060+00:00,derived,csr-alg2,0,0,,,,5,20,4,true
3,A100-SXM4-80GB-suitesparse_all-fp64-n2-row-major-AlphaSparse-SpMM-CSR-pre-plus-solve,AlphaSparse-SpMM-CSR-best-pre-plus-solve,AlphaSparseLib CSR PER MATRIX BEST,per-matrix-best,AlphaSparse-SpMM-CSR,best,pre-plus-solve,"csr-alg1,csr-alg2,csr-alg3,csr-alg4,csr-alg5",manual-selection,csr,ALPHASPARSE_SPMM_CSR_ALG3,workspace-setup,spmm.csr.fp64,fp64,A100-SXM4-80GB,A100-SXM4-80GB,,9700.0,dd6a9a30-d69d-5ea7-834e-7b0f3242a57c,suitesparse_all,Morandini/rotor2,rotor2,791,791,10685,2,row-major,N,N,1.0,0.0,20260922,main,pass,pass,0,0,42740.0,0.01275,0.0115167997777,0.0242667997777,0.0121542997777,3.711100377272994,1.7612540751778882,3.5164510322854516,0.03825876677601025,0.018157258506988537,0.03625207249778816,AlphaSparse 248af573c867cf4c7e05d40c611c7c34ebac4715,CUDA,13040,13000,2026-10-06T21:08:01.091292+00:00,derived,csr-alg3,0,0,,,,5,20,4,true
3,A100-SXM4-80GB-suitesparse_all-fp64-n2-row-major-AlphaSparse-SpMM-CSR-pre-plus-solve,AlphaSparse-SpMM-CSR-best-pre-plus-solve,AlphaSparseLib CSR PER MATRIX BEST,per-matrix-best,AlphaSparse-SpMM-CSR,best,pre-plus-solve,"csr-alg1,csr-alg2,csr-alg3,csr-alg4,csr-alg5",manual-selection,csr,ALPHASPARSE_SPMM_CSR_ALG5,workspace-setup,spmm.csr.fp64,fp64,A100-SXM4-80GB,A100-SXM4-80GB,,9700.0,005fdebf-9ece-5bc0-9d3c-6fda0356699d,suitesparse_all,Muite/Chebyshev1,Chebyshev1,261,261,2319,2,row-major,N,N,1.0,0.0,20260922,main,pass,pass,0,0,9276.0,0.01348,0.0118271999061,0.0253071999061,0.0125011999061,0.7842938373955958,0.3665360069236317,0.7420087727317877,0.008085503478305112,0.0037787217208621825,0.007649574976616369,AlphaSparse 248af573c867cf4c7e05d40c611c7c34ebac4715,CUDA,13040,13000,2026-10-08T15:34:28.368224+00:00,derived,csr-alg5,0,0,,,,5,20,4,true
3,A100-SXM4-80GB-suitesparse_all-fp64-n2-row-major-AlphaSparse-SpMM-CSR-pre-plus-solve,AlphaSparse-SpMM-CSR-best-pre-plus-solve,AlphaSparseLib CSR PER MATRIX BEST,per-matrix-best,AlphaSparse-SpMM-CSR,best,pre-plus-solve,"csr-alg1,csr-alg2,csr-alg3,csr-alg4,csr-alg5",manual-selection,csr,ALPHASPARSE_SPMM_CSR_ALG5,workspace-setup,spmm.csr.fp64,fp64,A100-SXM4-80GB,A100-SXM4-80GB,,9700.0,d94c6f41-d28e-5f45-abb9-189a8a3b4f78,suitesparse_all,Muite/Chebyshev2,Chebyshev2,2053,2053,18447,2,row-major,N,N,1.0,0.0,20260922,main,pass,pass,0,0,73788.0,0.01268,0.0146687999368,0.0273487999368,0.0153027999368,5.030268346280061,2.6980342892746947,4.821862685570074,0.05185843655958826,0.027814786487367984,0.04970992459350592,AlphaSparse 248af573c867cf4c7e05d40c611c7c34ebac4715,CUDA,13040,13000,2026-10-06T03:36:32.934370+00:00,derived,csr-alg5,0,0,,,,5,20,4,true
3,A100-SXM4-80GB-suitesparse_all-fp64-n2-row-major-AlphaSparse-SpMM-CSR-pre-plus-solve,AlphaSparse-SpMM-CSR-best-pre-plus-solve,AlphaSparseLib CSR PER MATRIX BEST,per-matrix-best,AlphaSparse-SpMM-CSR,best,pre-plus-solve,"csr-alg1,csr-alg2,csr-alg3,csr-alg4,csr-alg5",manual-selection,csr,ALPHASPARSE_SPMM_CSR_ALG5,workspace-setup,spmm.csr.fp64,fp64,A100-SXM4-80GB,A100-SXM4-80GB,,9700.0,018f64fd-81d1-5f6a-986f-7d386c913e5c,suitesparse_all,Muite/Chebyshev3,Chebyshev3,4101,4101,36879,2,row-major,N,N,1.0,0.0,20260922,main,pass,pass,0,0,147516.0,0.01311,0.015513600409,0.028623600409,0.016169100409,9.508817818616796,5.153649362489603,9.123327598231134,0.09802904967646181,0.05313040579886189,0.09405492369310448,AlphaSparse 248af573c867cf4c7e05d40c611c7c34ebac4715,CUDA,13040,13000,2026-10-06T23:12:01.230248+00:00,derived,csr-alg5,0,0,,,,5,20,4,true
3,A100-SXM4-80GB-suitesparse_all-fp64-n2-row-major-AlphaSparse-SpMM-CSR-pre-plus-solve,AlphaSparse-SpMM-CSR-best-pre-plus-solve,AlphaSparseLib CSR PER MATRIX BEST,per-matrix-best,AlphaSparse-SpMM-CSR,best,pre-plus-solve,"csr-alg1,csr-alg2,csr-alg3,csr-alg4,csr-alg5",manual-selection,csr,ALPHASPARSE_SPMM_CSR_ALG1,workspace-setup,spmm.csr.fp64,fp64,A100-SXM4-80GB,A100-SXM4-80GB,,9700.0,005fdebf-9ece-5bc0-9d3c-6fda0356699d,suitesparse_all,Mulvey/finan512,finan512,74752,74752,596992,2,row-major,N,N,1.0,0.0,20260922,main,pass,pass,0,0,2387968.0,0.01437,0.0239104002714,0.0382804002714,0.0246289002714,99.87151920899983,62.38095691449954,96.95796294944594,1.0296032908144312,0.6431026486030881,0.9995666283448036,AlphaSparse 248af573c867cf4c7e05d40c611c7c34ebac4715,CUDA,13040,13000,2026-10-08T13:53:55.300514+00:00,derived,csr-alg1,0,0,,,,5,20,4,true
3,A100-SXM4-80GB-suitesparse_all-fp64-n2-row-major-AlphaSparse-SpMM-CSR-pre-plus-solve,AlphaSparse-SpMM-CSR-best-pre-plus-solve,AlphaSparseLib CSR PER MATRIX BEST,per-matrix-best,AlphaSparse-SpMM-CSR,best,pre-plus-solve,"csr-alg1,csr-alg2,csr-alg3,csr-alg4,csr-alg5",manual-selection,csr,ALPHASPARSE_SPMM_CSR_ALG5,workspace-setup,spmm.csr.fp64,fp64,A100-SXM4-80GB,A100-SXM4-80GB,,9700.0,d94c6f41-d28e-5f45-abb9-189a8a3b4f78,suitesparse_all,Mulvey/pfinan512,pfinan512,74752,74752,596992,2,row-major,N,N,1.0,0.0,20260922,main,pass,pass,0,0,2387968.0,0.01299,0.0270336002111,0.0400236002111,0.0276831002111,88.33333264355592,59.66399792634671,86.260858855776,0.910652913851092,0.6150927621272857,0.8892872046987216,AlphaSparse 248af573c867cf4c7e05d40c611c7c34ebac4715,CUDA,13040,13000,2026-10-06T03:32:58.890349+00:00,derived,csr-alg5,0,0,,,,5,20,4,true
3,A100-SXM4-80GB-suitesparse_all-fp64-n2-row-major-AlphaSparse-SpMM-CSR-pre-plus-solve,AlphaSparse-SpMM-CSR-best-pre-plus-solve,AlphaSparseLib CSR PER MATRIX BEST,per-matrix-best,AlphaSparse-SpMM-CSR,best,pre-plus-solve,"csr-alg1,csr-alg2,csr-alg3,csr-alg4,csr-alg5",manual-selection,csr,ALPHASPARSE_SPMM_CSR_ALG3,workspace-setup,spmm.csr.fp64,fp64,A100-SXM4-80GB,A100-SXM4-80GB,,9700.0,a0827285-e98d-55a9-b486-73107367c8f5,suitesparse_all,Mycielski/mycielskian10,mycielskian10,767,767,44392,2,row-major,N,N,1.0,0.0,20260922,main,pass,pass,0,0,177568.0,0.01591,0.0147967994213,0.0307067994213,0.0155922994213,12.000432995286182,5.782693193248549,11.388185616640458,0.12371580407511529,0.059615393744830394,0.11740397542928306,AlphaSparse 248af573c867cf4c7e05d40c611c7c34ebac4715,CUDA,13040,13000,2026-10-06T08:22:57.228887+00:00,derived,csr-alg3,0,0,,,,5,20,4,true
3,A100-SXM4-80GB-suitesparse_all-fp64-n2-row-major-AlphaSparse-SpMM-CSR-pre-plus-solve,AlphaSparse-SpMM-CSR-best-pre-plus-solve,AlphaSparseLib CSR PER MATRIX BEST,per-matrix-best,AlphaSparse-SpMM-CSR,best,pre-plus-solve,"csr-alg1,csr-alg2,csr-alg3,csr-alg4,csr-alg5",manual-selection,csr,ALPHASPARSE_SPMM_CSR_ALG5,workspace-setup,spmm.csr.fp64,fp64,A100-SXM4-80GB,A100-SXM4-80GB,,9700.0,dd6a9a30-d69d-5ea7-834e-7b0f3242a57c,suitesparse_all,Mycielski/mycielskian11,mycielskian11,1535,1535,134710,2,row-major,N,N,1.0,0.0,20260922,main,pass,pass,0,0,538840.0,0.01363,0.0164864003658,0.0301164003658,0.0171679003658,32.683908436300605,17.891912494691876,31.38648224411983,0.3369475096525836,0.18445270613084408,0.32357198189814257,AlphaSparse 248af573c867cf4c7e05d40c611c7c34ebac4715,CUDA,13040,13000,2026-10-06T22:36:34.588543+00:00,derived,csr-alg5,0,0,,,,5,20,4,true
3,A100-SXM4-80GB-suitesparse_all-fp64-n2-row-major-AlphaSparse-SpMM-CSR-pre-plus-solve,AlphaSparse-SpMM-CSR-best-pre-plus-solve,AlphaSparseLib CSR PER MATRIX BEST,per-matrix-best,AlphaSparse-SpMM-CSR,best,pre-plus-solve,"csr-alg1,csr-alg2,csr-alg3,csr-alg4,csr-alg5",manual-selection,csr,ALPHASPARSE_SPMM_CSR_ALG5,workspace-setup,spmm.csr.fp64,fp64,A100-SXM4-80GB,A100-SXM4-80GB,,9700.0,005fdebf-9ece-5bc0-9d3c-6fda0356699d,suitesparse_all,Mycielski/mycielskian12,mycielskian12,3071,3071,407200,2,row-major,N,N,1.0,0.0,20260922,main,pass,pass,0,0,1628800.0,0.01387,0.0239616006613,0.0378316006613,0.0246551006613,67.97542547441954,43.053954142262555,66.063409043657,0.7007775822105107,0.44385519734291295,0.6810660726150206,AlphaSparse 248af573c867cf4c7e05d40c611c7c34ebac4715,CUDA,13040,13000,2026-10-08T15:45:17.149291+00:00,derived,csr-alg5,0,0,,,,5,20,4,true
3,A100-SXM4-80GB-suitesparse_all-fp64-n2-row-major-AlphaSparse-SpMM-CSR-pre-plus-solve,AlphaSparse-SpMM-CSR-best-pre-plus-solve,AlphaSparseLib CSR PER MATRIX BEST,per-matrix-best,AlphaSparse-SpMM-CSR,best,pre-plus-solve,"csr-alg1,csr-alg2,csr-alg3,csr-alg4,csr-alg5",manual-selection,csr,ALPHASPARSE_SPMM_CSR_ALG5,workspace-setup,spmm.csr.fp64,fp64,A100-SXM4-80GB,A100-SXM4-80GB,,9700.0,d94c6f41-d28e-5f45-abb9-189a8a3b4f78,suitesparse_all,Mycielski/mycielskian13,mycielskian13,6143,6143,1227742,2,row-major,N,N,1.0,0.0,20260922,main,pass,pass,0,0,4910968.0,0.01894,0.0466944009066,0.0656344009066,0.0476414009066,105.17252399967855,74.8230795461739,103.08193937512151,1.084252824738954,0.771371954084267,1.0627004059290877,AlphaSparse 248af573c867cf4c7e05d40c611c7c34ebac4715,CUDA,13040,13000,2026-10-06T03:53:13.757580+00:00,derived,csr-alg5,0,0,,,,5,20,4,true
3,A100-SXM4-80GB-suitesparse_all-fp64-n2-row-major-AlphaSparse-SpMM-CSR-pre-plus-solve,AlphaSparse-SpMM-CSR-best-pre-plus-solve,AlphaSparseLib CSR PER MATRIX BEST,per-matrix-best,AlphaSparse-SpMM-CSR,best,pre-plus-solve,"csr-alg1,csr-alg2,csr-alg3,csr-alg4,csr-alg5",manual-selection,csr,ALPHASPARSE_SPMM_CSR_ALG5,workspace-setup,spmm.csr.fp64,fp64,A100-SXM4-80GB,A100-SXM4-80GB,,9700.0,018f64fd-81d1-5f6a-986f-7d386c913e5c,suitesparse_all,Mycielski/mycielskian14,mycielskian14,12287,12287,3695512,2,row-major,N,N,1.0,0.0,20260922,main,pass,pass,0,0,14782048.0,0.01907,0.130304002762,0.149374002762,0.131257502762,113.44277755610764,98.95997781857982,112.61868989541306,1.169513170681522,1.0202059568925754,1.1610174216021965,AlphaSparse 248af573c867cf4c7e05d40c611c7c34ebac4715,CUDA,13040,13000,2026-10-06T23:20:14.028947+00:00,derived,csr-alg5,0,0,,,,5,20,4,true
3,A100-SXM4-80GB-suitesparse_all-fp64-n2-row-major-AlphaSparse-SpMM-CSR-pre-plus-solve,AlphaSparse-SpMM-CSR-best-pre-plus-solve,AlphaSparseLib CSR PER MATRIX BEST,per-matrix-best,AlphaSparse-SpMM-CSR,best,pre-plus-solve,"csr-alg1,csr-alg2,csr-alg3,csr-alg4,csr-alg5",manual-selection,csr,ALPHASPARSE_SPMM_CSR_ALG5,workspace-setup,spmm.csr.fp64,fp64,A100-SXM4-80GB,A100-SXM4-80GB,,9700.0,752b02ae-c4ef-54eb-ad5c-0957985c94ee,suitesparse_all,Mycielski/mycielskian16,mycielskian16,49151,49151,33382480,2,row-major,N,N,1.0,0.0,20260922,main,pass,pass,0,0,133529920.0,0.20113,1.11805438995,1.31918438995,1.12811088995,119.43061196331561,101.22157373698235,118.36595248709841,1.2312434223022228,1.043521378731777,1.2202675514133856,AlphaSparse 248af573c867cf4c7e05d40c611c7c34ebac4715,CUDA,13040,13000,2026-10-08T08:16:55.973085+00:00,derived,csr-alg5,0,0,,,,5,20,4,true
3,A100-SXM4-80GB-suitesparse_all-fp64-n2-row-major-AlphaSparse-SpMM-CSR-pre-plus-solve,AlphaSparse-SpMM-CSR-best-pre-plus-solve,AlphaSparseLib CSR PER MATRIX BEST,per-matrix-best,AlphaSparse-SpMM-CSR,best,pre-plus-solve,"csr-alg1,csr-alg2,csr-alg3,csr-alg4,csr-alg5",manual-selection,csr,ALPHASPARSE_SPMM_CSR_ALG5,workspace-setup,spmm.csr.fp64,fp64,A100-SXM4-80GB,A100-SXM4-80GB,,9700.0,152f8cc9-7213-5fba-8430-8cd9341fa530,suitesparse_all,Mycielski/mycielskian17,mycielskian17,98303,98303,100245742,2,row-major,N,N,1.0,0.0,20260922,main,pass,pass,0,0,400982968.0,3.333072,3.36537590027,6.69844790027,3.53202950027,119.14953333083226,59.86207162764336,113.52763842129504,1.2283457044415695,0.6171347590478697,1.1703880249618044,AlphaSparse 248af573c867cf4c7e05d40c611c7c34ebac4715,CUDA,13040,13000,2026-10-08T02:33:51.555131+00:00,derived,csr-alg5,0,0,,,,5,20,4,true
3,A100-SXM4-80GB-suitesparse_all-fp64-n2-row-major-AlphaSparse-SpMM-CSR-pre-plus-solve,AlphaSparse-SpMM-CSR-best-pre-plus-solve,AlphaSparseLib CSR PER MATRIX BEST,per-matrix-best,AlphaSparse-SpMM-CSR,best,pre-plus-solve,"csr-alg1,csr-alg2,csr-alg3,csr-alg4,csr-alg5",manual-selection,csr,ALPHASPARSE_SPMM_CSR_ALG5,workspace-setup,spmm.csr.fp64,fp64,A100-SXM4-80GB,A100-SXM4-80GB,,9700.0,a0827285-e98d-55a9-b486-73107367c8f5,suitesparse_all,Mycielski/mycielskian18,mycielskian18,196607,196607,300933832,2,row-major,N,N,1.0,0.0,20260922,main,pass,pass,0,0,1203735328.0,0.36784,8.48967666626,8.85751666626,8.50806866626,141.7881240146555,135.89986599576622,141.48161882773582,1.4617332372644896,1.4010295463481053,1.458573389976658,AlphaSparse 248af573c867cf4c7e05d40c611c7c34ebac4715,CUDA,13040,13000,2026-10-06T09:19:48.734511+00:00,derived,csr-alg5,0,0,,,,5,20,4,true
3,A100-SXM4-80GB-suitesparse_all-fp64-n2-row-major-AlphaSparse-SpMM-CSR-pre-plus-solve,AlphaSparse-SpMM-CSR-best-pre-plus-solve,AlphaSparseLib CSR PER MATRIX BEST,per-matrix-best,AlphaSparse-SpMM-CSR,best,pre-plus-solve,"csr-alg1,csr-alg2,csr-alg3,csr-alg4,csr-alg5",manual-selection,csr,ALPHASPARSE_SPMM_CSR_ALG5,workspace-setup,spmm.csr.fp64,fp64,A100-SXM4-80GB,A100-SXM4-80GB,,9700.0,dd6a9a30-d69d-5ea7-834e-7b0f3242a57c,suitesparse_all,Mycielski/mycielskian19,mycielskian19,393215,393215,903194710,2,row-major,N,N,1.0,0.0,20260922,main,pass,pass,0,0,3612778840.0,0.50608,25.4873092651,25.9933892651,25.5126132651,141.74814620180447,138.98837135681626,141.60755711145057,1.4613210948639637,1.4328698078022295,1.4598717227984594,AlphaSparse 248af573c867cf4c7e05d40c611c7c34ebac4715,CUDA,13040,13000,2026-10-06T22:40:01.275756+00:00,derived,csr-alg5,0,0,,,,5,20,4,true
3,A100-SXM4-80GB-suitesparse_all-fp64-n2-row-major-AlphaSparse-SpMM-CSR-pre-plus-solve,AlphaSparse-SpMM-CSR-best-pre-plus-solve,AlphaSparseLib CSR PER MATRIX BEST,per-matrix-best,AlphaSparse-SpMM-CSR,best,pre-plus-solve,"csr-alg1,csr-alg2,csr-alg3,csr-alg4,csr-alg5",manual-selection,csr,ALPHASPARSE_SPMM_CSR_ALG1,workspace-setup,spmm.csr.fp64,fp64,A100-SXM4-80GB,A100-SXM4-80GB,,9700.0,a0827285-e98d-55a9-b486-73107367c8f5,suitesparse_all,Mycielski/mycielskian2,mycielskian2,2,2,2,2,row-major,N,N,1.0,0.0,20260922,main,pass,pass,0,0,8.0,0.01905,0.00373760014772,0.0227876001477,0.00469010014772,0.0021404108743093174,0.0003510681224941301,0.0017057205066056088,2.206609148772492e-05,3.619258994784846e-06,1.758474749077947e-05,AlphaSparse 248af573c867cf4c7e05d40c611c7c34ebac4715,CUDA,13040,13000,2026-10-06T07:26:49.774820+00:00,derived,csr-alg1,0,0,,,,5,20,4,true
3,A100-SXM4-80GB-suitesparse_all-fp64-n2-row-major-AlphaSparse-SpMM-CSR-pre-plus-solve,AlphaSparse-SpMM-CSR-best-pre-plus-solve,AlphaSparseLib CSR PER MATRIX BEST,per-matrix-best,AlphaSparse-SpMM-CSR,best,pre-plus-solve,"csr-alg1,csr-alg2,csr-alg3,csr-alg4,csr-alg5",manual-selection,csr,ALPHASPARSE_SPMM_CSR_ALG1,workspace-setup,spmm.csr.fp64,fp64,A100-SXM4-80GB,A100-SXM4-80GB,,9700.0,dd6a9a30-d69d-5ea7-834e-7b0f3242a57c,suitesparse_all,Mycielski/mycielskian3,mycielskian3,5,5,10,2,row-major,N,N,1.0,0.0,20260922,main,pass,pass,0,0,40.0,0.01208,0.00450560003519,0.0165856000352,0.00510960003519,0.008877840839752483,0.002411730652801652,0.00782840138651138,9.15241323685823e-05,2.48632026062026e-05,8.070516893310701e-05,AlphaSparse 248af573c867cf4c7e05d40c611c7c34ebac4715,CUDA,13040,13000,2026-10-06T20:06:36.522392+00:00,derived,csr-alg1,0,0,,,,5,20,4,true
3,A100-SXM4-80GB-suitesparse_all-fp64-n2-row-major-AlphaSparse-SpMM-CSR-pre-plus-solve,AlphaSparse-SpMM-CSR-best-pre-plus-solve,AlphaSparseLib CSR PER MATRIX BEST,per-matrix-best,AlphaSparse-SpMM-CSR,best,pre-plus-solve,"csr-alg1,csr-alg2,csr-alg3,csr-alg4,csr-alg5",manual-selection,csr,ALPHASPARSE_SPMM_CSR_ALG1,workspace-setup,spmm.csr.fp64,fp64,A100-SXM4-80GB,A100-SXM4-80GB,,9700.0,005fdebf-9ece-5bc0-9d3c-6fda0356699d,suitesparse_all,Mycielski/mycielskian4,mycielskian4,11,11,40,2,row-major,N,N,1.0,0.0,20260922,main,pass,pass,0,0,160.0,0.01351,0.00501759983599,0.018527599836,0.00569309983599,0.03188775614435405,0.008635765097274631,0.028104197117452594,0.00032873975406550566,8.902850615747042e-05,0.0002897339909015731,AlphaSparse 248af573c867cf4c7e05d40c611c7c34ebac4715,CUDA,13040,13000,2026-10-08T14:07:39.825267+00:00,derived,csr-alg1,0,0,,,,5,20,4,true
3,A100-SXM4-80GB-suitesparse_all-fp64-n2-row-major-AlphaSparse-SpMM-CSR-pre-plus-solve,AlphaSparse-SpMM-CSR-best-pre-plus-solve,AlphaSparseLib CSR PER MATRIX BEST,per-matrix-best,AlphaSparse-SpMM-CSR,best,pre-plus-solve,"csr-alg1,csr-alg2,csr-alg3,csr-alg4,csr-alg5",manual-selection,csr,ALPHASPARSE_SPMM_CSR_ALG1,workspace-setup,spmm.csr.fp64,fp64,A100-SXM4-80GB,A100-SXM4-80GB,,9700.0,d94c6f41-d28e-5f45-abb9-189a8a3b4f78,suitesparse_all,Mycielski/mycielskian5,mycielskian5,23,23,142,2,row-major,N,N,1.0,0.0,20260922,main,pass,pass,0,0,568.0,0.01281,0.00592960007489,0.0187396000749,0.00657010007489,0.09579060861208874,0.03031014523948057,0.0864522600151581,0.0009875320475473065,0.00031247572411835636,0.0008912604125274031,AlphaSparse 248af573c867cf4c7e05d40c611c7c34ebac4715,CUDA,13040,13000,2026-10-06T02:10:19.412451+00:00,derived,csr-alg1,0,0,,,,5,20,4,true
3,A100-SXM4-80GB-suitesparse_all-fp64-n2-row-major-AlphaSparse-SpMM-CSR-pre-plus-solve,AlphaSparse-SpMM-CSR-best-pre-plus-solve,AlphaSparseLib CSR PER MATRIX BEST,per-matrix-best,AlphaSparse-SpMM-CSR,best,pre-plus-solve,"csr-alg1,csr-alg2,csr-alg3,csr-alg4,csr-alg5",manual-selection,csr,ALPHASPARSE_SPMM_CSR_ALG1,workspace-setup,spmm.csr.fp64,fp64,A100-SXM4-80GB,A100-SXM4-80GB,,9700.0,018f64fd-81d1-5f6a-986f-7d386c913e5c,suitesparse_all,Mycielski/mycielskian6,mycielskian6,47,47,472,2,row-major,N,N,1.0,0.0,20260922,main,pass,pass,0,0,1888.0,0.01552,0.00844800025225,0.0239680002522,0.00922400025225,0.22348484181178369,0.07877169476526112,0.20468342892114105,0.0023039674413585947,0.0008120793274769188,0.0021101384424859902,AlphaSparse 248af573c867cf4c7e05d40c611c7c34ebac4715,CUDA,13040,13000,2026-10-06T20:39:49.551813+00:00,derived,csr-alg1,0,0,,,,5,20,4,true
3,A100-SXM4-80GB-suitesparse_all-fp64-n2-row-major-AlphaSparse-SpMM-CSR-pre-plus-solve,AlphaSparse-SpMM-CSR-best-pre-plus-solve,AlphaSparseLib CSR PER MATRIX BEST,per-matrix-best,AlphaSparse-SpMM-CSR,best,pre-plus-solve,"csr-alg1,csr-alg2,csr-alg3,csr-alg4,csr-alg5",manual-selection,csr,ALPHASPARSE_SPMM_CSR_ALG5,workspace-setup,spmm.csr.fp64,fp64,A100-SXM4-80GB,A100-SXM4-80GB,,9700.0,752b02ae-c4ef-54eb-ad5c-0957985c94ee,suitesparse_all,Mycielski/mycielskian8,mycielskian8,191,191,4720,2,row-major,N,N,1.0,0.0,20260922,main,pass,pass,0,0,18880.0,0.01161,0.0135680004954,0.0251780004954,0.0141485004954,1.3915093831549417,0.7498609749987637,1.3344170292914306,0.014345457558298367,0.007730525515451172,0.013756876590633306,AlphaSparse 248af573c867cf4c7e05d40c611c7c34ebac4715,CUDA,13040,13000,2026-10-08T08:16:48.490238+00:00,derived,csr-alg5,0,0,,,,5,20,4,true
3,A100-SXM4-80GB-suitesparse_all-fp64-n2-row-major-AlphaSparse-SpMM-CSR-pre-plus-solve,AlphaSparse-SpMM-CSR-best-pre-plus-solve,AlphaSparseLib CSR PER MATRIX BEST,per-matrix-best,AlphaSparse-SpMM-CSR,best,pre-plus-solve,"csr-alg1,csr-alg2,csr-alg3,csr-alg4,csr-alg5",manual-selection,csr,ALPHASPARSE_SPMM_CSR_ALG2,workspace-setup,spmm.csr.fp64,fp64,A100-SXM4-80GB,A100-SXM4-80GB,,9700.0,152f8cc9-7213-5fba-8430-8cd9341fa530,suitesparse_all,Mycielski/mycielskian9,mycielskian9,383,383,14542,2,row-major,N,N,1.0,0.0,20260922,main,pass,pass,0,0,58168.0,0.02005,0.0133120000362,0.0333620000362,0.0143145000362,4.3695913342713935,1.7435405532307366,4.063571892339843,0.04504733334300406,0.01797464487866739,0.041892493735462305,AlphaSparse 248af573c867cf4c7e05d40c611c7c34ebac4715,CUDA,13040,13000,2026-10-07T23:36:24.405429+00:00,derived,csr-alg2,0,0,,,,5,20,4,true
3,A100-SXM4-80GB-suitesparse_all-fp64-n2-row-major-AlphaSparse-SpMM-CSR-pre-plus-solve,AlphaSparse-SpMM-CSR-best-pre-plus-solve,AlphaSparseLib CSR PER MATRIX BEST,per-matrix-best,AlphaSparse-SpMM-CSR,best,pre-plus-solve,"csr-alg1,csr-alg2,csr-alg3,csr-alg4,csr-alg5",manual-selection,csr,ALPHASPARSE_SPMM_CSR_ALG1,workspace-setup,spmm.csr.fp64,fp64,A100-SXM4-80GB,A100-SXM4-80GB,,9700.0,018f64fd-81d1-5f6a-986f-7d386c913e5c,suitesparse_all,Nasa/barth,barth,6691,6691,26439,2,row-major,N,N,1.0,0.0,20260922,main,pass,pass,0,0,105756.0,0.014611,0.00829439982772,0.0229053998277,0.00902494982772,12.750289616683535,4.61707723050121,11.71818148785404,0.13144628470807768,0.04759873433506402,0.12080599472014474,AlphaSparse 248af573c867cf4c7e05d40c611c7c34ebac4715,CUDA,13040,13000,2026-10-06T20:26:47.280059+00:00,derived,csr-alg1,0,0,,,,5,20,4,true
3,A100-SXM4-80GB-suitesparse_all-fp64-n2-row-major-AlphaSparse-SpMM-CSR-pre-plus-solve,AlphaSparse-SpMM-CSR-best-pre-plus-solve,AlphaSparseLib CSR PER MATRIX BEST,per-matrix-best,AlphaSparse-SpMM-CSR,best,pre-plus-solve,"csr-alg1,csr-alg2,csr-alg3,csr-alg4,csr-alg5",manual-selection,csr,ALPHASPARSE_SPMM_CSR_ALG1,workspace-setup,spmm.csr.fp64,fp64,A100-SXM4-80GB,A100-SXM4-80GB,,9700.0,752b02ae-c4ef-54eb-ad5c-0957985c94ee,suitesparse_all,Nasa/barth5,barth5,15606,15606,61484,2,row-major,N,N,1.0,0.0,20260922,main,pass,pass,0,0,245936.0,0.01708,0.00691199973226,0.0239919997323,0.00776599973226,35.58101989676827,10.250750364460066,31.668298799751522,0.36681463811101306,0.10567783880886666,0.3264773072139332,AlphaSparse 248af573c867cf4c7e05d40c611c7c34ebac4715,CUDA,13040,13000,2026-10-08T03:32:07.510349+00:00,derived,csr-alg1,0,0,,,,5,20,4,true
3,A100-SXM4-80GB-suitesparse_all-fp64-n2-row-major-AlphaSparse-SpMM-CSR-pre-plus-solve,AlphaSparse-SpMM-CSR-best-pre-plus-solve,AlphaSparseLib CSR PER MATRIX BEST,per-matrix-best,AlphaSparse-SpMM-CSR,best,pre-plus-solve,"csr-alg1,csr-alg2,csr-alg3,csr-alg4,csr-alg5",manual-selection,csr,ALPHASPARSE_SPMM_CSR_ALG5,workspace-setup,spmm.csr.fp64,fp64,A100-SXM4-80GB,A100-SXM4-80GB,,9700.0,152f8cc9-7213-5fba-8430-8cd9341fa530,suitesparse_all,Nasa/nasa1824,nasa1824,1824,1824,39208,2,row-major,N,N,1.0,0.0,20260922,main,pass,pass,0,0,156832.0,0.01763,0.0137216001749,0.0313516001749,0.0146031001749,11.429570749837342,5.002360298201278,10.739637345607264,0.1178306262869829,0.05157072472372452,0.11071791077945632,AlphaSparse 248af573c867cf4c7e05d40c611c7c34ebac4715,CUDA,13040,13000,2026-10-08T02:19:49.204833+00:00,derived,csr-alg5,0,0,,,,5,20,4,true
3,A100-SXM4-80GB-suitesparse_all-fp64-n2-row-major-AlphaSparse-SpMM-CSR-pre-plus-solve,AlphaSparse-SpMM-CSR-best-pre-plus-solve,AlphaSparseLib CSR PER MATRIX BEST,per-matrix-best,AlphaSparse-SpMM-CSR,best,pre-plus-solve,"csr-alg1,csr-alg2,csr-alg3,csr-alg4,csr-alg5",manual-selection,csr,ALPHASPARSE_SPMM_CSR_ALG1,workspace-setup,spmm.csr.fp64,fp64,A100-SXM4-80GB,A100-SXM4-80GB,,9700.0,a0827285-e98d-55a9-b486-73107367c8f5,suitesparse_all,Nasa/nasa2146,nasa2146,2146,2146,72250,2,row-major,N,N,1.0,0.0,20260922,main,pass,pass,0,0,289000.0,0.01839,0.011711999774,0.030101999774,0.012631499774,24.675546924237842,9.600691056067909,22.879310071703603,0.25438708169317364,0.09897619645430834,0.23586917599694437,AlphaSparse 248af573c867cf4c7e05d40c611c7c34ebac4715,CUDA,13040,13000,2026-10-06T07:04:28.686974+00:00,derived,csr-alg1,0,0,,,,5,20,4,true
3,A100-SXM4-80GB-suitesparse_all-fp64-n2-row-major-AlphaSparse-SpMM-CSR-pre-plus-solve,AlphaSparse-SpMM-CSR-best-pre-plus-solve,AlphaSparseLib CSR PER MATRIX BEST,per-matrix-best,AlphaSparse-SpMM-CSR,best,pre-plus-solve,"csr-alg1,csr-alg2,csr-alg3,csr-alg4,csr-alg5",manual-selection,csr,ALPHASPARSE_SPMM_CSR_ALG5,workspace-setup,spmm.csr.fp64,fp64,A100-SXM4-80GB,A100-SXM4-80GB,,9700.0,dd6a9a30-d69d-5ea7-834e-7b0f3242a57c,suitesparse_all,Nasa/nasa2910,nasa2910,2910,2910,174296,2,row-major,N,N,1.0,0.0,20260922,main,pass,pass,0,0,697184.0,0.013611,0.016128000617,0.029739000617,0.016808550617,43.22817294941824,23.44342397307937,41.47793678860538,0.44565126751977563,0.24168478322762238,0.4276075957588184,AlphaSparse 248af573c867cf4c7e05d40c611c7c34ebac4715,CUDA,13040,13000,2026-10-06T22:21:01.137021+00:00,derived,csr-alg5,0,0,,,,5,20,4,true
3,A100-SXM4-80GB-suitesparse_all-fp64-n2-row-major-AlphaSparse-SpMM-CSR-pre-plus-solve,AlphaSparse-SpMM-CSR-best-pre-plus-solve,AlphaSparseLib CSR PER MATRIX BEST,per-matrix-best,AlphaSparse-SpMM-CSR,best,pre-plus-solve,"csr-alg1,csr-alg2,csr-alg3,csr-alg4,csr-alg5",manual-selection,csr,ALPHASPARSE_SPMM_CSR_ALG2,workspace-setup,spmm.csr.fp64,fp64,A100-SXM4-80GB,A100-SXM4-80GB,,9700.0,005fdebf-9ece-5bc0-9d3c-6fda0356699d,suitesparse_all,Nasa/nasa4704,nasa4704,4704,4704,104756,2,row-major,N,N,1.0,0.0,20260922,main,pass,pass,0,0,419024.0,0.01268,0.0130048006773,0.0256848006773,0.0136388006773,32.22071682585726,16.314084164582585,30.72293597613833,0.3321723384108996,0.1681864346864184,0.3167312987230756,AlphaSparse 248af573c867cf4c7e05d40c611c7c34ebac4715,CUDA,13040,13000,2026-10-08T14:20:05.135090+00:00,derived,csr-alg2,0,0,,,,5,20,4,true
3,A100-SXM4-80GB-suitesparse_all-fp64-n2-row-major-AlphaSparse-SpMM-CSR-pre-plus-solve,AlphaSparse-SpMM-CSR-best-pre-plus-solve,AlphaSparseLib CSR PER MATRIX BEST,per-matrix-best,AlphaSparse-SpMM-CSR,best,pre-plus-solve,"csr-alg1,csr-alg2,csr-alg3,csr-alg4,csr-alg5",manual-selection,csr,ALPHASPARSE_SPMM_CSR_ALG5,workspace-setup,spmm.csr.fp64,fp64,A100-SXM4-80GB,A100-SXM4-80GB,,9700.0,d94c6f41-d28e-5f45-abb9-189a8a3b4f78,suitesparse_all,Nasa/nasasrb,nasasrb,54870,54870,2677324,2,row-major,N,N,1.0,0.0,20260922,main,pass,pass,0,0,10709296.0,0.01678,0.0769024014473,0.0936824014473,0.0777414014473,139.25827800499718,114.31491757845679,137.75537616542337,1.4356523505669814,1.178504304932544,1.4201585171693132,AlphaSparse 248af573c867cf4c7e05d40c611c7c34ebac4715,CUDA,13040,13000,2026-10-06T03:33:01.135548+00:00,derived,csr-alg5,0,0,,,,5,20,4,true
3,A100-SXM4-80GB-suitesparse_all-fp64-n2-row-major-AlphaSparse-SpMM-CSR-pre-plus-solve,AlphaSparse-SpMM-CSR-best-pre-plus-solve,AlphaSparseLib CSR PER MATRIX BEST,per-matrix-best,AlphaSparse-SpMM-CSR,best,pre-plus-solve,"csr-alg1,csr-alg2,csr-alg3,csr-alg4,csr-alg5",manual-selection,csr,ALPHASPARSE_SPMM_CSR_ALG1,workspace-setup,spmm.csr.fp64,fp64,A100-SXM4-80GB,A100-SXM4-80GB,,9700.0,018f64fd-81d1-5f6a-986f-7d386c913e5c,suitesparse_all,Nasa/pwt,pwt,36519,36519,326107,2,row-major,N,N,1.0,0.0,20260922,main,pass,pass,0,0,1304428.0,0.01754,0.0104960002005,0.0280360002005,0.0113730002005,124.2785799430397,46.526893660699024,114.69515317010655,1.2812224736395845,0.4796586975329796,1.1824242594856345,AlphaSparse 248af573c867cf4c7e05d40c611c7c34ebac4715,CUDA,13040,13000,2026-10-06T20:26:47.976427+00:00,derived,csr-alg1,0,0,,,,5,20,4,true
3,A100-SXM4-80GB-suitesparse_all-fp64-n2-row-major-AlphaSparse-SpMM-CSR-pre-plus-solve,AlphaSparse-SpMM-CSR-best-pre-plus-solve,AlphaSparseLib CSR PER MATRIX BEST,per-matrix-best,AlphaSparse-SpMM-CSR,best,pre-plus-solve,"csr-alg1,csr-alg2,csr-alg3,csr-alg4,csr-alg5",manual-selection,csr,ALPHASPARSE_SPMM_CSR_ALG5,workspace-setup,spmm.csr.fp64,fp64,A100-SXM4-80GB,A100-SXM4-80GB,,9700.0,752b02ae-c4ef-54eb-ad5c-0957985c94ee,suitesparse_all,Nasa/skirt,skirt,12598,12598,196520,2,row-major,N,N,1.0,0.0,20260922,main,pass,pass,0,0,786080.0,0.01423,0.0161791995168,0.0304091995168,0.0168906995168,48.58584005863565,25.850072099586797,46.539221138718446,0.5008849490580994,0.26649558865553397,0.4797857849352417,AlphaSparse 248af573c867cf4c7e05d40c611c7c34ebac4715,CUDA,13040,13000,2026-10-08T07:56:24.470450+00:00,derived,csr-alg5,0,0,,,,5,20,4,true
3,A100-SXM4-80GB-suitesparse_all-fp64-n2-row-major-AlphaSparse-SpMM-CSR-pre-plus-solve,AlphaSparse-SpMM-CSR-best-pre-plus-solve,AlphaSparseLib CSR PER MATRIX BEST,per-matrix-best,AlphaSparse-SpMM-CSR,best,pre-plus-solve,"csr-alg1,csr-alg2,csr-alg3,csr-alg4,csr-alg5",manual-selection,csr,ALPHASPARSE_SPMM_CSR_ALG1,workspace-setup,spmm.csr.fp64,fp64,A100-SXM4-80GB,A100-SXM4-80GB,,9700.0,018f64fd-81d1-5f6a-986f-7d386c913e5c,suitesparse_all,ND/nd12k,nd12k,36000,36000,14220946,2,row-major,N,N,1.0,0.0,20260922,main,pass,pass,0,0,56883784.0,0.03634,0.324607992172,0.360947992172,0.326424992172,175.23839637891294,157.5955130203178,174.26295585243292,1.8065814059681746,1.6246960105187402,1.796525318066319,AlphaSparse 248af573c867cf4c7e05d40c611c7c34ebac4715,CUDA,13040,13000,2026-10-06T20:27:29.104098+00:00,derived,csr-alg1,0,0,,,,5,20,4,true
3,A100-SXM4-80GB-suitesparse_all-fp64-n2-row-major-AlphaSparse-SpMM-CSR-pre-plus-solve,AlphaSparse-SpMM-CSR-best-pre-plus-solve,AlphaSparseLib CSR PER MATRIX BEST,per-matrix-best,AlphaSparse-SpMM-CSR,best,pre-plus-solve,"csr-alg1,csr-alg2,csr-alg3,csr-alg4,csr-alg5",manual-selection,csr,ALPHASPARSE_SPMM_CSR_ALG5,workspace-setup,spmm.csr.fp64,fp64,A100-SXM4-80GB,A100-SXM4-80GB,,9700.0,005fdebf-9ece-5bc0-9d3c-6fda0356699d,suitesparse_all,ND/nd3k,nd3k,9000,9000,3279690,2,row-major,N,N,1.0,0.0,20260922,main,pass,pass,0,0,13118760.0,0.01899,0.114688003063,0.133678003063,0.115637503063,114.3865064316592,98.13701356548069,113.44727837000097,1.1792423343470022,1.0117217893348525,1.1695595708247524,AlphaSparse 248af573c867cf4c7e05d40c611c7c34ebac4715,CUDA,13040,13000,2026-10-08T15:31:51.915827+00:00,derived,csr-alg5,0,0,,,,5,20,4,true
3,A100-SXM4-80GB-suitesparse_all-fp64-n2-row-major-AlphaSparse-SpMM-CSR-pre-plus-solve,AlphaSparse-SpMM-CSR-best-pre-plus-solve,AlphaSparseLib CSR PER MATRIX BEST,per-matrix-best,AlphaSparse-SpMM-CSR,best,pre-plus-solve,"csr-alg1,csr-alg2,csr-alg3,csr-alg4,csr-alg5",manual-selection,csr,ALPHASPARSE_SPMM_CSR_ALG5,workspace-setup,spmm.csr.fp64,fp64,A100-SXM4-80GB,A100-SXM4-80GB,,9700.0,d94c6f41-d28e-5f45-abb9-189a8a3b4f78,suitesparse_all,ND/nd6k,nd6k,18000,18000,6897316,2,row-major,N,N,1.0,0.0,20260922,main,pass,pass,0,0,27589264.0,0.03468,0.233369588852,0.268049588852,0.235103588852,118.22133353243707,102.92597022125278,117.34939536532431,1.2187766343550213,1.0610924765077607,1.2097875810858176,AlphaSparse 248af573c867cf4c7e05d40c611c7c34ebac4715,CUDA,13040,13000,2026-10-06T03:33:35.281255+00:00,derived,csr-alg5,0,0,,,,5,20,4,true
3,A100-SXM4-80GB-suitesparse_all-fp64-n2-row-major-AlphaSparse-SpMM-CSR-pre-plus-solve,AlphaSparse-SpMM-CSR-best-pre-plus-solve,AlphaSparseLib CSR PER MATRIX BEST,per-matrix-best,AlphaSparse-SpMM-CSR,best,pre-plus-solve,"csr-alg1,csr-alg2,csr-alg3,csr-alg4,csr-alg5",manual-selection,csr,ALPHASPARSE_SPMM_CSR_ALG3,workspace-setup,spmm.csr.fp64,fp64,A100-SXM4-80GB,A100-SXM4-80GB,,9700.0,018f64fd-81d1-5f6a-986f-7d386c913e5c,suitesparse_all,Negre/dendrimer,dendrimer,730,730,63024,2,row-major,N,N,1.0,0.0,20260922,main,pass,pass,0,0,252096.0,0.01325,0.0156159996986,0.0288659996986,0.0162784996986,16.14344293453085,8.733319567388017,15.486439454962857,0.1664272467477407,0.09003422234420635,0.1596540149996171,AlphaSparse 248af573c867cf4c7e05d40c611c7c34ebac4715,CUDA,13040,13000,2026-10-06T22:26:56.823413+00:00,derived,csr-alg3,0,0,,,,5,20,4,true
3,A100-SXM4-80GB-suitesparse_all-fp64-n2-row-major-AlphaSparse-SpMM-CSR-pre-plus-solve,AlphaSparse-SpMM-CSR-best-pre-plus-solve,AlphaSparseLib CSR PER MATRIX BEST,per-matrix-best,AlphaSparse-SpMM-CSR,best,pre-plus-solve,"csr-alg1,csr-alg2,csr-alg3,csr-alg4,csr-alg5",manual-selection,csr,ALPHASPARSE_SPMM_CSR_ALG5,workspace-setup,spmm.csr.fp64,fp64,A100-SXM4-80GB,A100-SXM4-80GB,,9700.0,152f8cc9-7213-5fba-8430-8cd9341fa530,suitesparse_all,Nemeth/nemeth01,nemeth01,9506,9506,725054,2,row-major,N,N,1.0,0.0,20260922,main,pass,pass,0,0,2900216.0,0.02128,0.0279552012682,0.0492352012682,0.0290192012682,103.7451303668164,58.90533450247494,99.94127588818692,1.0695374264620245,0.6072714897162366,1.0303224318369786,AlphaSparse 248af573c867cf4c7e05d40c611c7c34ebac4715,CUDA,13040,13000,2026-10-08T02:19:50.115150+00:00,derived,csr-alg5,0,0,,,,5,20,4,true
3,A100-SXM4-80GB-suitesparse_all-fp64-n2-row-major-AlphaSparse-SpMM-CSR-pre-plus-solve,AlphaSparse-SpMM-CSR-best-pre-plus-solve,AlphaSparseLib CSR PER MATRIX BEST,per-matrix-best,AlphaSparse-SpMM-CSR,best,pre-plus-solve,"csr-alg1,csr-alg2,csr-alg3,csr-alg4,csr-alg5",manual-selection,csr,ALPHASPARSE_SPMM_CSR_ALG1,workspace-setup,spmm.csr.fp64,fp64,A100-SXM4-80GB,A100-SXM4-80GB,,9700.0,a0827285-e98d-55a9-b486-73107367c8f5,suitesparse_all,Nemeth/nemeth02,nemeth02,9506,9506,394808,2,row-major,N,N,1.0,0.0,20260922,main,pass,pass,0,0,1579232.0,0.01908,0.0160656005144,0.0351456005144,0.0170196005144,98.29897105834884,44.93398823425852,92.78901691398914,1.013391454209782,0.46323699210575797,0.9565878032370014,AlphaSparse 248af573c867cf4c7e05d40c611c7c34ebac4715,CUDA,13040,13000,2026-10-06T07:04:29.656494+00:00,derived,csr-alg1,0,0,,,,5,20,4,true
3,A100-SXM4-80GB-suitesparse_all-fp64-n2-row-major-AlphaSparse-SpMM-CSR-pre-plus-solve,AlphaSparse-SpMM-CSR-best-pre-plus-solve,AlphaSparseLib CSR PER MATRIX BEST,per-matrix-best,AlphaSparse-SpMM-CSR,best,pre-plus-solve,"csr-alg1,csr-alg2,csr-alg3,csr-alg4,csr-alg5",manual-selection,csr,ALPHASPARSE_SPMM_CSR_ALG1,workspace-setup,spmm.csr.fp64,fp64,A100-SXM4-80GB,A100-SXM4-80GB,,9700.0,dd6a9a30-d69d-5ea7-834e-7b0f3242a57c,suitesparse_all,Nemeth/nemeth03,nemeth03,9506,9506,394808,2,row-major,N,N,1.0,0.0,20260922,main,pass,pass,0,0,1579232.0,0.014451,0.0190975993872,0.0335485993872,0.0198201493872,82.69269702340004,47.07296366603412,79.67810782596219,0.8525020311690726,0.48528828521684664,0.8214237920202286,AlphaSparse 248af573c867cf4c7e05d40c611c7c34ebac4715,CUDA,13040,13000,2026-10-06T19:49:47.441408+00:00,derived,csr-alg1,0,0,,,,5,20,4,true
3,A100-SXM4-80GB-suitesparse_all-fp64-n2-row-major-AlphaSparse-SpMM-CSR-pre-plus-solve,AlphaSparse-SpMM-CSR-best-pre-plus-solve,AlphaSparseLib CSR PER MATRIX BEST,per-matrix-best,AlphaSparse-SpMM-CSR,best,pre-plus-solve,"csr-alg1,csr-alg2,csr-alg3,csr-alg4,csr-alg5",manual-selection,csr,ALPHASPARSE_SPMM_CSR_ALG5,workspace-setup,spmm.csr.fp64,fp64,A100-SXM4-80GB,A100-SXM4-80GB,,9700.0,005fdebf-9ece-5bc0-9d3c-6fda0356699d,suitesparse_all,Nemeth/nemeth04,nemeth04,9506,9506,394808,2,row-major,N,N,1.0,0.0,20260922,main,pass,pass,0,0,1579232.0,0.01538,0.0205311998725,0.0359111998725,0.0213001998725,76.91864137542505,43.97602991843613,74.14165169590241,0.7929756842827325,0.45336113317975396,0.7643469247000249,AlphaSparse 248af573c867cf4c7e05d40c611c7c34ebac4715,CUDA,13040,13000,2026-10-08T15:31:23.005818+00:00,derived,csr-alg5,0,0,,,,5,20,4,true
3,A100-SXM4-80GB-suitesparse_all-fp64-n2-row-major-AlphaSparse-SpMM-CSR-pre-plus-solve,AlphaSparse-SpMM-CSR-best-pre-plus-solve,AlphaSparseLib CSR PER MATRIX BEST,per-matrix-best,AlphaSparse-SpMM-CSR,best,pre-plus-solve,"csr-alg1,csr-alg2,csr-alg3,csr-alg4,csr-alg5",manual-selection,csr,ALPHASPARSE_SPMM_CSR_ALG5,workspace-setup,spmm.csr.fp64,fp64,A100-SXM4-80GB,A100-SXM4-80GB,,9700.0,d94c6f41-d28e-5f45-abb9-189a8a3b4f78,suitesparse_all,Nemeth/nemeth05,nemeth05,9506,9506,394808,2,row-major,N,N,1.0,0.0,20260922,main,pass,pass,0,0,1579232.0,0.01389,0.0199167996645,0.0338067996645,0.0206112996645,79.29145377782991,46.713442729639006,76.61971955703503,0.8174376678126795,0.4815818838107114,0.7898940160519076,AlphaSparse 248af573c867cf4c7e05d40c611c7c34ebac4715,CUDA,13040,13000,2026-10-06T03:33:02.496906+00:00,derived,csr-alg5,0,0,,,,5,20,4,true
3,A100-SXM4-80GB-suitesparse_all-fp64-n2-row-major-AlphaSparse-SpMM-CSR-pre-plus-solve,AlphaSparse-SpMM-CSR-best-pre-plus-solve,AlphaSparseLib CSR PER MATRIX BEST,per-matrix-best,AlphaSparse-SpMM-CSR,best,pre-plus-solve,"csr-alg1,csr-alg2,csr-alg3,csr-alg4,csr-alg5",manual-selection,csr,ALPHASPARSE_SPMM_CSR_ALG1,workspace-setup,spmm.csr.fp64,fp64,A100-SXM4-80GB,A100-SXM4-80GB,,9700.0,018f64fd-81d1-5f6a-986f-7d386c913e5c,suitesparse_all,Nemeth/nemeth06,nemeth06,9506,9506,394808,2,row-major,N,N,1.0,0.0,20260922,main,pass,pass,0,0,1579232.0,0.01378,0.0189439997077,0.0327239997077,0.0196329997077,83.36317696194345,48.25913745587782,80.43763171761421,0.8594141954839531,0.4975168809884311,0.8292539352331362,AlphaSparse 248af573c867cf4c7e05d40c611c7c34ebac4715,CUDA,13040,13000,2026-10-06T20:26:48.760325+00:00,derived,csr-alg1,0,0,,,,5,20,4,true
3,A100-SXM4-80GB-suitesparse_all-fp64-n2-row-major-AlphaSparse-SpMM-CSR-pre-plus-solve,AlphaSparse-SpMM-CSR-best-pre-plus-solve,AlphaSparseLib CSR PER MATRIX BEST,per-matrix-best,AlphaSparse-SpMM-CSR,best,pre-plus-solve,"csr-alg1,csr-alg2,csr-alg3,csr-alg4,csr-alg5",manual-selection,csr,ALPHASPARSE_SPMM_CSR_ALG5,workspace-setup,spmm.csr.fp64,fp64,A100-SXM4-80GB,A100-SXM4-80GB,,9700.0,752b02ae-c4ef-54eb-ad5c-0957985c94ee,suitesparse_all,Nemeth/nemeth08,nemeth08,9506,9506,394816,2,row-major,N,N,1.0,0.0,20260922,main,pass,pass,0,0,1579264.0,0.014161,0.020377600193,0.034538600193,0.021085650193,77.49999926598323,45.7246093117599,74.89757183415114,0.7989690645977652,0.4713877248635041,0.7721399158159911,AlphaSparse 248af573c867cf4c7e05d40c611c7c34ebac4715,CUDA,13040,13000,2026-10-08T07:56:25.267880+00:00,derived,csr-alg5,0,0,,,,5,20,4,true
3,A100-SXM4-80GB-suitesparse_all-fp64-n2-row-major-AlphaSparse-SpMM-CSR-pre-plus-solve,AlphaSparse-SpMM-CSR-best-pre-plus-solve,AlphaSparseLib CSR PER MATRIX BEST,per-matrix-best,AlphaSparse-SpMM-CSR,best,pre-plus-solve,"csr-alg1,csr-alg2,csr-alg3,csr-alg4,csr-alg5",manual-selection,csr,ALPHASPARSE_SPMM_CSR_ALG5,workspace-setup,spmm.csr.fp64,fp64,A100-SXM4-80GB,A100-SXM4-80GB,,9700.0,152f8cc9-7213-5fba-8430-8cd9341fa530,suitesparse_all,Nemeth/nemeth09,nemeth09,9506,9506,395506,2,row-major,N,N,1.0,0.0,20260922,main,pass,pass,0,0,1582024.0,0.02047,0.0201728001237,0.0406428001237,0.0211963001237,78.42361944296272,38.92507394138614,74.6367993832616,0.8084909220923993,0.4012894220761457,0.7694515400336247,AlphaSparse 248af573c867cf4c7e05d40c611c7c34ebac4715,CUDA,13040,13000,2026-10-08T02:19:50.862325+00:00,derived,csr-alg5,0,0,,,,5,20,4,true
3,A100-SXM4-80GB-suitesparse_all-fp64-n2-row-major-AlphaSparse-SpMM-CSR-pre-plus-solve,AlphaSparse-SpMM-CSR-best-pre-plus-solve,AlphaSparseLib CSR PER MATRIX BEST,per-matrix-best,AlphaSparse-SpMM-CSR,best,pre-plus-solve,"csr-alg1,csr-alg2,csr-alg3,csr-alg4,csr-alg5",manual-selection,csr,ALPHASPARSE_SPMM_CSR_ALG1,workspace-setup,spmm.csr.fp64,fp64,A100-SXM4-80GB,A100-SXM4-80GB,,9700.0,a0827285-e98d-55a9-b486-73107367c8f5,suitesparse_all,Nemeth/nemeth10,nemeth10,9506,9506,401448,2,row-major,N,N,1.0,0.0,20260922,main,pass,pass,0,0,1605792.0,0.01636,0.0164992004633,0.0328592004633,0.0173172004633,97.3254433493213,48.86887012949349,92.72815218621065,1.0033550860754774,0.5038027848401391,0.9559603318166047,AlphaSparse 248af573c867cf4c7e05d40c611c7c34ebac4715,CUDA,13040,13000,2026-10-06T07:04:30.634866+00:00,derived,csr-alg1,0,0,,,,5,20,4,true
3,A100-SXM4-80GB-suitesparse_all-fp64-n2-row-major-AlphaSparse-SpMM-CSR-pre-plus-solve,AlphaSparse-SpMM-CSR-best-pre-plus-solve,AlphaSparseLib CSR PER MATRIX BEST,per-matrix-best,AlphaSparse-SpMM-CSR,best,pre-plus-solve,"csr-alg1,csr-alg2,csr-alg3,csr-alg4,csr-alg5",manual-selection,csr,ALPHASPARSE_SPMM_CSR_ALG5,workspace-setup,spmm.csr.fp64,fp64,A100-SXM4-80GB,A100-SXM4-80GB,,9700.0,dd6a9a30-d69d-5ea7-834e-7b0f3242a57c,suitesparse_all,Nemeth/nemeth11,nemeth11,9506,9506,408264,2,row-major,N,N,1.0,0.0,20260922,main,pass,pass,0,0,1633056.0,0.01429,0.0201215997338,0.0344115997338,0.0208360997338,81.15935221874102,47.456555714728026,78.3762806313929,0.836694352770526,0.48924284241987653,0.8080028931071433,AlphaSparse 248af573c867cf4c7e05d40c611c7c34ebac4715,CUDA,13040,13000,2026-10-06T22:21:02.731785+00:00,derived,csr-alg5,0,0,,,,5,20,4,true
3,A100-SXM4-80GB-suitesparse_all-fp64-n2-row-major-AlphaSparse-SpMM-CSR-pre-plus-solve,AlphaSparse-SpMM-CSR-best-pre-plus-solve,AlphaSparseLib CSR PER MATRIX BEST,per-matrix-best,AlphaSparse-SpMM-CSR,best,pre-plus-solve,"csr-alg1,csr-alg2,csr-alg3,csr-alg4,csr-alg5",manual-selection,csr,ALPHASPARSE_SPMM_CSR_ALG1,workspace-setup,spmm.csr.fp64,fp64,A100-SXM4-80GB,A100-SXM4-80GB,,9700.0,005fdebf-9ece-5bc0-9d3c-6fda0356699d,suitesparse_all,Nemeth/nemeth12,nemeth12,9506,9506,446818,2,row-major,N,N,1.0,0.0,20260922,main,pass,pass,0,0,1787272.0,0.01541,0.0164864003658,0.0318964003658,0.0172569003658,108.40886793624054,56.033658328303126,103.5685414016786,1.1176171952189746,0.577666580704156,1.0677169216667897,AlphaSparse 248af573c867cf4c7e05d40c611c7c34ebac4715,CUDA,13040,13000,2026-10-08T13:53:58.561387+00:00,derived,csr-alg1,0,0,,,,5,20,4,true
3,A100-SXM4-80GB-suitesparse_all-fp64-n2-row-major-AlphaSparse-SpMM-CSR-pre-plus-solve,AlphaSparse-SpMM-CSR-best-pre-plus-solve,AlphaSparseLib CSR PER MATRIX BEST,per-matrix-best,AlphaSparse-SpMM-CSR,best,pre-plus-solve,"csr-alg1,csr-alg2,csr-alg3,csr-alg4,csr-alg5",manual-selection,csr,ALPHASPARSE_SPMM_CSR_ALG5,workspace-setup,spmm.csr.fp64,fp64,A100-SXM4-80GB,A100-SXM4-80GB,,9700.0,d94c6f41-d28e-5f45-abb9-189a8a3b4f78,suitesparse_all,Nemeth/nemeth13,nemeth13,9506,9506,474472,2,row-major,N,N,1.0,0.0,20260922,main,pass,pass,0,0,1897888.0,0.015871,0.0222719997168,0.0381429997168,0.0230655497168,85.21408154331125,49.75717730884389,82.28236583573191,0.878495686013518,0.5129605908128236,0.8482718127395042,AlphaSparse 248af573c867cf4c7e05d40c611c7c34ebac4715,CUDA,13040,13000,2026-10-06T03:33:03.544373+00:00,derived,csr-alg5,0,0,,,,5,20,4,true
3,A100-SXM4-80GB-suitesparse_all-fp64-n2-row-major-AlphaSparse-SpMM-CSR-pre-plus-solve,AlphaSparse-SpMM-CSR-best-pre-plus-solve,AlphaSparseLib CSR PER MATRIX BEST,per-matrix-best,AlphaSparse-SpMM-CSR,best,pre-plus-solve,"csr-alg1,csr-alg2,csr-alg3,csr-alg4,csr-alg5",manual-selection,csr,ALPHASPARSE_SPMM_CSR_ALG1,workspace-setup,spmm.csr.fp64,fp64,A100-SXM4-80GB,A100-SXM4-80GB,,9700.0,018f64fd-81d1-5f6a-986f-7d386c913e5c,suitesparse_all,Nemeth/nemeth14,nemeth14,9506,9506,496144,2,row-major,N,N,1.0,0.0,20260922,main,pass,pass,0,0,1984576.0,0.01529,0.0214016005397,0.0366916005397,0.0221661005397,92.73026081944705,54.088019350715044,89.53203096979455,0.955982070303578,0.557608446914588,0.923010628554583,AlphaSparse 248af573c867cf4c7e05d40c611c7c34ebac4715,CUDA,13040,13000,2026-10-06T20:26:49.569004+00:00,derived,csr-alg1,0,0,,,,5,20,4,true
3,A100-SXM4-80GB-suitesparse_all-fp64-n2-row-major-AlphaSparse-SpMM-CSR-pre-plus-solve,AlphaSparse-SpMM-CSR-best-pre-plus-solve,AlphaSparseLib CSR PER MATRIX BEST,per-matrix-best,AlphaSparse-SpMM-CSR,best,pre-plus-solve,"csr-alg1,csr-alg2,csr-alg3,csr-alg4,csr-alg5",manual-selection,csr,ALPHASPARSE_SPMM_CSR_ALG5,workspace-setup,spmm.csr.fp64,fp64,A100-SXM4-80GB,A100-SXM4-80GB,,9700.0,752b02ae-c4ef-54eb-ad5c-0957985c94ee,suitesparse_all,Nemeth/nemeth16,nemeth16,9506,9506,587012,2,row-major,N,N,1.0,0.0,20260922,main,pass,pass,0,0,2348048.0,0.0143,0.0245248004794,0.0388248004794,0.0252398004794,95.74177787795993,60.47804421418335,93.02957849910143,0.9870286379171127,0.6234849918987974,0.9590678195783653,AlphaSparse 248af573c867cf4c7e05d40c611c7c34ebac4715,CUDA,13040,13000,2026-10-08T07:56:26.158600+00:00,derived,csr-alg5,0,0,,,,5,20,4,true
3,A100-SXM4-80GB-suitesparse_all-fp64-n2-row-major-AlphaSparse-SpMM-CSR-pre-plus-solve,AlphaSparse-SpMM-CSR-best-pre-plus-solve,AlphaSparseLib CSR PER MATRIX BEST,per-matrix-best,AlphaSparse-SpMM-CSR,best,pre-plus-solve,"csr-alg1,csr-alg2,csr-alg3,csr-alg4,csr-alg5",manual-selection,csr,ALPHASPARSE_SPMM_CSR_ALG5,workspace-setup,spmm.csr.fp64,fp64,A100-SXM4-80GB,A100-SXM4-80GB,,9700.0,152f8cc9-7213-5fba-8430-8cd9341fa530,suitesparse_all,Nemeth/nemeth17,nemeth17,9506,9506,629620,2,row-major,N,N,1.0,0.0,20260922,main,pass,pass,0,0,2518480.0,0.02186,0.0247807994485,0.0466407994485,0.0258737994485,101.63029668328336,53.99735917436116,97.33707664438148,1.0477350173534368,0.556673805921249,1.0034750169523865,AlphaSparse 248af573c867cf4c7e05d40c611c7c34ebac4715,CUDA,13040,13000,2026-10-08T02:19:51.880409+00:00,derived,csr-alg5,0,0,,,,5,20,4,true
3,A100-SXM4-80GB-suitesparse_all-fp64-n2-row-major-AlphaSparse-SpMM-CSR-pre-plus-solve,AlphaSparse-SpMM-CSR-best-pre-plus-solve,AlphaSparseLib CSR PER MATRIX BEST,per-matrix-best,AlphaSparse-SpMM-CSR,best,pre-plus-solve,"csr-alg1,csr-alg2,csr-alg3,csr-alg4,csr-alg5",manual-selection,csr,ALPHASPARSE_SPMM_CSR_ALG1,workspace-setup,spmm.csr.fp64,fp64,A100-SXM4-80GB,A100-SXM4-80GB,,9700.0,a0827285-e98d-55a9-b486-73107367c8f5,suitesparse_all,Nemeth/nemeth18,nemeth18,9506,9506,695234,2,row-major,N,N,1.0,0.0,20260922,main,pass,pass,0,0,2780936.0,0.01862,0.0231999993324,0.0418199993324,0.0241309993324,119.86793448378592,66.49775333318748,115.24330019213573,1.2357519018947,0.6855438487957471,1.1880752597127395,AlphaSparse 248af573c867cf4c7e05d40c611c7c34ebac4715,CUDA,13040,13000,2026-10-06T07:04:31.653686+00:00,derived,csr-alg1,0,0,,,,5,20,4,true
3,A100-SXM4-80GB-suitesparse_all-fp64-n2-row-major-AlphaSparse-SpMM-CSR-pre-plus-solve,AlphaSparse-SpMM-CSR-best-pre-plus-solve,AlphaSparseLib CSR PER MATRIX BEST,per-matrix-best,AlphaSparse-SpMM-CSR,best,pre-plus-solve,"csr-alg1,csr-alg2,csr-alg3,csr-alg4,csr-alg5",manual-selection,csr,ALPHASPARSE_SPMM_CSR_ALG1,workspace-setup,spmm.csr.fp64,fp64,A100-SXM4-80GB,A100-SXM4-80GB,,9700.0,dd6a9a30-d69d-5ea7-834e-7b0f3242a57c,suitesparse_all,Nemeth/nemeth19,nemeth19,9506,9506,818302,2,row-major,N,N,1.0,0.0,20260922,main,pass,pass,0,0,3273208.0,0.01474,0.0272415995598,0.0419815995598,0.0279785995598,120.15476524477738,77.96768189686371,116.98970111080848,1.2387089200492514,0.8037905350192135,1.2060793928949327,AlphaSparse 248af573c867cf4c7e05d40c611c7c34ebac4715,CUDA,13040,13000,2026-10-06T19:49:50.216918+00:00,derived,csr-alg1,0,0,,,,5,20,4,true
3,A100-SXM4-80GB-suitesparse_all-fp64-n2-row-major-AlphaSparse-SpMM-CSR-pre-plus-solve,AlphaSparse-SpMM-CSR-best-pre-plus-solve,AlphaSparseLib CSR PER MATRIX BEST,per-matrix-best,AlphaSparse-SpMM-CSR,best,pre-plus-solve,"csr-alg1,csr-alg2,csr-alg3,csr-alg4,csr-alg5",manual-selection,csr,ALPHASPARSE_SPMM_CSR_ALG1,workspace-setup,spmm.csr.fp64,fp64,A100-SXM4-80GB,A100-SXM4-80GB,,9700.0,005fdebf-9ece-5bc0-9d3c-6fda0356699d,suitesparse_all,Nemeth/nemeth20,nemeth20,9506,9506,971870,2,row-major,N,N,1.0,0.0,20260922,main,pass,pass,0,0,3887480.0,0.01455,0.0311295986176,0.0456795986176,0.0318570986176,124.88050513449612,85.10319962623716,122.02868963880769,1.287427887984496,0.8773525734663624,1.2580277282351309,AlphaSparse 248af573c867cf4c7e05d40c611c7c34ebac4715,CUDA,13040,13000,2026-10-08T13:53:59.561097+00:00,derived,csr-alg1,0,0,,,,5,20,4,true
3,A100-SXM4-80GB-suitesparse_all-fp64-n2-row-major-AlphaSparse-SpMM-CSR-pre-plus-solve,AlphaSparse-SpMM-CSR-best-pre-plus-solve,AlphaSparseLib CSR PER MATRIX BEST,per-matrix-best,AlphaSparse-SpMM-CSR,best,pre-plus-solve,"csr-alg1,csr-alg2,csr-alg3,csr-alg4,csr-alg5",manual-selection,csr,ALPHASPARSE_SPMM_CSR_ALG5,workspace-setup,spmm.csr.fp64,fp64,A100-SXM4-80GB,A100-SXM4-80GB,,9700.0,d94c6f41-d28e-5f45-abb9-189a8a3b4f78,suitesparse_all,Nemeth/nemeth21,nemeth21,9506,9506,1173746,2,row-major,N,N,1.0,0.0,20260922,main,pass,pass,0,0,4694984.0,0.01352,0.0394239991903,0.0529439991903,0.0400999991903,119.08949108225349,88.67830295789554,117.08189762596538,1.2277267121881803,0.9142093088442839,1.2070298724326327,AlphaSparse 248af573c867cf4c7e05d40c611c7c34ebac4715,CUDA,13040,13000,2026-10-06T03:33:05.290981+00:00,derived,csr-alg5,0,0,,,,5,20,4,true
3,A100-SXM4-80GB-suitesparse_all-fp64-n2-row-major-AlphaSparse-SpMM-CSR-pre-plus-solve,AlphaSparse-SpMM-CSR-best-pre-plus-solve,AlphaSparseLib CSR PER MATRIX BEST,per-matrix-best,AlphaSparse-SpMM-CSR,best,pre-plus-solve,"csr-alg1,csr-alg2,csr-alg3,csr-alg4,csr-alg5",manual-selection,csr,ALPHASPARSE_SPMM_CSR_ALG5,workspace-setup,spmm.csr.fp64,fp64,A100-SXM4-80GB,A100-SXM4-80GB,,9700.0,018f64fd-81d1-5f6a-986f-7d386c913e5c,suitesparse_all,Nemeth/nemeth22,nemeth22,9506,9506,1358832,2,row-major,N,N,1.0,0.0,20260922,main,pass,pass,0,0,5435328.0,0.01499,0.0448511987925,0.0598411987925,0.0456006987925,121.18579093383995,90.82919643450089,119.19396289808512,1.2493380508643295,0.9363834683969164,1.2288037412173725,AlphaSparse 248af573c867cf4c7e05d40c611c7c34ebac4715,CUDA,13040,13000,2026-10-06T23:07:12.945595+00:00,derived,csr-alg5,0,0,,,,5,20,4,true
3,A100-SXM4-80GB-suitesparse_all-fp64-n2-row-major-AlphaSparse-SpMM-CSR-pre-plus-solve,AlphaSparse-SpMM-CSR-best-pre-plus-solve,AlphaSparseLib CSR PER MATRIX BEST,per-matrix-best,AlphaSparse-SpMM-CSR,best,pre-plus-solve,"csr-alg1,csr-alg2,csr-alg3,csr-alg4,csr-alg5",manual-selection,csr,ALPHASPARSE_SPMM_CSR_ALG5,workspace-setup,spmm.csr.fp64,fp64,A100-SXM4-80GB,A100-SXM4-80GB,,9700.0,752b02ae-c4ef-54eb-ad5c-0957985c94ee,suitesparse_all,Nemeth/nemeth24,nemeth24,9506,9506,1506550,2,row-major,N,N,1.0,0.0,20260922,main,pass,pass,0,0,6026200.0,0.01714,0.0490496009588,0.0661896009588,0.0499066009588,122.8593073583168,91.04451322725203,120.74955785858631,1.2665907975084207,0.9386032291469282,1.2448408026658384,AlphaSparse 248af573c867cf4c7e05d40c611c7c34ebac4715,CUDA,13040,13000,2026-10-08T07:56:27.408317+00:00,derived,csr-alg5,0,0,,,,5,20,4,true
3,A100-SXM4-80GB-suitesparse_all-fp64-n2-row-major-AlphaSparse-SpMM-CSR-pre-plus-solve,AlphaSparse-SpMM-CSR-best-pre-plus-solve,AlphaSparseLib CSR PER MATRIX BEST,per-matrix-best,AlphaSparse-SpMM-CSR,best,pre-plus-solve,"csr-alg1,csr-alg2,csr-alg3,csr-alg4,csr-alg5",manual-selection,csr,ALPHASPARSE_SPMM_CSR_ALG5,workspace-setup,spmm.csr.fp64,fp64,A100-SXM4-80GB,A100-SXM4-80GB,,9700.0,152f8cc9-7213-5fba-8430-8cd9341fa530,suitesparse_all,Nemeth/nemeth25,nemeth25,9506,9506,1511758,2,row-major,N,N,1.0,0.0,20260922,main,pass,pass,0,0,6047032.0,0.01992,0.0487935990095,0.0687135990095,0.0497895990095,123.93084590506753,88.00342417174171,121.45171120671625,1.2776375866501808,0.9072517955849662,1.2520794969764562,AlphaSparse 248af573c867cf4c7e05d40c611c7c34ebac4715,CUDA,13040,13000,2026-10-08T02:19:53.242344+00:00,derived,csr-alg5,0,0,,,,5,20,4,true
3,A100-SXM4-80GB-suitesparse_all-fp64-n2-row-major-AlphaSparse-SpMM-CSR-pre-plus-solve,AlphaSparse-SpMM-CSR-best-pre-plus-solve,AlphaSparseLib CSR PER MATRIX BEST,per-matrix-best,AlphaSparse-SpMM-CSR,best,pre-plus-solve,"csr-alg1,csr-alg2,csr-alg3,csr-alg4,csr-alg5",manual-selection,csr,ALPHASPARSE_SPMM_CSR_ALG1,workspace-setup,spmm.csr.fp64,fp64,A100-SXM4-80GB,A100-SXM4-80GB,,9700.0,a0827285-e98d-55a9-b486-73107367c8f5,suitesparse_all,Nemeth/nemeth26,nemeth26,9506,9506,1511760,2,row-major,N,N,1.0,0.0,20260922,main,pass,pass,0,0,6047040.0,0.019631,0.0477039992809,0.0673349992809,0.0486855492809,126.76169904314811,89.80530280803434,124.20605475991489,1.3068216396200836,0.925827864000354,1.2804747913393288,AlphaSparse 248af573c867cf4c7e05d40c611c7c34ebac4715,CUDA,13040,13000,2026-10-06T07:04:32.965144+00:00,derived,csr-alg1,0,0,,,,5,20,4,true
3,A100-SXM4-80GB-suitesparse_all-fp64-n2-row-major-AlphaSparse-SpMM-CSR-pre-plus-solve,AlphaSparse-SpMM-CSR-best-pre-plus-solve,AlphaSparseLib CSR PER MATRIX BEST,per-matrix-best,AlphaSparse-SpMM-CSR,best,pre-plus-solve,"csr-alg1,csr-alg2,csr-alg3,csr-alg4,csr-alg5",manual-selection,csr,ALPHASPARSE_SPMM_CSR_ALG3,workspace-setup,spmm.csr.fp64,fp64,A100-SXM4-80GB,A100-SXM4-80GB,,9700.0,152f8cc9-7213-5fba-8430-8cd9341fa530,suitesparse_all,Newman/adjnoun,adjnoun,112,112,850,2,row-major,N,N,1.0,0.0,20260922,main,pass,pass,0,0,3400.0,0.01991,0.0129536002874,0.0328636002874,0.0139491002874,0.26247529061917935,0.10345792823264012,0.24374331892008588,0.00270593083112556,0.0010665765797179393,0.0025128177208256276,AlphaSparse 248af573c867cf4c7e05d40c611c7c34ebac4715,CUDA,13040,13000,2026-10-08T00:28:01.139904+00:00,derived,csr-alg3,0,0,,,,5,20,4,true
3,A100-SXM4-80GB-suitesparse_all-fp64-n2-row-major-AlphaSparse-SpMM-CSR-pre-plus-solve,AlphaSparse-SpMM-CSR-best-pre-plus-solve,AlphaSparseLib CSR PER MATRIX BEST,per-matrix-best,AlphaSparse-SpMM-CSR,best,pre-plus-solve,"csr-alg1,csr-alg2,csr-alg3,csr-alg4,csr-alg5",manual-selection,csr,ALPHASPARSE_SPMM_CSR_ALG5,workspace-setup,spmm.csr.fp64,fp64,A100-SXM4-80GB,A100-SXM4-80GB,,9700.0,a0827285-e98d-55a9-b486-73107367c8f5,suitesparse_all,Newman/as-22july06,as-22july06,22963,22963,96872,2,row-major,N,N,1.0,0.0,20260922,main,pass,pass,0,0,387488.0,0.01821,0.017049600184,0.035259600184,0.017960100184,22.72710185683026,10.989574413150415,21.574935330550048,0.23430001914258003,0.11329458157887025,0.2224220137170108,AlphaSparse 248af573c867cf4c7e05d40c611c7c34ebac4715,CUDA,13040,13000,2026-10-06T09:02:41.517716+00:00,derived,csr-alg5,0,0,,,,5,20,4,true
3,A100-SXM4-80GB-suitesparse_all-fp64-n2-row-major-AlphaSparse-SpMM-CSR-pre-plus-solve,AlphaSparse-SpMM-CSR-best-pre-plus-solve,AlphaSparseLib CSR PER MATRIX BEST,per-matrix-best,AlphaSparse-SpMM-CSR,best,pre-plus-solve,"csr-alg1,csr-alg2,csr-alg3,csr-alg4,csr-alg5",manual-selection,csr,ALPHASPARSE_SPMM_CSR_ALG5,workspace-setup,spmm.csr.fp64,fp64,A100-SXM4-80GB,A100-SXM4-80GB,,9700.0,dd6a9a30-d69d-5ea7-834e-7b0f3242a57c,suitesparse_all,Newman/astro-ph,astro-ph,16706,16706,242502,2,row-major,N,N,1.0,0.0,20260922,main,pass,pass,0,0,970008.0,0.01444,0.0201215997338,0.0345615997338,0.0208435997338,48.207300256082185,28.0660619725703,46.53745093881428,0.4969824768668267,0.28934084507804436,0.4797675354516936,AlphaSparse 248af573c867cf4c7e05d40c611c7c34ebac4715,CUDA,13040,13000,2026-10-06T22:27:13.822389+00:00,derived,csr-alg5,0,0,,,,5,20,4,true
3,A100-SXM4-80GB-suitesparse_all-fp64-n2-row-major-AlphaSparse-SpMM-CSR-pre-plus-solve,AlphaSparse-SpMM-CSR-best-pre-plus-solve,AlphaSparseLib CSR PER MATRIX BEST,per-matrix-best,AlphaSparse-SpMM-CSR,best,pre-plus-solve,"csr-alg1,csr-alg2,csr-alg3,csr-alg4,csr-alg5",manual-selection,csr,ALPHASPARSE_SPMM_CSR_ALG2,workspace-setup,spmm.csr.fp64,fp64,A100-SXM4-80GB,A100-SXM4-80GB,,9700.0,005fdebf-9ece-5bc0-9d3c-6fda0356699d,suitesparse_all,Newman/celegansneural,celegansneural,297,297,2345,2,row-major,N,N,1.0,0.0,20260922,main,pass,pass,0,0,9380.0,0.01232,0.0111103996634,0.0234303996634,0.0117263996634,0.844254057835534,0.40033461378178054,0.7999045119770654,0.0087036500807787,0.00412716096682248,0.008246438267804797,AlphaSparse 248af573c867cf4c7e05d40c611c7c34ebac4715,CUDA,13040,13000,2026-10-08T14:31:13.623678+00:00,derived,csr-alg2,0,0,,,,5,20,4,true
3,A100-SXM4-80GB-suitesparse_all-fp64-n2-row-major-AlphaSparse-SpMM-CSR-pre-plus-solve,AlphaSparse-SpMM-CSR-best-pre-plus-solve,AlphaSparseLib CSR PER MATRIX BEST,per-matrix-best,AlphaSparse-SpMM-CSR,best,pre-plus-solve,"csr-alg1,csr-alg2,csr-alg3,csr-alg4,csr-alg5",manual-selection,csr,ALPHASPARSE_SPMM_CSR_ALG3,workspace-setup,spmm.csr.fp64,fp64,A100-SXM4-80GB,A100-SXM4-80GB,,9700.0,d94c6f41-d28e-5f45-abb9-189a8a3b4f78,suitesparse_all,Newman/cond-mat,cond-mat,16726,16726,95188,2,row-major,N,N,1.0,0.0,20260922,main,pass,pass,0,0,380752.0,0.01422,0.0144896000624,0.0287096000624,0.0152006000624,26.27760589390165,13.262184048974548,25.048484825399953,0.2709031535453778,0.13672354689664482,0.25823180232371085,AlphaSparse 248af573c867cf4c7e05d40c611c7c34ebac4715,CUDA,13040,13000,2026-10-06T02:55:35.633018+00:00,derived,csr-alg3,0,0,,,,5,20,4,true
3,A100-SXM4-80GB-suitesparse_all-fp64-n2-row-major-AlphaSparse-SpMM-CSR-pre-plus-solve,AlphaSparse-SpMM-CSR-best-pre-plus-solve,AlphaSparseLib CSR PER MATRIX BEST,per-matrix-best,AlphaSparse-SpMM-CSR,best,pre-plus-solve,"csr-alg1,csr-alg2,csr-alg3,csr-alg4,csr-alg5",manual-selection,csr,ALPHASPARSE_SPMM_CSR_ALG5,workspace-setup,spmm.csr.fp64,fp64,A100-SXM4-80GB,A100-SXM4-80GB,,9700.0,018f64fd-81d1-5f6a-986f-7d386c913e5c,suitesparse_all,Newman/cond-mat-2003,cond-mat-2003,31163,31163,240058,2,row-major,N,N,1.0,0.0,20260922,main,pass,pass,0,0,960232.0,0.03956,0.0210431993008,0.0606031993008,0.0230211993008,45.63146441156857,15.844576046785113,41.71077220840669,0.47042746816050074,0.16334614481221765,0.4300079609114092,AlphaSparse 248af573c867cf4c7e05d40c611c7c34ebac4715,CUDA,13040,13000,2026-10-06T23:14:56.775554+00:00,derived,csr-alg5,0,0,,,,5,20,4,true
3,A100-SXM4-80GB-suitesparse_all-fp64-n2-row-major-AlphaSparse-SpMM-CSR-pre-plus-solve,AlphaSparse-SpMM-CSR-best-pre-plus-solve,AlphaSparseLib CSR PER MATRIX BEST,per-matrix-best,AlphaSparse-SpMM-CSR,best,pre-plus-solve,"csr-alg1,csr-alg2,csr-alg3,csr-alg4,csr-alg5",manual-selection,csr,ALPHASPARSE_SPMM_CSR_ALG4,workspace-setup,spmm.csr.fp64,fp64,A100-SXM4-80GB,A100-SXM4-80GB,,9700.0,752b02ae-c4ef-54eb-ad5c-0957985c94ee,suitesparse_all,Newman/dolphins,dolphins,62,62,318,2,row-major,N,N,1.0,0.0,20260922,main,pass,pass,0,0,1272.0,0.01022,0.0117247998714,0.0219447998714,0.0122357998714,0.108487992456294,0.05796361814434951,0.10395724132209593,0.0011184329119205566,0.0005975630736530877,0.001071724137341195,AlphaSparse 248af573c867cf4c7e05d40c611c7c34ebac4715,CUDA,13040,13000,2026-10-08T07:03:34.582389+00:00,derived,csr-alg4,0,0,,,,5,20,4,true
3,A100-SXM4-80GB-suitesparse_all-fp64-n2-row-major-AlphaSparse-SpMM-CSR-pre-plus-solve,AlphaSparse-SpMM-CSR-best-pre-plus-solve,AlphaSparseLib CSR PER MATRIX BEST,per-matrix-best,AlphaSparse-SpMM-CSR,best,pre-plus-solve,"csr-alg1,csr-alg2,csr-alg3,csr-alg4,csr-alg5",manual-selection,csr,ALPHASPARSE_SPMM_CSR_ALG1,workspace-setup,spmm.csr.fp64,fp64,A100-SXM4-80GB,A100-SXM4-80GB,,9700.0,152f8cc9-7213-5fba-8430-8cd9341fa530,suitesparse_all,Newman/football,football,115,115,1226,2,row-major,N,N,1.0,0.0,20260922,main,pass,pass,0,0,4904.0,0.01374,0.00721919983625,0.0209591998363,0.00790619983625,0.6792996607983321,0.23397839794945724,0.6202727102235784,0.007003089286580744,0.0024121484324686315,0.006394564022923489,AlphaSparse 248af573c867cf4c7e05d40c611c7c34ebac4715,CUDA,13040,13000,2026-10-07T22:30:52.897826+00:00,derived,csr-alg1,0,0,,,,5,20,4,true
3,A100-SXM4-80GB-suitesparse_all-fp64-n2-row-major-AlphaSparse-SpMM-CSR-pre-plus-solve,AlphaSparse-SpMM-CSR-best-pre-plus-solve,AlphaSparseLib CSR PER MATRIX BEST,per-matrix-best,AlphaSparse-SpMM-CSR,best,pre-plus-solve,"csr-alg1,csr-alg2,csr-alg3,csr-alg4,csr-alg5",manual-selection,csr,ALPHASPARSE_SPMM_CSR_ALG5,workspace-setup,spmm.csr.fp64,fp64,A100-SXM4-80GB,A100-SXM4-80GB,,9700.0,a0827285-e98d-55a9-b486-73107367c8f5,suitesparse_all,Newman/hep-th,hep-th,8361,8361,31502,2,row-major,N,N,1.0,0.0,20260922,main,pass,pass,0,0,126008.0,0.018531,0.0154111996293,0.0339421996293,0.0163377496293,8.176391392687675,3.7124288165233064,7.712690110883948,0.08429269476997603,0.03827246202601347,0.07951226918437058,AlphaSparse 248af573c867cf4c7e05d40c611c7c34ebac4715,CUDA,13040,13000,2026-10-06T09:02:42.313133+00:00,derived,csr-alg5,0,0,,,,5,20,4,true
3,A100-SXM4-80GB-suitesparse_all-fp64-n2-row-major-AlphaSparse-SpMM-CSR-pre-plus-solve,AlphaSparse-SpMM-CSR-best-pre-plus-solve,AlphaSparseLib CSR PER MATRIX BEST,per-matrix-best,AlphaSparse-SpMM-CSR,best,pre-plus-solve,"csr-alg1,csr-alg2,csr-alg3,csr-alg4,csr-alg5",manual-selection,csr,ALPHASPARSE_SPMM_CSR_ALG1,workspace-setup,spmm.csr.fp64,fp64,A100-SXM4-80GB,A100-SXM4-80GB,,9700.0,dd6a9a30-d69d-5ea7-834e-7b0f3242a57c,suitesparse_all,Newman/karate,karate,34,34,156,2,row-major,N,N,1.0,0.0,20260922,main,pass,pass,0,0,624.0,0.01743,0.00634879991412,0.0237787999141,0.00722029991412,0.09828629165209594,0.026241862594166904,0.08642300284226521,0.0010132607386814016,0.0002705346659192464,0.0008909587921883012,AlphaSparse 248af573c867cf4c7e05d40c611c7c34ebac4715,CUDA,13040,13000,2026-10-06T19:57:18.119120+00:00,derived,csr-alg1,0,0,,,,5,20,4,true
3,A100-SXM4-80GB-suitesparse_all-fp64-n2-row-major-AlphaSparse-SpMM-CSR-pre-plus-solve,AlphaSparse-SpMM-CSR-best-pre-plus-solve,AlphaSparseLib CSR PER MATRIX BEST,per-matrix-best,AlphaSparse-SpMM-CSR,best,pre-plus-solve,"csr-alg1,csr-alg2,csr-alg3,csr-alg4,csr-alg5",manual-selection,csr,ALPHASPARSE_SPMM_CSR_ALG1,workspace-setup,spmm.csr.fp64,fp64,A100-SXM4-80GB,A100-SXM4-80GB,,9700.0,005fdebf-9ece-5bc0-9d3c-6fda0356699d,suitesparse_all,Newman/lesmis,lesmis,77,77,508,2,row-major,N,N,1.0,0.0,20260922,main,pass,pass,0,0,2032.0,0.0119,0.00906239971519,0.0209623997152,0.00965739971519,0.22422317088861685,0.09693546672171224,0.21040860479285053,0.002311579081325947,0.0009993347084712601,0.0021691608741530983,AlphaSparse 248af573c867cf4c7e05d40c611c7c34ebac4715,CUDA,13040,13000,2026-10-08T14:04:42.882846+00:00,derived,csr-alg1,0,0,,,,5,20,4,true
3,A100-SXM4-80GB-suitesparse_all-fp64-n2-row-major-AlphaSparse-SpMM-CSR-pre-plus-solve,AlphaSparse-SpMM-CSR-best-pre-plus-solve,AlphaSparseLib CSR PER MATRIX BEST,per-matrix-best,AlphaSparse-SpMM-CSR,best,pre-plus-solve,"csr-alg1,csr-alg2,csr-alg3,csr-alg4,csr-alg5",manual-selection,csr,ALPHASPARSE_SPMM_CSR_ALG3,workspace-setup,spmm.csr.fp64,fp64,A100-SXM4-80GB,A100-SXM4-80GB,,9700.0,d94c6f41-d28e-5f45-abb9-189a8a3b4f78,suitesparse_all,Newman/netscience,netscience,1589,1589,5484,2,row-major,N,N,1.0,0.0,20260922,main,pass,pass,0,0,21936.0,0.0143,0.0115423999727,0.0258423999727,0.0122573999727,1.9004713102892696,0.8488375701627274,1.7896128093116344,0.019592487734940923,0.008750902785182757,0.018449616590841593,AlphaSparse 248af573c867cf4c7e05d40c611c7c34ebac4715,CUDA,13040,13000,2026-10-06T02:55:36.428357+00:00,derived,csr-alg3,0,0,,,,5,20,4,true
3,A100-SXM4-80GB-suitesparse_all-fp64-n2-row-major-AlphaSparse-SpMM-CSR-pre-plus-solve,AlphaSparse-SpMM-CSR-best-pre-plus-solve,AlphaSparseLib CSR PER MATRIX BEST,per-matrix-best,AlphaSparse-SpMM-CSR,best,pre-plus-solve,"csr-alg1,csr-alg2,csr-alg3,csr-alg4,csr-alg5",manual-selection,csr,ALPHASPARSE_SPMM_CSR_ALG3,workspace-setup,spmm.csr.fp64,fp64,A100-SXM4-80GB,A100-SXM4-80GB,,9700.0,018f64fd-81d1-5f6a-986f-7d386c913e5c,suitesparse_all,Newman/polblogs,polblogs,1490,1490,19025,2,row-major,N,N,1.0,0.0,20260922,main,pass,pass,0,0,76100.0,0.01181,0.0143360003829,0.0261460003829,0.0149265003829,5.308314590363166,2.910579013445242,5.098314946427844,0.05472489268415634,0.030005969210775692,0.05255994790131798,AlphaSparse 248af573c867cf4c7e05d40c611c7c34ebac4715,CUDA,13040,13000,2026-10-06T21:59:42.955002+00:00,derived,csr-alg3,0,0,,,,5,20,4,true
3,A100-SXM4-80GB-suitesparse_all-fp64-n2-row-major-AlphaSparse-SpMM-CSR-pre-plus-solve,AlphaSparse-SpMM-CSR-best-pre-plus-solve,AlphaSparseLib CSR PER MATRIX BEST,per-matrix-best,AlphaSparse-SpMM-CSR,best,pre-plus-solve,"csr-alg1,csr-alg2,csr-alg3,csr-alg4,csr-alg5",manual-selection,csr,ALPHASPARSE_SPMM_CSR_ALG5,workspace-setup,spmm.csr.fp64,fp64,A100-SXM4-80GB,A100-SXM4-80GB,,9700.0,752b02ae-c4ef-54eb-ad5c-0957985c94ee,suitesparse_all,Newman/power,power,4941,4941,13188,2,row-major,N,N,1.0,0.0,20260922,main,pass,pass,0,0,52752.0,0.01268,0.0144896000624,0.0271696000624,0.0151236000624,3.64068019633541,1.9415817633989936,3.488058384402203,0.037532785529231026,0.02001630683916488,0.035959364787651577,AlphaSparse 248af573c867cf4c7e05d40c611c7c34ebac4715,CUDA,13040,13000,2026-10-08T08:04:40.922420+00:00,derived,csr-alg5,0,0,,,,5,20,4,true
3,A100-SXM4-80GB-suitesparse_all-fp64-n2-row-major-AlphaSparse-SpMM-CSR-pre-plus-solve,AlphaSparse-SpMM-CSR-best-pre-plus-solve,AlphaSparseLib CSR PER MATRIX BEST,per-matrix-best,AlphaSparse-SpMM-CSR,best,pre-plus-solve,"csr-alg1,csr-alg2,csr-alg3,csr-alg4,csr-alg5",manual-selection,csr,ALPHASPARSE_SPMM_CSR_ALG1,workspace-setup,spmm.csr.fp64,fp64,A100-SXM4-80GB,A100-SXM4-80GB,,9700.0,dd6a9a30-d69d-5ea7-834e-7b0f3242a57c,suitesparse_all,Norris/fv1,fv1,9604,9604,85264,2,row-major,N,N,1.0,0.0,20260922,main,pass,pass,0,0,341056.0,0.01524,0.00614079982042,0.0213807998204,0.00690279982042,55.53934503220355,15.951508028927394,49.40835731482193,0.5725705673423047,0.1644485363806948,0.5093645084002261,AlphaSparse 248af573c867cf4c7e05d40c611c7c34ebac4715,CUDA,13040,13000,2026-10-06T19:50:15.592939+00:00,derived,csr-alg1,0,0,,,,5,20,4,true
3,A100-SXM4-80GB-suitesparse_all-fp64-n2-row-major-AlphaSparse-SpMM-CSR-pre-plus-solve,AlphaSparse-SpMM-CSR-best-pre-plus-solve,AlphaSparseLib CSR PER MATRIX BEST,per-matrix-best,AlphaSparse-SpMM-CSR,best,pre-plus-solve,"csr-alg1,csr-alg2,csr-alg3,csr-alg4,csr-alg5",manual-selection,csr,ALPHASPARSE_SPMM_CSR_ALG1,workspace-setup,spmm.csr.fp64,fp64,A100-SXM4-80GB,A100-SXM4-80GB,,9700.0,005fdebf-9ece-5bc0-9d3c-6fda0356699d,suitesparse_all,Norris/fv2,fv2,9801,9801,87025,2,row-major,N,N,1.0,0.0,20260922,main,pass,pass,0,0,348100.0,0.01297,0.00711679980159,0.0200867998016,0.00776529980159,48.91243391759161,17.32978888813699,44.82763175849618,0.5042518960576455,0.1786576174034741,0.46214053359274415,AlphaSparse 248af573c867cf4c7e05d40c611c7c34ebac4715,CUDA,13040,13000,2026-10-08T13:54:12.572036+00:00,derived,csr-alg1,0,0,,,,5,20,4,true
3,A100-SXM4-80GB-suitesparse_all-fp64-n2-row-major-AlphaSparse-SpMM-CSR-pre-plus-solve,AlphaSparse-SpMM-CSR-best-pre-plus-solve,AlphaSparseLib CSR PER MATRIX BEST,per-matrix-best,AlphaSparse-SpMM-CSR,best,pre-plus-solve,"csr-alg1,csr-alg2,csr-alg3,csr-alg4,csr-alg5",manual-selection,csr,ALPHASPARSE_SPMM_CSR_ALG1,workspace-setup,spmm.csr.fp64,fp64,A100-SXM4-80GB,A100-SXM4-80GB,,9700.0,d94c6f41-d28e-5f45-abb9-189a8a3b4f78,suitesparse_all,Norris/fv3,fv3,9801,9801,87025,2,row-major,N,N,1.0,0.0,20260922,main,pass,pass,0,0,348100.0,0.01322,0.00716800019145,0.0203880001915,0.00782900019145,48.56305673864436,17.0737687232869,44.462893279803176,0.5006500694705605,0.1760182342606897,0.4583803430907544,AlphaSparse 248af573c867cf4c7e05d40c611c7c34ebac4715,CUDA,13040,13000,2026-10-06T01:50:36.147197+00:00,derived,csr-alg1,0,0,,,,5,20,4,true
3,A100-SXM4-80GB-suitesparse_all-fp64-n2-row-major-AlphaSparse-SpMM-CSR-pre-plus-solve,AlphaSparse-SpMM-CSR-best-pre-plus-solve,AlphaSparseLib CSR PER MATRIX BEST,per-matrix-best,AlphaSparse-SpMM-CSR,best,pre-plus-solve,"csr-alg1,csr-alg2,csr-alg3,csr-alg4,csr-alg5",manual-selection,csr,ALPHASPARSE_SPMM_CSR_ALG5,workspace-setup,spmm.csr.fp64,fp64,A100-SXM4-80GB,A100-SXM4-80GB,,9700.0,018f64fd-81d1-5f6a-986f-7d386c913e5c,suitesparse_all,Norris/heart1,heart1,3557,3557,1387773,2,row-major,N,N,1.0,0.0,20260922,main,pass,pass,0,0,5551092.0,0.01436,0.0508415997028,0.0652015997028,0.0515595997028,109.1840546412682,85.13735898049777,107.66359770047907,1.1256088107347237,0.8777047317577089,1.1099339969121553,AlphaSparse 248af573c867cf4c7e05d40c611c7c34ebac4715,CUDA,13040,13000,2026-10-06T23:07:31.738104+00:00,derived,csr-alg5,0,0,,,,5,20,4,true
3,A100-SXM4-80GB-suitesparse_all-fp64-n2-row-major-AlphaSparse-SpMM-CSR-pre-plus-solve,AlphaSparse-SpMM-CSR-best-pre-plus-solve,AlphaSparseLib CSR PER MATRIX BEST,per-matrix-best,AlphaSparse-SpMM-CSR,best,pre-plus-solve,"csr-alg1,csr-alg2,csr-alg3,csr-alg4,csr-alg5",manual-selection,csr,ALPHASPARSE_SPMM_CSR_ALG5,workspace-setup,spmm.csr.fp64,fp64,A100-SXM4-80GB,A100-SXM4-80GB,,9700.0,752b02ae-c4ef-54eb-ad5c-0957985c94ee,suitesparse_all,Norris/heart3,heart3,2339,2339,682797,2,row-major,N,N,1.0,0.0,20260922,main,pass,pass,0,0,2731188.0,0.0143,0.0319999992847,0.0462999992847,0.0327149992847,85.34962690783088,58.988942595999795,83.48427509449188,0.879893060905473,0.6081334288247402,0.8606626298401224,AlphaSparse 248af573c867cf4c7e05d40c611c7c34ebac4715,CUDA,13040,13000,2026-10-08T07:56:44.983468+00:00,derived,csr-alg5,0,0,,,,5,20,4,true
3,A100-SXM4-80GB-suitesparse_all-fp64-n2-row-major-AlphaSparse-SpMM-CSR-pre-plus-solve,AlphaSparse-SpMM-CSR-best-pre-plus-solve,AlphaSparseLib CSR PER MATRIX BEST,per-matrix-best,AlphaSparse-SpMM-CSR,best,pre-plus-solve,"csr-alg1,csr-alg2,csr-alg3,csr-alg4,csr-alg5",manual-selection,csr,ALPHASPARSE_SPMM_CSR_ALG1,workspace-setup,spmm.csr.fp64,fp64,A100-SXM4-80GB,A100-SXM4-80GB,,9700.0,152f8cc9-7213-5fba-8430-8cd9341fa530,suitesparse_all,Norris/lung1,lung1,1650,1650,7419,2,row-major,N,N,1.0,0.0,20260922,main,pass,pass,0,0,29676.0,0.01703,0.00670719966292,0.0237371996629,0.00755869966292,4.424499268161113,1.250189593609984,3.926072118671252,0.04561339451712487,0.012888552511443135,0.04047497029557992,AlphaSparse 248af573c867cf4c7e05d40c611c7c34ebac4715,CUDA,13040,13000,2026-10-07T22:25:53.240484+00:00,derived,csr-alg1,0,0,,,,5,20,4,true
3,A100-SXM4-80GB-suitesparse_all-fp64-n2-row-major-AlphaSparse-SpMM-CSR-pre-plus-solve,AlphaSparse-SpMM-CSR-best-pre-plus-solve,AlphaSparseLib CSR PER MATRIX BEST,per-matrix-best,AlphaSparse-SpMM-CSR,best,pre-plus-solve,"csr-alg1,csr-alg2,csr-alg3,csr-alg4,csr-alg5",manual-selection,csr,ALPHASPARSE_SPMM_CSR_ALG1,workspace-setup,spmm.csr.fp64,fp64,A100-SXM4-80GB,A100-SXM4-80GB,,9700.0,a0827285-e98d-55a9-b486-73107367c8f5,suitesparse_all,Norris/lung2,lung2,109460,109460,492564,2,row-major,N,N,1.0,0.0,20260922,main,pass,pass,0,0,1970256.0,0.01981,0.0135199993849,0.0333299993849,0.0145104993849,145.72900071286304,59.113592450068126,135.7814054318695,1.5023608320913715,0.6094184788666818,1.399808303421335,AlphaSparse 248af573c867cf4c7e05d40c611c7c34ebac4715,CUDA,13040,13000,2026-10-06T07:04:49.184245+00:00,derived,csr-alg1,0,0,,,,5,20,4,true
3,A100-SXM4-80GB-suitesparse_all-fp64-n2-row-major-AlphaSparse-SpMM-CSR-pre-plus-solve,AlphaSparse-SpMM-CSR-best-pre-plus-solve,AlphaSparseLib CSR PER MATRIX BEST,per-matrix-best,AlphaSparse-SpMM-CSR,best,pre-plus-solve,"csr-alg1,csr-alg2,csr-alg3,csr-alg4,csr-alg5",manual-selection,csr,ALPHASPARSE_SPMM_CSR_ALG1,workspace-setup,spmm.csr.fp64,fp64,A100-SXM4-80GB,A100-SXM4-80GB,,9700.0,dd6a9a30-d69d-5ea7-834e-7b0f3242a57c,suitesparse_all,Norris/stomach,stomach,213360,213360,3021648,2,row-major,N,N,1.0,0.0,20260922,main,pass,pass,0,0,12086592.0,0.022689,0.0579887986183,0.0806777986183,0.0591232486183,208.42977071412778,149.81311100447428,204.43044457910457,2.14876052282606,1.5444650619017968,2.107530356485614,AlphaSparse 248af573c867cf4c7e05d40c611c7c34ebac4715,CUDA,13040,13000,2026-10-06T19:50:18.508125+00:00,derived,csr-alg1,0,0,,,,5,20,4,true
3,A100-SXM4-80GB-suitesparse_all-fp64-n2-row-major-AlphaSparse-SpMM-CSR-pre-plus-solve,AlphaSparse-SpMM-CSR-best-pre-plus-solve,AlphaSparseLib CSR PER MATRIX BEST,per-matrix-best,AlphaSparse-SpMM-CSR,best,pre-plus-solve,"csr-alg1,csr-alg2,csr-alg3,csr-alg4,csr-alg5",manual-selection,csr,ALPHASPARSE_SPMM_CSR_ALG5,workspace-setup,spmm.csr.fp64,fp64,A100-SXM4-80GB,A100-SXM4-80GB,,9700.0,005fdebf-9ece-5bc0-9d3c-6fda0356699d,suitesparse_all,Norris/torso1,torso1,116158,116158,8516500,2,row-major,N,N,1.0,0.0,20260922,main,pass,pass,0,0,34066000.0,0.04374,0.237875199318,0.281615199318,0.240062199318,143.20954894696425,120.96648221580064,141.90489005257444,1.4763871025460233,1.2470771362453674,1.462937010851283,AlphaSparse 248af573c867cf4c7e05d40c611c7c34ebac4715,CUDA,13040,13000,2026-10-08T15:31:44.224084+00:00,derived,csr-alg5,0,0,,,,5,20,4,true
3,A100-SXM4-80GB-suitesparse_all-fp64-n2-row-major-AlphaSparse-SpMM-CSR-pre-plus-solve,AlphaSparse-SpMM-CSR-best-pre-plus-solve,AlphaSparseLib CSR PER MATRIX BEST,per-matrix-best,AlphaSparse-SpMM-CSR,best,pre-plus-solve,"csr-alg1,csr-alg2,csr-alg3,csr-alg4,csr-alg5",manual-selection,csr,ALPHASPARSE_SPMM_CSR_ALG1,workspace-setup,spmm.csr.fp64,fp64,A100-SXM4-80GB,A100-SXM4-80GB,,9700.0,d94c6f41-d28e-5f45-abb9-189a8a3b4f78,suitesparse_all,Norris/torso2,torso2,115967,115967,1033473,2,row-major,N,N,1.0,0.0,20260922,main,pass,pass,0,0,4133892.0,0.02081,0.0185855999589,0.0393955999589,0.0196260999589,222.42445813649522,104.93283524842215,210.63237263934204,2.2930356508917034,1.0817818066847644,2.1714677591684746,AlphaSparse 248af573c867cf4c7e05d40c611c7c34ebac4715,CUDA,13040,13000,2026-10-06T01:50:37.505137+00:00,derived,csr-alg1,0,0,,,,5,20,4,true
3,A100-SXM4-80GB-suitesparse_all-fp64-n2-row-major-AlphaSparse-SpMM-CSR-pre-plus-solve,AlphaSparse-SpMM-CSR-best-pre-plus-solve,AlphaSparseLib CSR PER MATRIX BEST,per-matrix-best,AlphaSparse-SpMM-CSR,best,pre-plus-solve,"csr-alg1,csr-alg2,csr-alg3,csr-alg4,csr-alg5",manual-selection,csr,ALPHASPARSE_SPMM_CSR_ALG1,workspace-setup,spmm.csr.fp64,fp64,A100-SXM4-80GB,A100-SXM4-80GB,,9700.0,018f64fd-81d1-5f6a-986f-7d386c913e5c,suitesparse_all,Norris/torso3,torso3,259156,259156,4429042,2,row-major,N,N,1.0,0.0,20260922,main,pass,pass,0,0,17716168.0,0.039171,0.0774655997753,0.116636599775,0.0794241497753,228.6972288523973,151.8920136061554,223.05769781761674,2.3577033902309,1.565897047486138,2.299563895026977,AlphaSparse 248af573c867cf4c7e05d40c611c7c34ebac4715,CUDA,13040,13000,2026-10-06T20:27:11.665104+00:00,derived,csr-alg1,0,0,,,,5,20,4,true
3,A100-SXM4-80GB-suitesparse_all-fp64-n2-row-major-AlphaSparse-SpMM-CSR-pre-plus-solve,AlphaSparse-SpMM-CSR-best-pre-plus-solve,AlphaSparseLib CSR PER MATRIX BEST,per-matrix-best,AlphaSparse-SpMM-CSR,best,pre-plus-solve,"csr-alg1,csr-alg2,csr-alg3,csr-alg4,csr-alg5",manual-selection,csr,ALPHASPARSE_SPMM_CSR_ALG3,workspace-setup,spmm.csr.fp64,fp64,A100-SXM4-80GB,A100-SXM4-80GB,,9700.0,752b02ae-c4ef-54eb-ad5c-0957985c94ee,suitesparse_all,NYPA/Maragal_1,Maragal_1,32,14,234,2,row-major,N,N,1.0,0.0,20260922,main,pass,pass,0,0,936.0,0.01015,0.0129536002874,0.0231036002874,0.0134611002874,0.07225790353516232,0.04051316627523485,0.06953369189858309,0.0007449268405686837,0.00041766150799211186,0.0007168421845214752,AlphaSparse 248af573c867cf4c7e05d40c611c7c34ebac4715,CUDA,13040,13000,2026-10-08T05:58:59.687403+00:00,derived,csr-alg3,0,0,,,,5,20,4,true
3,A100-SXM4-80GB-suitesparse_all-fp64-n2-row-major-AlphaSparse-SpMM-CSR-pre-plus-solve,AlphaSparse-SpMM-CSR-best-pre-plus-solve,AlphaSparseLib CSR PER MATRIX BEST,per-matrix-best,AlphaSparse-SpMM-CSR,best,pre-plus-solve,"csr-alg1,csr-alg2,csr-alg3,csr-alg4,csr-alg5",manual-selection,csr,ALPHASPARSE_SPMM_CSR_ALG2,workspace-setup,spmm.csr.fp64,fp64,A100-SXM4-80GB,A100-SXM4-80GB,,9700.0,152f8cc9-7213-5fba-8430-8cd9341fa530,suitesparse_all,NYPA/Maragal_2,Maragal_2,555,350,4357,2,row-major,N,N,1.0,0.0,20260922,main,pass,pass,0,0,17428.0,0.01801,0.0146944001317,0.0327044001317,0.0155949001317,1.186030041634898,0.5328946542305554,1.117544828938906,0.012227113831287606,0.005493759321964488,0.011521080710710372,AlphaSparse 248af573c867cf4c7e05d40c611c7c34ebac4715,CUDA,13040,13000,2026-10-07T23:27:18.568745+00:00,derived,csr-alg2,0,0,,,,5,20,4,true
3,A100-SXM4-80GB-suitesparse_all-fp64-n2-row-major-AlphaSparse-SpMM-CSR-pre-plus-solve,AlphaSparse-SpMM-CSR-best-pre-plus-solve,AlphaSparseLib CSR PER MATRIX BEST,per-matrix-best,AlphaSparse-SpMM-CSR,best,pre-plus-solve,"csr-alg1,csr-alg2,csr-alg3,csr-alg4,csr-alg5",manual-selection,csr,ALPHASPARSE_SPMM_CSR_ALG5,workspace-setup,spmm.csr.fp64,fp64,A100-SXM4-80GB,A100-SXM4-80GB,,9700.0,a0827285-e98d-55a9-b486-73107367c8f5,suitesparse_all,NYPA/Maragal_3,Maragal_3,1690,860,18391,2,row-major,N,N,1.0,0.0,20260922,main,pass,pass,0,0,73564.0,0.01786,0.012160000205,0.030020000205,0.013053000205,6.0496709506428825,2.450499650154816,5.635792449602586,0.06236774175920497,0.02526288299128676,0.05810095308868645,AlphaSparse 248af573c867cf4c7e05d40c611c7c34ebac4715,CUDA,13040,13000,2026-10-06T09:00:30.862094+00:00,derived,csr-alg5,0,0,,,,5,20,4,true
3,A100-SXM4-80GB-suitesparse_all-fp64-n2-row-major-AlphaSparse-SpMM-CSR-pre-plus-solve,AlphaSparse-SpMM-CSR-best-pre-plus-solve,AlphaSparseLib CSR PER MATRIX BEST,per-matrix-best,AlphaSparse-SpMM-CSR,best,pre-plus-solve,"csr-alg1,csr-alg2,csr-alg3,csr-alg4,csr-alg5",manual-selection,csr,ALPHASPARSE_SPMM_CSR_ALG5,workspace-setup,spmm.csr.fp64,fp64,A100-SXM4-80GB,A100-SXM4-80GB,,9700.0,dd6a9a30-d69d-5ea7-834e-7b0f3242a57c,suitesparse_all,NYPA/Maragal_4,Maragal_4,1964,1034,26719,2,row-major,N,N,1.0,0.0,20260922,main,pass,pass,0,0,106876.0,0.01228,0.0154624000192,0.0277424000192,0.0160764000192,6.911992954993386,3.852442468064519,6.64800576449692,0.07125765932982872,0.03971590173262391,0.06853614190203011,AlphaSparse 248af573c867cf4c7e05d40c611c7c34ebac4715,CUDA,13040,13000,2026-10-06T22:24:19.331262+00:00,derived,csr-alg5,0,0,,,,5,20,4,true
3,A100-SXM4-80GB-suitesparse_all-fp64-n2-row-major-AlphaSparse-SpMM-CSR-pre-plus-solve,AlphaSparse-SpMM-CSR-best-pre-plus-solve,AlphaSparseLib CSR PER MATRIX BEST,per-matrix-best,AlphaSparse-SpMM-CSR,best,pre-plus-solve,"csr-alg1,csr-alg2,csr-alg3,csr-alg4,csr-alg5",manual-selection,csr,ALPHASPARSE_SPMM_CSR_ALG5,workspace-setup,spmm.csr.fp64,fp64,A100-SXM4-80GB,A100-SXM4-80GB,,9700.0,005fdebf-9ece-5bc0-9d3c-6fda0356699d,suitesparse_all,NYPA/Maragal_5,Maragal_5,4654,3320,93091,2,row-major,N,N,1.0,0.0,20260922,main,pass,pass,0,0,372364.0,0.01404,0.0133632004261,0.0274032004261,0.0140652004261,27.864881774333533,13.588339836588734,26.47413394188291,0.28726682241580964,0.14008597769679107,0.27292921589570013,AlphaSparse 248af573c867cf4c7e05d40c611c7c34ebac4715,CUDA,13040,13000,2026-10-08T15:34:31.941340+00:00,derived,csr-alg5,0,0,,,,5,20,4,true
3,A100-SXM4-80GB-suitesparse_all-fp64-n2-row-major-AlphaSparse-SpMM-CSR-pre-plus-solve,AlphaSparse-SpMM-CSR-best-pre-plus-solve,AlphaSparseLib CSR PER MATRIX BEST,per-matrix-best,AlphaSparse-SpMM-CSR,best,pre-plus-solve,"csr-alg1,csr-alg2,csr-alg3,csr-alg4,csr-alg5",manual-selection,csr,ALPHASPARSE_SPMM_CSR_ALG5,workspace-setup,spmm.csr.fp64,fp64,A100-SXM4-80GB,A100-SXM4-80GB,,9700.0,d94c6f41-d28e-5f45-abb9-189a8a3b4f78,suitesparse_all,NYPA/Maragal_6,Maragal_6,21255,10152,537694,2,row-major,N,N,1.0,0.0,20260922,main,pass,pass,0,0,2150776.0,0.01384,0.0285183995962,0.0423583995962,0.0292103995962,75.41713526892951,50.77566717588989,73.630488789335,0.7774962398858712,0.5234604863493804,0.7590772040137629,AlphaSparse 248af573c867cf4c7e05d40c611c7c34ebac4715,CUDA,13040,13000,2026-10-06T03:36:41.912672+00:00,derived,csr-alg5,0,0,,,,5,20,4,true
3,A100-SXM4-80GB-suitesparse_all-fp64-n2-row-major-AlphaSparse-SpMM-CSR-pre-plus-solve,AlphaSparse-SpMM-CSR-best-pre-plus-solve,AlphaSparseLib CSR PER MATRIX BEST,per-matrix-best,AlphaSparse-SpMM-CSR,best,pre-plus-solve,"csr-alg1,csr-alg2,csr-alg3,csr-alg4,csr-alg5",manual-selection,csr,ALPHASPARSE_SPMM_CSR_ALG5,workspace-setup,spmm.csr.fp64,fp64,A100-SXM4-80GB,A100-SXM4-80GB,,9700.0,018f64fd-81d1-5f6a-986f-7d386c913e5c,suitesparse_all,NYPA/Maragal_7,Maragal_7,46845,26564,1200537,2,row-major,N,N,1.0,0.0,20260922,main,pass,pass,0,0,4802148.0,0.01421,0.0465920001268,0.0608020001268,0.0473025001268,103.06808007664335,78.98009917412787,101.5199616749066,1.0625575265633336,0.8142278265374007,1.046597543040274,AlphaSparse 248af573c867cf4c7e05d40c611c7c34ebac4715,CUDA,13040,13000,2026-10-06T23:12:06.188967+00:00,derived,csr-alg5,0,0,,,,5,20,4,true
3,A100-SXM4-80GB-suitesparse_all-fp64-n2-row-major-AlphaSparse-SpMM-CSR-pre-plus-solve,AlphaSparse-SpMM-CSR-best-pre-plus-solve,AlphaSparseLib CSR PER MATRIX BEST,per-matrix-best,AlphaSparse-SpMM-CSR,best,pre-plus-solve,"csr-alg1,csr-alg2,csr-alg3,csr-alg4,csr-alg5",manual-selection,csr,ALPHASPARSE_SPMM_CSR_ALG5,workspace-setup,spmm.csr.fp64,fp64,A100-SXM4-80GB,A100-SXM4-80GB,,9700.0,d94c6f41-d28e-5f45-abb9-189a8a3b4f78,suitesparse_all,NYPA/Maragal_8,Maragal_8,33212,75077,1308415,2,row-major,N,N,1.0,0.0,20260922,main,pass,pass,0,0,5233660.0,0.0165,0.0500735998154,0.0665735998154,0.0508985998154,104.51934790576813,78.61464626386832,102.8252254282345,1.0775190505749292,0.8104602707615292,1.0600538703941702,AlphaSparse 248af573c867cf4c7e05d40c611c7c34ebac4715,CUDA,13040,13000,2026-10-06T03:42:31.576574+00:00,derived,csr-alg5,0,0,,,,5,20,4,true
3,A100-SXM4-80GB-suitesparse_all-fp64-n2-row-major-AlphaSparse-SpMM-CSR-pre-plus-solve,AlphaSparse-SpMM-CSR-best-pre-plus-solve,AlphaSparseLib CSR PER MATRIX BEST,per-matrix-best,AlphaSparse-SpMM-CSR,best,pre-plus-solve,"csr-alg1,csr-alg2,csr-alg3,csr-alg4,csr-alg5",manual-selection,csr,ALPHASPARSE_SPMM_CSR_ALG1,workspace-setup,spmm.csr.fp64,fp64,A100-SXM4-80GB,A100-SXM4-80GB,,9700.0,152f8cc9-7213-5fba-8430-8cd9341fa530,suitesparse_all,Oberwolfach/bone010,bone010,986703,986703,71666325,2,row-major,N,N,1.0,0.0,20260922,main,pass,pass,0,0,286665300.0,0.35514,1.06787843704,1.42301843704,1.08563543704,268.443757319975,201.44876028190353,264.05300547446836,2.7674614156698456,2.0767913431124074,2.722195932726478,AlphaSparse 248af573c867cf4c7e05d40c611c7c34ebac4715,CUDA,13040,13000,2026-10-07T22:27:47.428605+00:00,derived,csr-alg1,0,0,,,,5,20,4,true
3,A100-SXM4-80GB-suitesparse_all-fp64-n2-row-major-AlphaSparse-SpMM-CSR-pre-plus-solve,AlphaSparse-SpMM-CSR-best-pre-plus-solve,AlphaSparseLib CSR PER MATRIX BEST,per-matrix-best,AlphaSparse-SpMM-CSR,best,pre-plus-solve,"csr-alg1,csr-alg2,csr-alg3,csr-alg4,csr-alg5",manual-selection,csr,ALPHASPARSE_SPMM_CSR_ALG1,workspace-setup,spmm.csr.fp64,fp64,A100-SXM4-80GB,A100-SXM4-80GB,,9700.0,a0827285-e98d-55a9-b486-73107367c8f5,suitesparse_all,Oberwolfach/boneS01,boneS01,127224,127224,6715152,2,row-major,N,N,1.0,0.0,20260922,main,pass,pass,0,0,26860608.0,0.03867,0.14295040369,0.18162040369,0.14488390369,187.90158898920978,147.89422033136327,185.39401076238352,1.9371297833939154,1.5246826838284873,1.911278461467871,AlphaSparse 248af573c867cf4c7e05d40c611c7c34ebac4715,CUDA,13040,13000,2026-10-06T07:06:48.984022+00:00,derived,csr-alg1,0,0,,,,5,20,4,true
3,A100-SXM4-80GB-suitesparse_all-fp64-n2-row-major-AlphaSparse-SpMM-CSR-pre-plus-solve,AlphaSparse-SpMM-CSR-best-pre-plus-solve,AlphaSparseLib CSR PER MATRIX BEST,per-matrix-best,AlphaSparse-SpMM-CSR,best,pre-plus-solve,"csr-alg1,csr-alg2,csr-alg3,csr-alg4,csr-alg5",manual-selection,csr,ALPHASPARSE_SPMM_CSR_ALG4,workspace-setup,spmm.csr.fp64,fp64,A100-SXM4-80GB,A100-SXM4-80GB,,9700.0,dd6a9a30-d69d-5ea7-834e-7b0f3242a57c,suitesparse_all,Oberwolfach/boneS10,boneS10,914898,914898,55468422,2,row-major,N,N,1.0,0.0,20260922,main,pass,pass,0,0,221873688.0,0.57408,1.08462076187,1.65870076187,1.11332476187,204.5633790168893,133.76354138154622,199.28927802461615,2.108900814607106,1.379005581253054,2.0545286394290327,AlphaSparse 248af573c867cf4c7e05d40c611c7c34ebac4715,CUDA,13040,13000,2026-10-06T21:46:42.232742+00:00,derived,csr-alg4,0,0,,,,5,20,4,true
3,A100-SXM4-80GB-suitesparse_all-fp64-n2-row-major-AlphaSparse-SpMM-CSR-pre-plus-solve,AlphaSparse-SpMM-CSR-best-pre-plus-solve,AlphaSparseLib CSR PER MATRIX BEST,per-matrix-best,AlphaSparse-SpMM-CSR,best,pre-plus-solve,"csr-alg1,csr-alg2,csr-alg3,csr-alg4,csr-alg5",manual-selection,csr,ALPHASPARSE_SPMM_CSR_ALG1,workspace-setup,spmm.csr.fp64,fp64,A100-SXM4-80GB,A100-SXM4-80GB,,9700.0,752b02ae-c4ef-54eb-ad5c-0957985c94ee,suitesparse_all,Oberwolfach/chipcool0,chipcool0,20082,20082,281150,2,row-major,N,N,1.0,0.0,20260922,main,pass,pass,0,0,1124600.0,0.01655,0.0132095992565,0.0297595992565,0.0140370992565,85.13505808638533,37.789487361943166,80.11626757424574,0.8776810111998488,0.3895823439375584,0.8259409028272756,AlphaSparse 248af573c867cf4c7e05d40c611c7c34ebac4715,CUDA,13040,13000,2026-10-08T03:35:46.539218+00:00,derived,csr-alg1,0,0,,,,5,20,4,true
3,A100-SXM4-80GB-suitesparse_all-fp64-n2-row-major-AlphaSparse-SpMM-CSR-pre-plus-solve,AlphaSparse-SpMM-CSR-best-pre-plus-solve,AlphaSparseLib CSR PER MATRIX BEST,per-matrix-best,AlphaSparse-SpMM-CSR,best,pre-plus-solve,"csr-alg1,csr-alg2,csr-alg3,csr-alg4,csr-alg5",manual-selection,csr,ALPHASPARSE_SPMM_CSR_ALG1,workspace-setup,spmm.csr.fp64,fp64,A100-SXM4-80GB,A100-SXM4-80GB,,9700.0,152f8cc9-7213-5fba-8430-8cd9341fa530,suitesparse_all,Oberwolfach/chipcool1,chipcool1,20082,20082,281150,2,row-major,N,N,1.0,0.0,20260922,main,pass,pass,0,0,1124600.0,0.02387,0.0131071999669,0.0369771999669,0.0143006999669,85.80017111511121,30.413335812519104,78.63950733900911,0.8845378465475383,0.3135395444589598,0.8107165705052486,AlphaSparse 248af573c867cf4c7e05d40c611c7c34ebac4715,CUDA,13040,13000,2026-10-07T22:27:22.161243+00:00,derived,csr-alg1,0,0,,,,5,20,4,true
3,A100-SXM4-80GB-suitesparse_all-fp64-n2-row-major-AlphaSparse-SpMM-CSR-pre-plus-solve,AlphaSparse-SpMM-CSR-best-pre-plus-solve,AlphaSparseLib CSR PER MATRIX BEST,per-matrix-best,AlphaSparse-SpMM-CSR,best,pre-plus-solve,"csr-alg1,csr-alg2,csr-alg3,csr-alg4,csr-alg5",manual-selection,csr,ALPHASPARSE_SPMM_CSR_ALG1,workspace-setup,spmm.csr.fp64,fp64,A100-SXM4-80GB,A100-SXM4-80GB,,9700.0,a0827285-e98d-55a9-b486-73107367c8f5,suitesparse_all,Oberwolfach/filter2D,filter2D,1668,1668,10750,2,row-major,N,N,1.0,0.0,20260922,main,pass,pass,0,0,43000.0,0.0184,0.00737280026078,0.0257728002608,0.00829280026078,5.8322480575990605,1.668425610134506,5.185220751470931,0.06012626863504186,0.017200264022005217,0.05345588403578279,AlphaSparse 248af573c867cf4c7e05d40c611c7c34ebac4715,CUDA,13040,13000,2026-10-06T07:06:43.296116+00:00,derived,csr-alg1,0,0,,,,5,20,4,true
3,A100-SXM4-80GB-suitesparse_all-fp64-n2-row-major-AlphaSparse-SpMM-CSR-pre-plus-solve,AlphaSparse-SpMM-CSR-best-pre-plus-solve,AlphaSparseLib CSR PER MATRIX BEST,per-matrix-best,AlphaSparse-SpMM-CSR,best,pre-plus-solve,"csr-alg1,csr-alg2,csr-alg3,csr-alg4,csr-alg5",manual-selection,csr,ALPHASPARSE_SPMM_CSR_ALG5,workspace-setup,spmm.csr.fp64,fp64,A100-SXM4-80GB,A100-SXM4-80GB,,9700.0,dd6a9a30-d69d-5ea7-834e-7b0f3242a57c,suitesparse_all,Oberwolfach/filter3D,filter3D,106437,106437,2707179,2,row-major,N,N,1.0,0.0,20260922,main,pass,pass,0,0,10828716.0,0.01898,0.0890367984772,0.108016798477,0.0899857984772,121.62068027157278,100.25029581214403,120.33805537374555,1.2538214460986885,1.0335082042489074,1.240598509007686,AlphaSparse 248af573c867cf4c7e05d40c611c7c34ebac4715,CUDA,13040,13000,2026-10-06T22:22:52.120481+00:00,derived,csr-alg5,0,0,,,,5,20,4,true
3,A100-SXM4-80GB-suitesparse_all-fp64-n2-row-major-AlphaSparse-SpMM-CSR-pre-plus-solve,AlphaSparse-SpMM-CSR-best-pre-plus-solve,AlphaSparseLib CSR PER MATRIX BEST,per-matrix-best,AlphaSparse-SpMM-CSR,best,pre-plus-solve,"csr-alg1,csr-alg2,csr-alg3,csr-alg4,csr-alg5",manual-selection,csr,ALPHASPARSE_SPMM_CSR_ALG1,workspace-setup,spmm.csr.fp64,fp64,A100-SXM4-80GB,A100-SXM4-80GB,,9700.0,005fdebf-9ece-5bc0-9d3c-6fda0356699d,suitesparse_all,Oberwolfach/flowmeter0,flowmeter0,9669,9669,67391,2,row-major,N,N,1.0,0.0,20260922,main,pass,pass,0,0,269564.0,0.01343,0.00711679980159,0.0205467998016,0.00778829980159,37.8771368473475,13.119512654180278,34.611405167655185,0.39048594687987115,0.1352527077750544,0.35681860997582665,AlphaSparse 248af573c867cf4c7e05d40c611c7c34ebac4715,CUDA,13040,13000,2026-10-08T13:55:38.998340+00:00,derived,csr-alg1,0,0,,,,5,20,4,true
3,A100-SXM4-80GB-suitesparse_all-fp64-n2-row-major-AlphaSparse-SpMM-CSR-pre-plus-solve,AlphaSparse-SpMM-CSR-best-pre-plus-solve,AlphaSparseLib CSR PER MATRIX BEST,per-matrix-best,AlphaSparse-SpMM-CSR,best,pre-plus-solve,"csr-alg1,csr-alg2,csr-alg3,csr-alg4,csr-alg5",manual-selection,csr,ALPHASPARSE_SPMM_CSR_ALG1,workspace-setup,spmm.csr.fp64,fp64,A100-SXM4-80GB,A100-SXM4-80GB,,9700.0,d94c6f41-d28e-5f45-abb9-189a8a3b4f78,suitesparse_all,Oberwolfach/flowmeter5,flowmeter5,9669,9669,67391,2,row-major,N,N,1.0,0.0,20260922,main,pass,pass,0,0,269564.0,0.01301,0.00604160018265,0.0190516001827,0.00669210018265,44.617980642632055,14.149152691372368,40.280927159290606,0.4599791818828047,0.14586755351930278,0.415267290301965,AlphaSparse 248af573c867cf4c7e05d40c611c7c34ebac4715,CUDA,13040,13000,2026-10-06T01:52:30.623350+00:00,derived,csr-alg1,0,0,,,,5,20,4,true
3,A100-SXM4-80GB-suitesparse_all-fp64-n2-row-major-AlphaSparse-SpMM-CSR-pre-plus-solve,AlphaSparse-SpMM-CSR-best-pre-plus-solve,AlphaSparseLib CSR PER MATRIX BEST,per-matrix-best,AlphaSparse-SpMM-CSR,best,pre-plus-solve,"csr-alg1,csr-alg2,csr-alg3,csr-alg4,csr-alg5",manual-selection,csr,ALPHASPARSE_SPMM_CSR_ALG1,workspace-setup,spmm.csr.fp64,fp64,A100-SXM4-80GB,A100-SXM4-80GB,,9700.0,018f64fd-81d1-5f6a-986f-7d386c913e5c,suitesparse_all,Oberwolfach/gas_sensor,gas_sensor,66917,66917,1703365,2,row-major,N,N,1.0,0.0,20260922,main,pass,pass,0,0,6813460.0,0.02414,0.0290816009045,0.0532216009045,0.0302886009045,234.28765226420893,128.0205759354358,224.9512950922642,2.4153366212805043,1.3197997519117093,2.3190855164150945,AlphaSparse 248af573c867cf4c7e05d40c611c7c34ebac4715,CUDA,13040,13000,2026-10-06T20:29:11.101956+00:00,derived,csr-alg1,0,0,,,,5,20,4,true
3,A100-SXM4-80GB-suitesparse_all-fp64-n2-row-major-AlphaSparse-SpMM-CSR-pre-plus-solve,AlphaSparse-SpMM-CSR-best-pre-plus-solve,AlphaSparseLib CSR PER MATRIX BEST,per-matrix-best,AlphaSparse-SpMM-CSR,best,pre-plus-solve,"csr-alg1,csr-alg2,csr-alg3,csr-alg4,csr-alg5",manual-selection,csr,ALPHASPARSE_SPMM_CSR_ALG5,workspace-setup,spmm.csr.fp64,fp64,A100-SXM4-80GB,A100-SXM4-80GB,,9700.0,018f64fd-81d1-5f6a-986f-7d386c913e5c,suitesparse_all,Oberwolfach/gyro_k,gyro_k,17361,17361,1021159,2,row-major,N,N,1.0,0.0,20260922,main,pass,pass,0,0,4084636.0,0.01425,0.0346112012863,0.0488612012863,0.0353237012863,118.01485785518817,83.59671666822639,115.63442819578457,1.2166480191256512,0.8618218213219215,1.1921075071730367,AlphaSparse 248af573c867cf4c7e05d40c611c7c34ebac4715,CUDA,13040,13000,2026-10-06T23:08:40.813695+00:00,derived,csr-alg5,0,0,,,,5,20,4,true
3,A100-SXM4-80GB-suitesparse_all-fp64-n2-row-major-AlphaSparse-SpMM-CSR-pre-plus-solve,AlphaSparse-SpMM-CSR-best-pre-plus-solve,AlphaSparseLib CSR PER MATRIX BEST,per-matrix-best,AlphaSparse-SpMM-CSR,best,pre-plus-solve,"csr-alg1,csr-alg2,csr-alg3,csr-alg4,csr-alg5",manual-selection,csr,ALPHASPARSE_SPMM_CSR_ALG1,workspace-setup,spmm.csr.fp64,fp64,A100-SXM4-80GB,A100-SXM4-80GB,,9700.0,752b02ae-c4ef-54eb-ad5c-0957985c94ee,suitesparse_all,Oberwolfach/inlet,inlet,11730,11730,328323,2,row-major,N,N,1.0,0.0,20260922,main,pass,pass,0,0,1313292.0,0.01706,0.0164864003658,0.0335464003658,0.0173394003658,79.65911119836332,39.14852221637703,75.74033543803046,0.8212279504985909,0.40359301253996943,0.7808282003920666,AlphaSparse 248af573c867cf4c7e05d40c611c7c34ebac4715,CUDA,13040,13000,2026-10-08T03:35:47.407882+00:00,derived,csr-alg1,0,0,,,,5,20,4,true
3,A100-SXM4-80GB-suitesparse_all-fp64-n2-row-major-AlphaSparse-SpMM-CSR-pre-plus-solve,AlphaSparse-SpMM-CSR-best-pre-plus-solve,AlphaSparseLib CSR PER MATRIX BEST,per-matrix-best,AlphaSparse-SpMM-CSR,best,pre-plus-solve,"csr-alg1,csr-alg2,csr-alg3,csr-alg4,csr-alg5",manual-selection,csr,ALPHASPARSE_SPMM_CSR_ALG1,workspace-setup,spmm.csr.fp64,fp64,A100-SXM4-80GB,A100-SXM4-80GB,,9700.0,a0827285-e98d-55a9-b486-73107367c8f5,suitesparse_all,Oberwolfach/LF10,LF10,18,18,82,2,row-major,N,N,1.0,0.0,20260922,main,pass,pass,0,0,328.0,0.01231,0.00511999987066,0.0174299998707,0.00573549987066,0.0640625016183289,0.01881812980110064,0.0571876919879097,0.0006604381610136999,0.00019400133815567668,0.0005895638349269041,AlphaSparse 248af573c867cf4c7e05d40c611c7c34ebac4715,CUDA,13040,13000,2026-10-06T07:06:44.535963+00:00,derived,csr-alg1,0,0,,,,5,20,4,true
3,A100-SXM4-80GB-suitesparse_all-fp64-n2-row-major-AlphaSparse-SpMM-CSR-pre-plus-solve,AlphaSparse-SpMM-CSR-best-pre-plus-solve,AlphaSparseLib CSR PER MATRIX BEST,per-matrix-best,AlphaSparse-SpMM-CSR,best,pre-plus-solve,"csr-alg1,csr-alg2,csr-alg3,csr-alg4,csr-alg5",manual-selection,csr,ALPHASPARSE_SPMM_CSR_ALG1,workspace-setup,spmm.csr.fp64,fp64,A100-SXM4-80GB,A100-SXM4-80GB,,9700.0,152f8cc9-7213-5fba-8430-8cd9341fa530,suitesparse_all,Oberwolfach/LF10000,LF10000,19998,19998,99982,2,row-major,N,N,1.0,0.0,20260922,main,pass,pass,0,0,399928.0,0.023849,0.00609279982746,0.0299417998275,0.00728524982746,65.63944513613279,13.3568456907753,54.895577979023784,0.6766953106817813,0.13769944011108556,0.5659337935981833,AlphaSparse 248af573c867cf4c7e05d40c611c7c34ebac4715,CUDA,13040,13000,2026-10-07T22:27:22.827849+00:00,derived,csr-alg1,0,0,,,,5,20,4,true
3,A100-SXM4-80GB-suitesparse_all-fp64-n2-row-major-AlphaSparse-SpMM-CSR-pre-plus-solve,AlphaSparse-SpMM-CSR-best-pre-plus-solve,AlphaSparseLib CSR PER MATRIX BEST,per-matrix-best,AlphaSparse-SpMM-CSR,best,pre-plus-solve,"csr-alg1,csr-alg2,csr-alg3,csr-alg4,csr-alg5",manual-selection,csr,ALPHASPARSE_SPMM_CSR_ALG1,workspace-setup,spmm.csr.fp64,fp64,A100-SXM4-80GB,A100-SXM4-80GB,,9700.0,005fdebf-9ece-5bc0-9d3c-6fda0356699d,suitesparse_all,Oberwolfach/LFAT5,LFAT5,14,14,46,2,row-major,N,N,1.0,0.0,20260922,main,pass,pass,0,0,184.0,0.01238,0.00471040010452,0.0170904001045,0.00532940010452,0.03906249913323446,0.010766278078624488,0.034525461851502744,0.0004027061766312831,0.00011099255751159265,0.00035593259640724476,AlphaSparse 248af573c867cf4c7e05d40c611c7c34ebac4715,CUDA,13040,13000,2026-10-08T13:55:39.596927+00:00,derived,csr-alg1,0,0,,,,5,20,4,true
3,A100-SXM4-80GB-suitesparse_all-fp64-n2-row-major-AlphaSparse-SpMM-CSR-pre-plus-solve,AlphaSparse-SpMM-CSR-best-pre-plus-solve,AlphaSparseLib CSR PER MATRIX BEST,per-matrix-best,AlphaSparse-SpMM-CSR,best,pre-plus-solve,"csr-alg1,csr-alg2,csr-alg3,csr-alg4,csr-alg5",manual-selection,csr,ALPHASPARSE_SPMM_CSR_ALG4,workspace-setup,spmm.csr.fp64,fp64,A100-SXM4-80GB,A100-SXM4-80GB,,9700.0,dd6a9a30-d69d-5ea7-834e-7b0f3242a57c,suitesparse_all,Oberwolfach/LFAT5000,LFAT5000,19994,19994,79966,2,row-major,N,N,1.0,0.0,20260922,main,pass,pass,0,0,319864.0,0.01415,0.0133120000362,0.0274620000362,0.0140195000362,24.02824512696646,11.64751291160003,22.81564957195859,0.24771386728831402,0.12007745269690753,0.23521288218514008,AlphaSparse 248af573c867cf4c7e05d40c611c7c34ebac4715,CUDA,13040,13000,2026-10-06T21:46:21.721194+00:00,derived,csr-alg4,0,0,,,,5,20,4,true
3,A100-SXM4-80GB-suitesparse_all-fp64-n2-row-major-AlphaSparse-SpMM-CSR-pre-plus-solve,AlphaSparse-SpMM-CSR-best-pre-plus-solve,AlphaSparseLib CSR PER MATRIX BEST,per-matrix-best,AlphaSparse-SpMM-CSR,best,pre-plus-solve,"csr-alg1,csr-alg2,csr-alg3,csr-alg4,csr-alg5",manual-selection,csr,ALPHASPARSE_SPMM_CSR_ALG5,workspace-setup,spmm.csr.fp64,fp64,A100-SXM4-80GB,A100-SXM4-80GB,,9700.0,d94c6f41-d28e-5f45-abb9-189a8a3b4f78,suitesparse_all,Oberwolfach/piston,piston,2025,2025,100015,2,row-major,N,N,1.0,0.0,20260922,main,pass,pass,0,0,400060.0,0.01302,0.0140799999237,0.0270999999237,0.0147309999237,28.4133524267002,14.762361665179638,27.157694798189677,0.2929211590381464,0.15218929551731586,0.27997623503288327,AlphaSparse 248af573c867cf4c7e05d40c611c7c34ebac4715,CUDA,13040,13000,2026-10-06T03:35:17.280020+00:00,derived,csr-alg5,0,0,,,,5,20,4,true
3,A100-SXM4-80GB-suitesparse_all-fp64-n2-row-major-AlphaSparse-SpMM-CSR-pre-plus-solve,AlphaSparse-SpMM-CSR-best-pre-plus-solve,AlphaSparseLib CSR PER MATRIX BEST,per-matrix-best,AlphaSparse-SpMM-CSR,best,pre-plus-solve,"csr-alg1,csr-alg2,csr-alg3,csr-alg4,csr-alg5",manual-selection,csr,ALPHASPARSE_SPMM_CSR_ALG3,workspace-setup,spmm.csr.fp64,fp64,A100-SXM4-80GB,A100-SXM4-80GB,,9700.0,018f64fd-81d1-5f6a-986f-7d386c913e5c,suitesparse_all,Oberwolfach/rail_1357,rail_1357,1357,1357,8985,2,row-major,N,N,1.0,0.0,20260922,main,pass,pass,0,0,35940.0,0.01115,0.014899200201,0.026049200201,0.015456700201,2.4122100190040934,1.3796968706402089,2.325205220560259,0.024868144525815396,0.01422367907876504,0.02397118784082741,AlphaSparse 248af573c867cf4c7e05d40c611c7c34ebac4715,CUDA,13040,13000,2026-10-06T21:54:29.925528+00:00,derived,csr-alg3,0,0,,,,5,20,4,true
3,A100-SXM4-80GB-suitesparse_all-fp64-n2-row-major-AlphaSparse-SpMM-CSR-pre-plus-solve,AlphaSparse-SpMM-CSR-best-pre-plus-solve,AlphaSparseLib CSR PER MATRIX BEST,per-matrix-best,AlphaSparse-SpMM-CSR,best,pre-plus-solve,"csr-alg1,csr-alg2,csr-alg3,csr-alg4,csr-alg5",manual-selection,csr,ALPHASPARSE_SPMM_CSR_ALG1,workspace-setup,spmm.csr.fp64,fp64,A100-SXM4-80GB,A100-SXM4-80GB,,9700.0,752b02ae-c4ef-54eb-ad5c-0957985c94ee,suitesparse_all,Oberwolfach/rail_5177,rail_5177,5177,5177,35185,2,row-major,N,N,1.0,0.0,20260922,main,pass,pass,0,0,140740.0,0.01597,0.00783360004425,0.0238036000443,0.00863210004425,17.96619679393839,5.912551031695794,16.30425959830592,0.1852185236488494,0.06095413434737933,0.16808515049799916,AlphaSparse 248af573c867cf4c7e05d40c611c7c34ebac4715,CUDA,13040,13000,2026-10-08T03:35:48.052145+00:00,derived,csr-alg1,0,0,,,,5,20,4,true
3,A100-SXM4-80GB-suitesparse_all-fp64-n2-row-major-AlphaSparse-SpMM-CSR-pre-plus-solve,AlphaSparse-SpMM-CSR-best-pre-plus-solve,AlphaSparseLib CSR PER MATRIX BEST,per-matrix-best,AlphaSparse-SpMM-CSR,best,pre-plus-solve,"csr-alg1,csr-alg2,csr-alg3,csr-alg4,csr-alg5",manual-selection,csr,ALPHASPARSE_SPMM_CSR_ALG1,workspace-setup,spmm.csr.fp64,fp64,A100-SXM4-80GB,A100-SXM4-80GB,,9700.0,152f8cc9-7213-5fba-8430-8cd9341fa530,suitesparse_all,Oberwolfach/rail_79841,rail_79841,79841,79841,553921,2,row-major,N,N,1.0,0.0,20260922,main,pass,pass,0,0,2215684.0,0.02094,0.0157184004784,0.0366584004784,0.0167654004784,140.96116224069752,60.44137144787683,132.15813143590668,1.4532078581515209,0.6231069221430601,1.36245496325677,AlphaSparse 248af573c867cf4c7e05d40c611c7c34ebac4715,CUDA,13040,13000,2026-10-07T22:27:23.691194+00:00,derived,csr-alg1,0,0,,,,5,20,4,true
3,A100-SXM4-80GB-suitesparse_all-fp64-n2-row-major-AlphaSparse-SpMM-CSR-pre-plus-solve,AlphaSparse-SpMM-CSR-best-pre-plus-solve,AlphaSparseLib CSR PER MATRIX BEST,per-matrix-best,AlphaSparse-SpMM-CSR,best,pre-plus-solve,"csr-alg1,csr-alg2,csr-alg3,csr-alg4,csr-alg5",manual-selection,csr,ALPHASPARSE_SPMM_CSR_ALG5,workspace-setup,spmm.csr.fp64,fp64,A100-SXM4-80GB,A100-SXM4-80GB,,9700.0,a0827285-e98d-55a9-b486-73107367c8f5,suitesparse_all,Oberwolfach/spiral,spiral,1434,1434,18228,2,row-major,N,N,1.0,0.0,20260922,main,pass,pass,0,0,72912.0,0.01338,0.0138991996646,0.0272791996646,0.0145681996646,5.245769667278056,2.6728056869871195,5.004873744088814,0.05408009966266038,0.027554697803990925,0.05159663653699808,AlphaSparse 248af573c867cf4c7e05d40c611c7c34ebac4715,CUDA,13040,13000,2026-10-06T08:59:00.803090+00:00,derived,csr-alg5,0,0,,,,5,20,4,true
3,A100-SXM4-80GB-suitesparse_all-fp64-n2-row-major-AlphaSparse-SpMM-CSR-pre-plus-solve,AlphaSparse-SpMM-CSR-best-pre-plus-solve,AlphaSparseLib CSR PER MATRIX BEST,per-matrix-best,AlphaSparse-SpMM-CSR,best,pre-plus-solve,"csr-alg1,csr-alg2,csr-alg3,csr-alg4,csr-alg5",manual-selection,csr,ALPHASPARSE_SPMM_CSR_ALG1,workspace-setup,spmm.csr.fp64,fp64,A100-SXM4-80GB,A100-SXM4-80GB,,9700.0,dd6a9a30-d69d-5ea7-834e-7b0f3242a57c,suitesparse_all,Oberwolfach/t2dah,t2dah,11445,11445,176117,2,row-major,N,N,1.0,0.0,20260922,main,pass,pass,0,0,704468.0,0.01371,0.0112127996981,0.0249227996981,0.0118982996981,62.82712783314693,28.26600576714924,59.207451306046195,0.6477023487953292,0.29140212131081694,0.6103860959386206,AlphaSparse 248af573c867cf4c7e05d40c611c7c34ebac4715,CUDA,13040,13000,2026-10-06T19:52:23.567280+00:00,derived,csr-alg1,0,0,,,,5,20,4,true
3,A100-SXM4-80GB-suitesparse_all-fp64-n2-row-major-AlphaSparse-SpMM-CSR-pre-plus-solve,AlphaSparse-SpMM-CSR-best-pre-plus-solve,AlphaSparseLib CSR PER MATRIX BEST,per-matrix-best,AlphaSparse-SpMM-CSR,best,pre-plus-solve,"csr-alg1,csr-alg2,csr-alg3,csr-alg4,csr-alg5",manual-selection,csr,ALPHASPARSE_SPMM_CSR_ALG5,workspace-setup,spmm.csr.fp64,fp64,A100-SXM4-80GB,A100-SXM4-80GB,,9700.0,752b02ae-c4ef-54eb-ad5c-0957985c94ee,suitesparse_all,Oberwolfach/t2dah_a,t2dah_a,11445,11445,176117,2,row-major,N,N,1.0,0.0,20260922,main,pass,pass,0,0,704468.0,0.01309,0.0157695993781,0.0288595993781,0.0164240993781,44.67253625848787,24.410179461277725,42.8923366683559,0.46054161091224605,0.2516513346523477,0.4421890378181021,AlphaSparse 248af573c867cf4c7e05d40c611c7c34ebac4715,CUDA,13040,13000,2026-10-08T07:58:43.818456+00:00,derived,csr-alg5,0,0,,,,5,20,4,true
3,A100-SXM4-80GB-suitesparse_all-fp64-n2-row-major-AlphaSparse-SpMM-CSR-pre-plus-solve,AlphaSparse-SpMM-CSR-best-pre-plus-solve,AlphaSparseLib CSR PER MATRIX BEST,per-matrix-best,AlphaSparse-SpMM-CSR,best,pre-plus-solve,"csr-alg1,csr-alg2,csr-alg3,csr-alg4,csr-alg5",manual-selection,csr,ALPHASPARSE_SPMM_CSR_ALG1,workspace-setup,spmm.csr.fp64,fp64,A100-SXM4-80GB,A100-SXM4-80GB,,9700.0,152f8cc9-7213-5fba-8430-8cd9341fa530,suitesparse_all,Oberwolfach/t2dah_e,t2dah_e,11445,11445,176117,2,row-major,N,N,1.0,0.0,20260922,main,pass,pass,0,0,704468.0,0.02133,0.0114175997674,0.0327475997674,0.0124840997674,61.70018343184756,21.512049890792085,56.42921901662406,0.636084365276779,0.22177371021435138,0.5817445259445779,AlphaSparse 248af573c867cf4c7e05d40c611c7c34ebac4715,CUDA,13040,13000,2026-10-07T22:26:32.392793+00:00,derived,csr-alg1,0,0,,,,5,20,4,true
3,A100-SXM4-80GB-suitesparse_all-fp64-n2-row-major-AlphaSparse-SpMM-CSR-pre-plus-solve,AlphaSparse-SpMM-CSR-best-pre-plus-solve,AlphaSparseLib CSR PER MATRIX BEST,per-matrix-best,AlphaSparse-SpMM-CSR,best,pre-plus-solve,"csr-alg1,csr-alg2,csr-alg3,csr-alg4,csr-alg5",manual-selection,csr,ALPHASPARSE_SPMM_CSR_ALG1,workspace-setup,spmm.csr.fp64,fp64,A100-SXM4-80GB,A100-SXM4-80GB,,9700.0,d94c6f41-d28e-5f45-abb9-189a8a3b4f78,suitesparse_all,Oberwolfach/t2dal,t2dal,4257,4257,37465,2,row-major,N,N,1.0,0.0,20260922,main,pass,pass,0,0,149860.0,0.013209,0.00727040022612,0.0204794002261,0.00793085022612,20.612345309630346,7.317597114441403,18.89583029905683,0.21249840525392108,0.07543914550970518,0.19480237421708071,AlphaSparse 248af573c867cf4c7e05d40c611c7c34ebac4715,CUDA,13040,13000,2026-10-06T01:52:31.984877+00:00,derived,csr-alg1,0,0,,,,5,20,4,true
3,A100-SXM4-80GB-suitesparse_all-fp64-n2-row-major-AlphaSparse-SpMM-CSR-pre-plus-solve,AlphaSparse-SpMM-CSR-best-pre-plus-solve,AlphaSparseLib CSR PER MATRIX BEST,per-matrix-best,AlphaSparse-SpMM-CSR,best,pre-plus-solve,"csr-alg1,csr-alg2,csr-alg3,csr-alg4,csr-alg5",manual-selection,csr,ALPHASPARSE_SPMM_CSR_ALG1,workspace-setup,spmm.csr.fp64,fp64,A100-SXM4-80GB,A100-SXM4-80GB,,9700.0,a0827285-e98d-55a9-b486-73107367c8f5,suitesparse_all,Oberwolfach/t2dal_a,t2dal_a,4257,4257,37465,2,row-major,N,N,1.0,0.0,20260922,main,pass,pass,0,0,149860.0,0.01815,0.00727040022612,0.0254204002261,0.00817790022612,20.612345309630346,5.89526516762445,18.32499735339777,0.21249840525392108,0.06077592956313866,0.1889174984886368,AlphaSparse 248af573c867cf4c7e05d40c611c7c34ebac4715,CUDA,13040,13000,2026-10-06T07:05:36.203524+00:00,derived,csr-alg1,0,0,,,,5,20,4,true
3,A100-SXM4-80GB-suitesparse_all-fp64-n2-row-major-AlphaSparse-SpMM-CSR-pre-plus-solve,AlphaSparse-SpMM-CSR-best-pre-plus-solve,AlphaSparseLib CSR PER MATRIX BEST,per-matrix-best,AlphaSparse-SpMM-CSR,best,pre-plus-solve,"csr-alg1,csr-alg2,csr-alg3,csr-alg4,csr-alg5",manual-selection,csr,ALPHASPARSE_SPMM_CSR_ALG1,workspace-setup,spmm.csr.fp64,fp64,A100-SXM4-80GB,A100-SXM4-80GB,,9700.0,005fdebf-9ece-5bc0-9d3c-6fda0356699d,suitesparse_all,Oberwolfach/t2dal_bci,t2dal_bci,4257,4257,37465,2,row-major,N,N,1.0,0.0,20260922,main,pass,pass,0,0,149860.0,0.01324,0.00614399984479,0.0193839998448,0.00680599984479,24.39127665784018,7.731118510104705,22.018807437193523,0.25145646039010494,0.0797022526814918,0.22699801481642806,AlphaSparse 248af573c867cf4c7e05d40c611c7c34ebac4715,CUDA,13040,13000,2026-10-08T13:55:40.215730+00:00,derived,csr-alg1,0,0,,,,5,20,4,true
3,A100-SXM4-80GB-suitesparse_all-fp64-n2-row-major-AlphaSparse-SpMM-CSR-pre-plus-solve,AlphaSparse-SpMM-CSR-best-pre-plus-solve,AlphaSparseLib CSR PER MATRIX BEST,per-matrix-best,AlphaSparse-SpMM-CSR,best,pre-plus-solve,"csr-alg1,csr-alg2,csr-alg3,csr-alg4,csr-alg5",manual-selection,csr,ALPHASPARSE_SPMM_CSR_ALG1,workspace-setup,spmm.csr.fp64,fp64,A100-SXM4-80GB,A100-SXM4-80GB,,9700.0,dd6a9a30-d69d-5ea7-834e-7b0f3242a57c,suitesparse_all,Oberwolfach/t2dal_e,t2dal_e,4257,4257,4257,2,row-major,N,N,1.0,0.0,20260922,main,pass,pass,0,0,17028.0,0.01292,0.00368640013039,0.0166064001304,0.00433240013039,4.619140461618456,1.0253877942413425,3.9303848877105327,0.04762000475895316,0.010571008188055078,0.04051943183206735,AlphaSparse 248af573c867cf4c7e05d40c611c7c34ebac4715,CUDA,13040,13000,2026-10-06T19:51:18.653389+00:00,derived,csr-alg1,0,0,,,,5,20,4,true
3,A100-SXM4-80GB-suitesparse_all-fp64-n2-row-major-AlphaSparse-SpMM-CSR-pre-plus-solve,AlphaSparse-SpMM-CSR-best-pre-plus-solve,AlphaSparseLib CSR PER MATRIX BEST,per-matrix-best,AlphaSparse-SpMM-CSR,best,pre-plus-solve,"csr-alg1,csr-alg2,csr-alg3,csr-alg4,csr-alg5",manual-selection,csr,ALPHASPARSE_SPMM_CSR_ALG1,workspace-setup,spmm.csr.fp64,fp64,A100-SXM4-80GB,A100-SXM4-80GB,,9700.0,018f64fd-81d1-5f6a-986f-7d386c913e5c,suitesparse_all,Oberwolfach/t3dh,t3dh,79171,79171,4352105,2,row-major,N,N,1.0,0.0,20260922,main,pass,pass,0,0,17408420.0,0.03407,0.111974394321,0.146044394321,0.113677894321,155.4678648235847,119.19950834769432,153.13812860434115,1.6027614930266463,1.2288609108009723,1.578743593859187,AlphaSparse 248af573c867cf4c7e05d40c611c7c34ebac4715,CUDA,13040,13000,2026-10-06T20:29:14.911518+00:00,derived,csr-alg1,0,0,,,,5,20,4,true
3,A100-SXM4-80GB-suitesparse_all-fp64-n2-row-major-AlphaSparse-SpMM-CSR-pre-plus-solve,AlphaSparse-SpMM-CSR-best-pre-plus-solve,AlphaSparseLib CSR PER MATRIX BEST,per-matrix-best,AlphaSparse-SpMM-CSR,best,pre-plus-solve,"csr-alg1,csr-alg2,csr-alg3,csr-alg4,csr-alg5",manual-selection,csr,ALPHASPARSE_SPMM_CSR_ALG1,workspace-setup,spmm.csr.fp64,fp64,A100-SXM4-80GB,A100-SXM4-80GB,,9700.0,005fdebf-9ece-5bc0-9d3c-6fda0356699d,suitesparse_all,Oberwolfach/t3dh_a,t3dh_a,79171,79171,4352105,2,row-major,N,N,1.0,0.0,20260922,main,pass,pass,0,0,17408420.0,0.021311,0.0990208029747,0.120331802975,0.100086352975,175.80568402831355,144.6701501149846,173.9340028140335,1.812429732250655,1.491444846546233,1.7931340496292116,AlphaSparse 248af573c867cf4c7e05d40c611c7c34ebac4715,CUDA,13040,13000,2026-10-08T13:55:05.618767+00:00,derived,csr-alg1,0,0,,,,5,20,4,true
3,A100-SXM4-80GB-suitesparse_all-fp64-n2-row-major-AlphaSparse-SpMM-CSR-pre-plus-solve,AlphaSparse-SpMM-CSR-best-pre-plus-solve,AlphaSparseLib CSR PER MATRIX BEST,per-matrix-best,AlphaSparse-SpMM-CSR,best,pre-plus-solve,"csr-alg1,csr-alg2,csr-alg3,csr-alg4,csr-alg5",manual-selection,csr,ALPHASPARSE_SPMM_CSR_ALG1,workspace-setup,spmm.csr.fp64,fp64,A100-SXM4-80GB,A100-SXM4-80GB,,9700.0,d94c6f41-d28e-5f45-abb9-189a8a3b4f78,suitesparse_all,Oberwolfach/t3dh_e,t3dh_e,79171,79171,4352105,2,row-major,N,N,1.0,0.0,20260922,main,pass,pass,0,0,17408420.0,0.02875,0.112076795101,0.140826795101,0.113514295101,155.32581908959915,123.61582174411342,153.35883453718986,1.6012971040164863,1.274389914887767,1.5810189127545349,AlphaSparse 248af573c867cf4c7e05d40c611c7c34ebac4715,CUDA,13040,13000,2026-10-06T01:51:32.604649+00:00,derived,csr-alg1,0,0,,,,5,20,4,true
3,A100-SXM4-80GB-suitesparse_all-fp64-n2-row-major-AlphaSparse-SpMM-CSR-pre-plus-solve,AlphaSparse-SpMM-CSR-best-pre-plus-solve,AlphaSparseLib CSR PER MATRIX BEST,per-matrix-best,AlphaSparse-SpMM-CSR,best,pre-plus-solve,"csr-alg1,csr-alg2,csr-alg3,csr-alg4,csr-alg5",manual-selection,csr,ALPHASPARSE_SPMM_CSR_ALG1,workspace-setup,spmm.csr.fp64,fp64,A100-SXM4-80GB,A100-SXM4-80GB,,9700.0,018f64fd-81d1-5f6a-986f-7d386c913e5c,suitesparse_all,Oberwolfach/t3dl_a,t3dl_a,20360,20360,509866,2,row-major,N,N,1.0,0.0,20260922,main,pass,pass,0,0,2039464.0,0.0184,0.0136191993952,0.0320191993952,0.0145391993952,149.74918428162496,63.69503418332615,140.27347342614425,1.5438060235219069,0.6566498369415067,1.4461182827437553,AlphaSparse 248af573c867cf4c7e05d40c611c7c34ebac4715,CUDA,13040,13000,2026-10-06T20:28:11.459593+00:00,derived,csr-alg1,0,0,,,,5,20,4,true
3,A100-SXM4-80GB-suitesparse_all-fp64-n2-row-major-AlphaSparse-SpMM-CSR-pre-plus-solve,AlphaSparse-SpMM-CSR-best-pre-plus-solve,AlphaSparseLib CSR PER MATRIX BEST,per-matrix-best,AlphaSparse-SpMM-CSR,best,pre-plus-solve,"csr-alg1,csr-alg2,csr-alg3,csr-alg4,csr-alg5",manual-selection,csr,ALPHASPARSE_SPMM_CSR_ALG1,workspace-setup,spmm.csr.fp64,fp64,A100-SXM4-80GB,A100-SXM4-80GB,,9700.0,752b02ae-c4ef-54eb-ad5c-0957985c94ee,suitesparse_all,Oberwolfach/windscreen,windscreen,22692,22692,1482390,2,row-major,N,N,1.0,0.0,20260922,main,pass,pass,0,0,5929560.0,0.01985,0.0311807990074,0.0510307990074,0.0321732990074,190.1670319157878,116.19571151806093,184.30065249560434,1.9604848651112143,1.197893933175886,1.9000067267588077,AlphaSparse 248af573c867cf4c7e05d40c611c7c34ebac4715,CUDA,13040,13000,2026-10-08T03:35:49.572891+00:00,derived,csr-alg1,0,0,,,,5,20,4,true
3,A100-SXM4-80GB-suitesparse_all-fp64-n2-row-major-AlphaSparse-SpMM-CSR-pre-plus-solve,AlphaSparse-SpMM-CSR-best-pre-plus-solve,AlphaSparseLib CSR PER MATRIX BEST,per-matrix-best,AlphaSparse-SpMM-CSR,best,pre-plus-solve,"csr-alg1,csr-alg2,csr-alg3,csr-alg4,csr-alg5",manual-selection,csr,ALPHASPARSE_SPMM_CSR_ALG1,workspace-setup,spmm.csr.fp64,fp64,A100-SXM4-80GB,A100-SXM4-80GB,,9700.0,dd6a9a30-d69d-5ea7-834e-7b0f3242a57c,suitesparse_all,Okunbor/aft01,aft01,8205,8205,125567,2,row-major,N,N,1.0,0.0,20260922,main,pass,pass,0,0,502268.0,0.01622,0.00842560008168,0.0246456000817,0.00923660008168,59.612133869502586,20.379621447032527,54.37801740449987,0.6145580811288927,0.2100991901755931,0.5605981175721636,AlphaSparse 248af573c867cf4c7e05d40c611c7c34ebac4715,CUDA,13040,13000,2026-10-06T19:49:51.136500+00:00,derived,csr-alg1,0,0,,,,5,20,4,true
3,A100-SXM4-80GB-suitesparse_all-fp64-n2-row-major-AlphaSparse-SpMM-CSR-pre-plus-solve,AlphaSparse-SpMM-CSR-best-pre-plus-solve,AlphaSparseLib CSR PER MATRIX BEST,per-matrix-best,AlphaSparse-SpMM-CSR,best,pre-plus-solve,"csr-alg1,csr-alg2,csr-alg3,csr-alg4,csr-alg5",manual-selection,csr,ALPHASPARSE_SPMM_CSR_ALG2,workspace-setup,spmm.csr.fp64,fp64,A100-SXM4-80GB,A100-SXM4-80GB,,9700.0,005fdebf-9ece-5bc0-9d3c-6fda0356699d,suitesparse_all,Okunbor/aft02,aft02,8184,8184,127762,2,row-major,N,N,1.0,0.0,20260922,main,pass,pass,0,0,511048.0,0.01392,0.0138272002339,0.0277472002339,0.0145232002339,36.95961520446266,18.418002381935086,35.18838766727967,0.38102696087074905,0.18987631321582563,0.3627668831678317,AlphaSparse 248af573c867cf4c7e05d40c611c7c34ebac4715,CUDA,13040,13000,2026-10-08T14:20:09.289773+00:00,derived,csr-alg2,0,0,,,,5,20,4,true
3,A100-SXM4-80GB-suitesparse_all-fp64-n2-row-major-AlphaSparse-SpMM-CSR-pre-plus-solve,AlphaSparse-SpMM-CSR-best-pre-plus-solve,AlphaSparseLib CSR PER MATRIX BEST,per-matrix-best,AlphaSparse-SpMM-CSR,best,pre-plus-solve,"csr-alg1,csr-alg2,csr-alg3,csr-alg4,csr-alg5",manual-selection,csr,ALPHASPARSE_SPMM_CSR_ALG3,workspace-setup,spmm.csr.fp64,fp64,A100-SXM4-80GB,A100-SXM4-80GB,,9700.0,005fdebf-9ece-5bc0-9d3c-6fda0356699d,suitesparse_all,Pajek/California,California,9664,9664,16150,2,row-major,N,N,1.0,0.0,20260922,main,pass,pass,0,0,64600.0,0.01307,0.0143871992826,0.0274571992826,0.0150406992826,4.4901025370606895,2.352752709229812,4.295013069953019,0.04628971687691432,0.024255182569379505,0.04427848525724762,AlphaSparse 248af573c867cf4c7e05d40c611c7c34ebac4715,CUDA,13040,13000,2026-10-08T14:45:46.010572+00:00,derived,csr-alg3,0,0,,,,5,20,4,true
3,A100-SXM4-80GB-suitesparse_all-fp64-n2-row-major-AlphaSparse-SpMM-CSR-pre-plus-solve,AlphaSparse-SpMM-CSR-best-pre-plus-solve,AlphaSparseLib CSR PER MATRIX BEST,per-matrix-best,AlphaSparse-SpMM-CSR,best,pre-plus-solve,"csr-alg1,csr-alg2,csr-alg3,csr-alg4,csr-alg5",manual-selection,csr,ALPHASPARSE_SPMM_CSR_ALG5,workspace-setup,spmm.csr.fp64,fp64,A100-SXM4-80GB,A100-SXM4-80GB,,9700.0,d94c6f41-d28e-5f45-abb9-189a8a3b4f78,suitesparse_all,Pajek/Cities,Cities,55,46,1342,2,row-major,N,N,1.0,0.0,20260922,main,pass,pass,0,0,5368.0,0.01297,0.0110079996288,0.0239779996288,0.0116564996288,0.4876453652810646,0.22387188602474117,0.4605156068239517,0.005027271807021285,0.0023079575878839297,0.004747583575504657,AlphaSparse 248af573c867cf4c7e05d40c611c7c34ebac4715,CUDA,13040,13000,2026-10-06T03:35:18.574669+00:00,derived,csr-alg5,0,0,,,,5,20,4,true
3,A100-SXM4-80GB-suitesparse_all-fp64-n2-row-major-AlphaSparse-SpMM-CSR-pre-plus-solve,AlphaSparse-SpMM-CSR-best-pre-plus-solve,AlphaSparseLib CSR PER MATRIX BEST,per-matrix-best,AlphaSparse-SpMM-CSR,best,pre-plus-solve,"csr-alg1,csr-alg2,csr-alg3,csr-alg4,csr-alg5",manual-selection,csr,ALPHASPARSE_SPMM_CSR_ALG1,workspace-setup,spmm.csr.fp64,fp64,A100-SXM4-80GB,A100-SXM4-80GB,,9700.0,018f64fd-81d1-5f6a-986f-7d386c913e5c,suitesparse_all,Pajek/CSphd,CSphd,1882,1882,1740,2,row-major,N,N,1.0,0.0,20260922,main,pass,pass,0,0,6960.0,0.01499,0.017664000392,0.032654000392,0.018413500392,0.39402173038629307,0.21314386955495815,0.37798353663510215,0.004062079694704052,0.002197359479948022,0.0038967374910835275,AlphaSparse 248af573c867cf4c7e05d40c611c7c34ebac4715,CUDA,13040,13000,2026-10-06T20:29:15.771458+00:00,derived,csr-alg1,0,0,,,,5,20,4,true
3,A100-SXM4-80GB-suitesparse_all-fp64-n2-row-major-AlphaSparse-SpMM-CSR-pre-plus-solve,AlphaSparse-SpMM-CSR-best-pre-plus-solve,AlphaSparseLib CSR PER MATRIX BEST,per-matrix-best,AlphaSparse-SpMM-CSR,best,pre-plus-solve,"csr-alg1,csr-alg2,csr-alg3,csr-alg4,csr-alg5",manual-selection,csr,ALPHASPARSE_SPMM_CSR_ALG1,workspace-setup,spmm.csr.fp64,fp64,A100-SXM4-80GB,A100-SXM4-80GB,,9700.0,752b02ae-c4ef-54eb-ad5c-0957985c94ee,suitesparse_all,Pajek/divorce,divorce,50,9,225,2,row-major,N,N,1.0,0.0,20260922,main,pass,pass,0,0,900.0,0.01649,0.00634879991412,0.0228387999141,0.00717329991412,0.14175907449821532,0.039406623963825986,0.12546526853400208,0.00146143375771356,0.0004062538552971751,0.0012934563766391967,AlphaSparse 248af573c867cf4c7e05d40c611c7c34ebac4715,CUDA,13040,13000,2026-10-08T03:35:50.203244+00:00,derived,csr-alg1,0,0,,,,5,20,4,true
3,A100-SXM4-80GB-suitesparse_all-fp64-n2-row-major-AlphaSparse-SpMM-CSR-pre-plus-solve,AlphaSparse-SpMM-CSR-best-pre-plus-solve,AlphaSparseLib CSR PER MATRIX BEST,per-matrix-best,AlphaSparse-SpMM-CSR,best,pre-plus-solve,"csr-alg1,csr-alg2,csr-alg3,csr-alg4,csr-alg5",manual-selection,csr,ALPHASPARSE_SPMM_CSR_ALG3,workspace-setup,spmm.csr.fp64,fp64,A100-SXM4-80GB,A100-SXM4-80GB,,9700.0,152f8cc9-7213-5fba-8430-8cd9341fa530,suitesparse_all,Pajek/EAT_RS,EAT_RS,23219,23219,325592,2,row-major,N,N,1.0,0.0,20260922,main,pass,pass,0,0,1302368.0,0.01521,0.0266240000725,0.0418340000725,0.0273845000725,48.9170671744859,31.131806610482958,47.558582283846796,0.5042996615926382,0.32094645990188614,0.49029466272007005,AlphaSparse 248af573c867cf4c7e05d40c611c7c34ebac4715,CUDA,13040,13000,2026-10-08T00:24:42.446977+00:00,derived,csr-alg3,0,0,,,,5,20,4,true
3,A100-SXM4-80GB-suitesparse_all-fp64-n2-row-major-AlphaSparse-SpMM-CSR-pre-plus-solve,AlphaSparse-SpMM-CSR-best-pre-plus-solve,AlphaSparseLib CSR PER MATRIX BEST,per-matrix-best,AlphaSparse-SpMM-CSR,best,pre-plus-solve,"csr-alg1,csr-alg2,csr-alg3,csr-alg4,csr-alg5",manual-selection,csr,ALPHASPARSE_SPMM_CSR_ALG5,workspace-setup,spmm.csr.fp64,fp64,A100-SXM4-80GB,A100-SXM4-80GB,,9700.0,a0827285-e98d-55a9-b486-73107367c8f5,suitesparse_all,Pajek/EAT_SR,EAT_SR,23219,23219,325589,2,row-major,N,N,1.0,0.0,20260922,main,pass,pass,0,0,1302356.0,0.01588,0.0191280007362,0.0350080007362,0.0199220007362,68.08636291691863,37.201667407796286,65.37275132379182,0.7019212671847281,0.383522344410271,0.6739458899359981,AlphaSparse 248af573c867cf4c7e05d40c611c7c34ebac4715,CUDA,13040,13000,2026-10-06T08:59:05.071530+00:00,derived,csr-alg5,0,0,,,,5,20,4,true
3,A100-SXM4-80GB-suitesparse_all-fp64-n2-row-major-AlphaSparse-SpMM-CSR-pre-plus-solve,AlphaSparse-SpMM-CSR-best-pre-plus-solve,AlphaSparseLib CSR PER MATRIX BEST,per-matrix-best,AlphaSparse-SpMM-CSR,best,pre-plus-solve,"csr-alg1,csr-alg2,csr-alg3,csr-alg4,csr-alg5",manual-selection,csr,ALPHASPARSE_SPMM_CSR_ALG3,workspace-setup,spmm.csr.fp64,fp64,A100-SXM4-80GB,A100-SXM4-80GB,,9700.0,dd6a9a30-d69d-5ea7-834e-7b0f3242a57c,suitesparse_all,Pajek/EPA,EPA,4772,4772,8965,2,row-major,N,N,1.0,0.0,20260922,main,pass,pass,0,0,35860.0,0.01165,0.014899200201,0.026549200201,0.015481700201,2.40684060326897,1.3506998225373772,2.316283065453219,0.024812789724422375,0.013924740438529662,0.023879206860342467,AlphaSparse 248af573c867cf4c7e05d40c611c7c34ebac4715,CUDA,13040,13000,2026-10-06T21:08:52.189721+00:00,derived,csr-alg3,0,0,,,,5,20,4,true
3,A100-SXM4-80GB-suitesparse_all-fp64-n2-row-major-AlphaSparse-SpMM-CSR-pre-plus-solve,AlphaSparse-SpMM-CSR-best-pre-plus-solve,AlphaSparseLib CSR PER MATRIX BEST,per-matrix-best,AlphaSparse-SpMM-CSR,best,pre-plus-solve,"csr-alg1,csr-alg2,csr-alg3,csr-alg4,csr-alg5",manual-selection,csr,ALPHASPARSE_SPMM_CSR_ALG2,workspace-setup,spmm.csr.fp64,fp64,A100-SXM4-80GB,A100-SXM4-80GB,,9700.0,005fdebf-9ece-5bc0-9d3c-6fda0356699d,suitesparse_all,Pajek/Erdos02,Erdos02,6927,6927,16944,2,row-major,N,N,1.0,0.0,20260922,main,pass,pass,0,0,67776.0,0.01344,0.0157695993781,0.0292095993781,0.0164415993781,4.297889779883931,2.3203330905940223,4.1222267032170095,0.044308142060659084,0.02392095969684559,0.042497182507391845,AlphaSparse 248af573c867cf4c7e05d40c611c7c34ebac4715,CUDA,13040,13000,2026-10-08T14:21:58.413467+00:00,derived,csr-alg2,0,0,,,,5,20,4,true
3,A100-SXM4-80GB-suitesparse_all-fp64-n2-row-major-AlphaSparse-SpMM-CSR-pre-plus-solve,AlphaSparse-SpMM-CSR-best-pre-plus-solve,AlphaSparseLib CSR PER MATRIX BEST,per-matrix-best,AlphaSparse-SpMM-CSR,best,pre-plus-solve,"csr-alg1,csr-alg2,csr-alg3,csr-alg4,csr-alg5",manual-selection,csr,ALPHASPARSE_SPMM_CSR_ALG1,workspace-setup,spmm.csr.fp64,fp64,A100-SXM4-80GB,A100-SXM4-80GB,,9700.0,d94c6f41-d28e-5f45-abb9-189a8a3b4f78,suitesparse_all,Pajek/Erdos971,Erdos971,472,472,2628,2,row-major,N,N,1.0,0.0,20260922,main,pass,pass,0,0,10512.0,0.01188,0.0142335996032,0.0261135996032,0.0148275996032,0.7385341932505036,0.40254886954427543,0.708948196694721,0.00761375456959282,0.004149988345817273,0.007308744295821866,AlphaSparse 248af573c867cf4c7e05d40c611c7c34ebac4715,CUDA,13040,13000,2026-10-06T01:52:33.238614+00:00,derived,csr-alg1,0,0,,,,5,20,4,true
3,A100-SXM4-80GB-suitesparse_all-fp64-n2-row-major-AlphaSparse-SpMM-CSR-pre-plus-solve,AlphaSparse-SpMM-CSR-best-pre-plus-solve,AlphaSparseLib CSR PER MATRIX BEST,per-matrix-best,AlphaSparse-SpMM-CSR,best,pre-plus-solve,"csr-alg1,csr-alg2,csr-alg3,csr-alg4,csr-alg5",manual-selection,csr,ALPHASPARSE_SPMM_CSR_ALG3,workspace-setup,spmm.csr.fp64,fp64,A100-SXM4-80GB,A100-SXM4-80GB,,9700.0,018f64fd-81d1-5f6a-986f-7d386c913e5c,suitesparse_all,Pajek/Erdos972,Erdos972,5488,5488,14170,2,row-major,N,N,1.0,0.0,20260922,main,pass,pass,0,0,56680.0,0.01247,0.01520639956,0.02767639956,0.01582989956,3.7273780539803205,2.047954246256734,3.5805659906537017,0.03842657787608578,0.021112930373780762,0.03691305145003816,AlphaSparse 248af573c867cf4c7e05d40c611c7c34ebac4715,CUDA,13040,13000,2026-10-06T21:54:34.262587+00:00,derived,csr-alg3,0,0,,,,5,20,4,true
3,A100-SXM4-80GB-suitesparse_all-fp64-n2-row-major-AlphaSparse-SpMM-CSR-pre-plus-solve,AlphaSparse-SpMM-CSR-best-pre-plus-solve,AlphaSparseLib CSR PER MATRIX BEST,per-matrix-best,AlphaSparse-SpMM-CSR,best,pre-plus-solve,"csr-alg1,csr-alg2,csr-alg3,csr-alg4,csr-alg5",manual-selection,csr,ALPHASPARSE_SPMM_CSR_ALG3,workspace-setup,spmm.csr.fp64,fp64,A100-SXM4-80GB,A100-SXM4-80GB,,9700.0,752b02ae-c4ef-54eb-ad5c-0957985c94ee,suitesparse_all,Pajek/Erdos982,Erdos982,5822,5822,14750,2,row-major,N,N,1.0,0.0,20260922,main,pass,pass,0,0,59000.0,0.0113,0.015513600409,0.026813600409,0.016078600409,3.803114586203469,2.2003758950698997,3.6694736170552966,0.03920736686807701,0.022684287578040203,0.03782962491809584,AlphaSparse 248af573c867cf4c7e05d40c611c7c34ebac4715,CUDA,13040,13000,2026-10-08T05:57:38.737062+00:00,derived,csr-alg3,0,0,,,,5,20,4,true
3,A100-SXM4-80GB-suitesparse_all-fp64-n2-row-major-AlphaSparse-SpMM-CSR-pre-plus-solve,AlphaSparse-SpMM-CSR-best-pre-plus-solve,AlphaSparseLib CSR PER MATRIX BEST,per-matrix-best,AlphaSparse-SpMM-CSR,best,pre-plus-solve,"csr-alg1,csr-alg2,csr-alg3,csr-alg4,csr-alg5",manual-selection,csr,ALPHASPARSE_SPMM_CSR_ALG3,workspace-setup,spmm.csr.fp64,fp64,A100-SXM4-80GB,A100-SXM4-80GB,,9700.0,152f8cc9-7213-5fba-8430-8cd9341fa530,suitesparse_all,Pajek/Erdos991,Erdos991,492,492,2834,2,row-major,N,N,1.0,0.0,20260922,main,pass,pass,0,0,11336.0,0.01796,0.0136191993952,0.0315791993952,0.0145171993952,0.8323543602713755,0.3589704684445882,0.7808668663563415,0.008580972786302841,0.0037007264788101873,0.008050173879962283,AlphaSparse 248af573c867cf4c7e05d40c611c7c34ebac4715,CUDA,13040,13000,2026-10-08T00:24:43.360971+00:00,derived,csr-alg3,0,0,,,,5,20,4,true
3,A100-SXM4-80GB-suitesparse_all-fp64-n2-row-major-AlphaSparse-SpMM-CSR-pre-plus-solve,AlphaSparse-SpMM-CSR-best-pre-plus-solve,AlphaSparseLib CSR PER MATRIX BEST,per-matrix-best,AlphaSparse-SpMM-CSR,best,pre-plus-solve,"csr-alg1,csr-alg2,csr-alg3,csr-alg4,csr-alg5",manual-selection,csr,ALPHASPARSE_SPMM_CSR_ALG5,workspace-setup,spmm.csr.fp64,fp64,A100-SXM4-80GB,A100-SXM4-80GB,,9700.0,a0827285-e98d-55a9-b486-73107367c8f5,suitesparse_all,Pajek/Erdos992,Erdos992,6100,6100,15030,2,row-major,N,N,1.0,0.0,20260922,main,pass,pass,0,0,60120.0,0.01718,0.0127616003156,0.0299416003156,0.0136206003156,4.711007907566912,2.007908707828039,4.413902368983188,0.04856709183058672,0.020700089771423083,0.0455041481338473,AlphaSparse 248af573c867cf4c7e05d40c611c7c34ebac4715,CUDA,13040,13000,2026-10-06T08:59:05.720543+00:00,derived,csr-alg5,0,0,,,,5,20,4,true
3,A100-SXM4-80GB-suitesparse_all-fp64-n2-row-major-AlphaSparse-SpMM-CSR-pre-plus-solve,AlphaSparse-SpMM-CSR-best-pre-plus-solve,AlphaSparseLib CSR PER MATRIX BEST,per-matrix-best,AlphaSparse-SpMM-CSR,best,pre-plus-solve,"csr-alg1,csr-alg2,csr-alg3,csr-alg4,csr-alg5",manual-selection,csr,ALPHASPARSE_SPMM_CSR_ALG3,workspace-setup,spmm.csr.fp64,fp64,A100-SXM4-80GB,A100-SXM4-80GB,,9700.0,dd6a9a30-d69d-5ea7-834e-7b0f3242a57c,suitesparse_all,Pajek/EVA,EVA,8497,8497,6726,2,row-major,N,N,1.0,0.0,20260922,main,pass,pass,0,0,26904.0,0.01308,0.0146111994982,0.0276911994982,0.0152651994982,1.8413272642889031,0.9715722138273147,1.7624401176789333,0.018982755301947457,0.010016208389972317,0.018169485749267352,AlphaSparse 248af573c867cf4c7e05d40c611c7c34ebac4715,CUDA,13040,13000,2026-10-06T21:08:52.816581+00:00,derived,csr-alg3,0,0,,,,5,20,4,true
3,A100-SXM4-80GB-suitesparse_all-fp64-n2-row-major-AlphaSparse-SpMM-CSR-pre-plus-solve,AlphaSparse-SpMM-CSR-best-pre-plus-solve,AlphaSparseLib CSR PER MATRIX BEST,per-matrix-best,AlphaSparse-SpMM-CSR,best,pre-plus-solve,"csr-alg1,csr-alg2,csr-alg3,csr-alg4,csr-alg5",manual-selection,csr,ALPHASPARSE_SPMM_CSR_ALG3,workspace-setup,spmm.csr.fp64,fp64,A100-SXM4-80GB,A100-SXM4-80GB,,9700.0,005fdebf-9ece-5bc0-9d3c-6fda0356699d,suitesparse_all,Pajek/FA,FA,10617,10617,72176,2,row-major,N,N,1.0,0.0,20260922,main,pass,pass,0,0,288704.0,0.01468,0.0134655997157,0.0281455997157,0.0141995997157,21.440114521107457,10.257518152613994,20.33184074060835,0.22103210846502533,0.10574760982076281,0.20960660557328195,AlphaSparse 248af573c867cf4c7e05d40c611c7c34ebac4715,CUDA,13040,13000,2026-10-08T14:45:47.613782+00:00,derived,csr-alg3,0,0,,,,5,20,4,true
3,A100-SXM4-80GB-suitesparse_all-fp64-n2-row-major-AlphaSparse-SpMM-CSR-pre-plus-solve,AlphaSparse-SpMM-CSR-best-pre-plus-solve,AlphaSparseLib CSR PER MATRIX BEST,per-matrix-best,AlphaSparse-SpMM-CSR,best,pre-plus-solve,"csr-alg1,csr-alg2,csr-alg3,csr-alg4,csr-alg5",manual-selection,csr,ALPHASPARSE_SPMM_CSR_ALG5,workspace-setup,spmm.csr.fp64,fp64,A100-SXM4-80GB,A100-SXM4-80GB,,9700.0,d94c6f41-d28e-5f45-abb9-189a8a3b4f78,suitesparse_all,Pajek/foldoc,foldoc,13356,13356,120238,2,row-major,N,N,1.0,0.0,20260922,main,pass,pass,0,0,480952.0,0.01263,0.0150527998805,0.0276827998805,0.0156842998805,31.95099940330998,17.373676148227574,30.664550133854473,0.3293917464258761,0.17911006338378943,0.316129382823242,AlphaSparse 248af573c867cf4c7e05d40c611c7c34ebac4715,CUDA,13040,13000,2026-10-06T03:35:20.091418+00:00,derived,csr-alg5,0,0,,,,5,20,4,true
3,A100-SXM4-80GB-suitesparse_all-fp64-n2-row-major-AlphaSparse-SpMM-CSR-pre-plus-solve,AlphaSparse-SpMM-CSR-best-pre-plus-solve,AlphaSparseLib CSR PER MATRIX BEST,per-matrix-best,AlphaSparse-SpMM-CSR,best,pre-plus-solve,"csr-alg1,csr-alg2,csr-alg3,csr-alg4,csr-alg5",manual-selection,csr,ALPHASPARSE_SPMM_CSR_ALG4,workspace-setup,spmm.csr.fp64,fp64,A100-SXM4-80GB,A100-SXM4-80GB,,9700.0,018f64fd-81d1-5f6a-986f-7d386c913e5c,suitesparse_all,Pajek/football,football,35,35,118,2,row-major,N,N,1.0,0.0,20260922,main,pass,pass,0,0,472.0,0.01287,0.0113664001226,0.0242364001226,0.0120099001226,0.041525900452995194,0.019474839399101544,0.03930090968132195,0.00042810206652572365,0.00020077154019692314,0.000405164017333216,AlphaSparse 248af573c867cf4c7e05d40c611c7c34ebac4715,CUDA,13040,13000,2026-10-06T22:31:54.429959+00:00,derived,csr-alg4,0,0,,,,5,20,4,true
3,A100-SXM4-80GB-suitesparse_all-fp64-n2-row-major-AlphaSparse-SpMM-CSR-pre-plus-solve,AlphaSparse-SpMM-CSR-best-pre-plus-solve,AlphaSparseLib CSR PER MATRIX BEST,per-matrix-best,AlphaSparse-SpMM-CSR,best,pre-plus-solve,"csr-alg1,csr-alg2,csr-alg3,csr-alg4,csr-alg5",manual-selection,csr,ALPHASPARSE_SPMM_CSR_ALG3,workspace-setup,spmm.csr.fp64,fp64,A100-SXM4-80GB,A100-SXM4-80GB,,9700.0,752b02ae-c4ef-54eb-ad5c-0957985c94ee,suitesparse_all,Pajek/GD00_c,GD00_c,638,638,1041,2,row-major,N,N,1.0,0.0,20260922,main,pass,pass,0,0,4164.0,0.01107,0.0139776006341,0.0250476006341,0.0145311006341,0.2979052062656185,0.16624346821990996,0.2865577842209956,0.0030711876934599843,0.001713850187834123,0.002954203961041192,AlphaSparse 248af573c867cf4c7e05d40c611c7c34ebac4715,CUDA,13040,13000,2026-10-08T05:57:39.391222+00:00,derived,csr-alg3,0,0,,,,5,20,4,true
3,A100-SXM4-80GB-suitesparse_all-fp64-n2-row-major-AlphaSparse-SpMM-CSR-pre-plus-solve,AlphaSparse-SpMM-CSR-best-pre-plus-solve,AlphaSparseLib CSR PER MATRIX BEST,per-matrix-best,AlphaSparse-SpMM-CSR,best,pre-plus-solve,"csr-alg1,csr-alg2,csr-alg3,csr-alg4,csr-alg5",manual-selection,csr,ALPHASPARSE_SPMM_CSR_ALG3,workspace-setup,spmm.csr.fp64,fp64,A100-SXM4-80GB,A100-SXM4-80GB,,9700.0,152f8cc9-7213-5fba-8430-8cd9341fa530,suitesparse_all,Pajek/GD01_a,GD01_a,311,311,645,2,row-major,N,N,1.0,0.0,20260922,main,pass,pass,0,0,2580.0,0.012741,0.0134143993258,0.0261553993258,0.0140514493258,0.19233063943741927,0.09864120091850621,0.1836109528760736,0.0019827900972929817,0.0010169195970980024,0.0018928964214028207,AlphaSparse 248af573c867cf4c7e05d40c611c7c34ebac4715,CUDA,13040,13000,2026-10-08T00:24:44.217652+00:00,derived,csr-alg3,0,0,,,,5,20,4,true
3,A100-SXM4-80GB-suitesparse_all-fp64-n2-row-major-AlphaSparse-SpMM-CSR-pre-plus-solve,AlphaSparse-SpMM-CSR-best-pre-plus-solve,AlphaSparseLib CSR PER MATRIX BEST,per-matrix-best,AlphaSparse-SpMM-CSR,best,pre-plus-solve,"csr-alg1,csr-alg2,csr-alg3,csr-alg4,csr-alg5",manual-selection,csr,ALPHASPARSE_SPMM_CSR_ALG1,workspace-setup,spmm.csr.fp64,fp64,A100-SXM4-80GB,A100-SXM4-80GB,,9700.0,a0827285-e98d-55a9-b486-73107367c8f5,suitesparse_all,Pajek/GD01_Acap,GD01_Acap,953,953,645,2,row-major,N,N,1.0,0.0,20260922,main,pass,pass,0,0,2580.0,0.01654,0.00747520029545,0.0240152002954,0.00830220029545,0.34514125348191577,0.10743195843734799,0.31076099204857327,0.003558157252390884,0.0011075459632716286,0.003203721567511065,AlphaSparse 248af573c867cf4c7e05d40c611c7c34ebac4715,CUDA,13040,13000,2026-10-06T07:06:51.409378+00:00,derived,csr-alg1,0,0,,,,5,20,4,true
3,A100-SXM4-80GB-suitesparse_all-fp64-n2-row-major-AlphaSparse-SpMM-CSR-pre-plus-solve,AlphaSparse-SpMM-CSR-best-pre-plus-solve,AlphaSparseLib CSR PER MATRIX BEST,per-matrix-best,AlphaSparse-SpMM-CSR,best,pre-plus-solve,"csr-alg1,csr-alg2,csr-alg3,csr-alg4,csr-alg5",manual-selection,csr,ALPHASPARSE_SPMM_CSR_ALG1,workspace-setup,spmm.csr.fp64,fp64,A100-SXM4-80GB,A100-SXM4-80GB,,9700.0,dd6a9a30-d69d-5ea7-834e-7b0f3242a57c,suitesparse_all,Pajek/GD01_b,GD01_b,18,18,37,2,row-major,N,N,1.0,0.0,20260922,main,pass,pass,0,0,148.0,0.0125,0.00394719988108,0.0164471998811,0.00457219988108,0.037494934246781915,0.008998492209611405,0.03236953848243417,0.00038654571388434966,9.276796092382891e-05,0.0003337065822931358,AlphaSparse 248af573c867cf4c7e05d40c611c7c34ebac4715,CUDA,13040,13000,2026-10-06T19:52:47.283432+00:00,derived,csr-alg1,0,0,,,,5,20,4,true
3,A100-SXM4-80GB-suitesparse_all-fp64-n2-row-major-AlphaSparse-SpMM-CSR-pre-plus-solve,AlphaSparse-SpMM-CSR-best-pre-plus-solve,AlphaSparseLib CSR PER MATRIX BEST,per-matrix-best,AlphaSparse-SpMM-CSR,best,pre-plus-solve,"csr-alg1,csr-alg2,csr-alg3,csr-alg4,csr-alg5",manual-selection,csr,ALPHASPARSE_SPMM_CSR_ALG1,workspace-setup,spmm.csr.fp64,fp64,A100-SXM4-80GB,A100-SXM4-80GB,,9700.0,005fdebf-9ece-5bc0-9d3c-6fda0356699d,suitesparse_all,Pajek/GD01_c,GD01_c,33,33,135,2,row-major,N,N,1.0,0.0,20260922,main,pass,pass,0,0,540.0,0.01248,0.00599040016532,0.0184704001653,0.00661440016532,0.0901442282814764,0.02923596647432079,0.0816400560146447,0.0009293219410461484,0.0003014017162301112,0.0008416500620066464,AlphaSparse 248af573c867cf4c7e05d40c611c7c34ebac4715,CUDA,13040,13000,2026-10-08T13:55:42.625450+00:00,derived,csr-alg1,0,0,,,,5,20,4,true
3,A100-SXM4-80GB-suitesparse_all-fp64-n2-row-major-AlphaSparse-SpMM-CSR-pre-plus-solve,AlphaSparse-SpMM-CSR-best-pre-plus-solve,AlphaSparseLib CSR PER MATRIX BEST,per-matrix-best,AlphaSparse-SpMM-CSR,best,pre-plus-solve,"csr-alg1,csr-alg2,csr-alg3,csr-alg4,csr-alg5",manual-selection,csr,ALPHASPARSE_SPMM_CSR_ALG1,workspace-setup,spmm.csr.fp64,fp64,A100-SXM4-80GB,A100-SXM4-80GB,,9700.0,d94c6f41-d28e-5f45-abb9-189a8a3b4f78,suitesparse_all,Pajek/GD02_a,GD02_a,23,23,87,2,row-major,N,N,1.0,0.0,20260922,main,pass,pass,0,0,348.0,0.01234,0.00706560015678,0.0194056001568,0.00768260015678,0.04925271629842606,0.01793296765820746,0.04529716409787189,0.0005077599618394439,0.00018487595523925215,0.00046698107317393706,AlphaSparse 248af573c867cf4c7e05d40c611c7c34ebac4715,CUDA,13040,13000,2026-10-06T01:52:35.173540+00:00,derived,csr-alg1,0,0,,,,5,20,4,true
3,A100-SXM4-80GB-suitesparse_all-fp64-n2-row-major-AlphaSparse-SpMM-CSR-pre-plus-solve,AlphaSparse-SpMM-CSR-best-pre-plus-solve,AlphaSparseLib CSR PER MATRIX BEST,per-matrix-best,AlphaSparse-SpMM-CSR,best,pre-plus-solve,"csr-alg1,csr-alg2,csr-alg3,csr-alg4,csr-alg5",manual-selection,csr,ALPHASPARSE_SPMM_CSR_ALG1,workspace-setup,spmm.csr.fp64,fp64,A100-SXM4-80GB,A100-SXM4-80GB,,9700.0,018f64fd-81d1-5f6a-986f-7d386c913e5c,suitesparse_all,Pajek/GD02_b,GD02_b,80,80,232,2,row-major,N,N,1.0,0.0,20260922,main,pass,pass,0,0,928.0,0.016109,0.00558080002666,0.0216898000267,0.00638625002666,0.16628440287536872,0.04278508786884334,0.1453121935605366,0.0017142721945914302,0.00044108338009116844,0.0014980638511395525,AlphaSparse 248af573c867cf4c7e05d40c611c7c34ebac4715,CUDA,13040,13000,2026-10-06T20:29:18.851536+00:00,derived,csr-alg1,0,0,,,,5,20,4,true
3,A100-SXM4-80GB-suitesparse_all-fp64-n2-row-major-AlphaSparse-SpMM-CSR-pre-plus-solve,AlphaSparse-SpMM-CSR-best-pre-plus-solve,AlphaSparseLib CSR PER MATRIX BEST,per-matrix-best,AlphaSparse-SpMM-CSR,best,pre-plus-solve,"csr-alg1,csr-alg2,csr-alg3,csr-alg4,csr-alg5",manual-selection,csr,ALPHASPARSE_SPMM_CSR_ALG3,workspace-setup,spmm.csr.fp64,fp64,A100-SXM4-80GB,A100-SXM4-80GB,,9700.0,752b02ae-c4ef-54eb-ad5c-0957985c94ee,suitesparse_all,Pajek/GD06_theory,GD06_theory,101,101,380,2,row-major,N,N,1.0,0.0,20260922,main,pass,pass,0,0,1520.0,0.01124,0.0137216001749,0.0249616001749,0.0142836001749,0.11077425231937846,0.06089353203920106,0.10641574822788973,0.0011420026012307057,0.0006277683715381552,0.0010970695693596879,AlphaSparse 248af573c867cf4c7e05d40c611c7c34ebac4715,CUDA,13040,13000,2026-10-08T05:57:40.081906+00:00,derived,csr-alg3,0,0,,,,5,20,4,true
3,A100-SXM4-80GB-suitesparse_all-fp64-n2-row-major-AlphaSparse-SpMM-CSR-pre-plus-solve,AlphaSparse-SpMM-CSR-best-pre-plus-solve,AlphaSparseLib CSR PER MATRIX BEST,per-matrix-best,AlphaSparse-SpMM-CSR,best,pre-plus-solve,"csr-alg1,csr-alg2,csr-alg3,csr-alg4,csr-alg5",manual-selection,csr,ALPHASPARSE_SPMM_CSR_ALG1,workspace-setup,spmm.csr.fp64,fp64,A100-SXM4-80GB,A100-SXM4-80GB,,9700.0,152f8cc9-7213-5fba-8430-8cd9341fa530,suitesparse_all,Pajek/GD95_a,GD95_a,36,36,57,2,row-major,N,N,1.0,0.0,20260922,main,pass,pass,0,0,228.0,0.01959,0.00542719997466,0.0250171999747,0.00640669997466,0.04201061340369784,0.009113729763146049,0.03558774422117368,0.0004330991072546169,9.395597693964999e-05,0.00036688396104302763,AlphaSparse 248af573c867cf4c7e05d40c611c7c34ebac4715,CUDA,13040,13000,2026-10-07T22:27:49.964397+00:00,derived,csr-alg1,0,0,,,,5,20,4,true
3,A100-SXM4-80GB-suitesparse_all-fp64-n2-row-major-AlphaSparse-SpMM-CSR-pre-plus-solve,AlphaSparse-SpMM-CSR-best-pre-plus-solve,AlphaSparseLib CSR PER MATRIX BEST,per-matrix-best,AlphaSparse-SpMM-CSR,best,pre-plus-solve,"csr-alg1,csr-alg2,csr-alg3,csr-alg4,csr-alg5",manual-selection,csr,ALPHASPARSE_SPMM_CSR_ALG2,workspace-setup,spmm.csr.fp64,fp64,A100-SXM4-80GB,A100-SXM4-80GB,,9700.0,a0827285-e98d-55a9-b486-73107367c8f5,suitesparse_all,Pajek/GD95_b,GD95_b,73,73,96,2,row-major,N,N,1.0,0.0,20260922,main,pass,pass,0,0,384.0,0.01622,0.011878400296,0.028098400296,0.012689400296,0.0323275854013196,0.013666258433034888,0.030261477378174122,0.0003332740763022639,0.00014088926219623597,0.00031197399358942396,AlphaSparse 248af573c867cf4c7e05d40c611c7c34ebac4715,CUDA,13040,13000,2026-10-06T07:35:01.668412+00:00,derived,csr-alg2,0,0,,,,5,20,4,true
3,A100-SXM4-80GB-suitesparse_all-fp64-n2-row-major-AlphaSparse-SpMM-CSR-pre-plus-solve,AlphaSparse-SpMM-CSR-best-pre-plus-solve,AlphaSparseLib CSR PER MATRIX BEST,per-matrix-best,AlphaSparse-SpMM-CSR,best,pre-plus-solve,"csr-alg1,csr-alg2,csr-alg3,csr-alg4,csr-alg5",manual-selection,csr,ALPHASPARSE_SPMM_CSR_ALG1,workspace-setup,spmm.csr.fp64,fp64,A100-SXM4-80GB,A100-SXM4-80GB,,9700.0,dd6a9a30-d69d-5ea7-834e-7b0f3242a57c,suitesparse_all,Pajek/GD95_c,GD95_c,62,62,287,2,row-major,N,N,1.0,0.0,20260922,main,pass,pass,0,0,1148.0,0.01234,0.00701439976692,0.0193543997669,0.00763139976692,0.16366332660621696,0.05931467851373598,0.1504311181516478,0.001687250789754814,0.0006114915310694431,0.0015508362696046165,AlphaSparse 248af573c867cf4c7e05d40c611c7c34ebac4715,CUDA,13040,13000,2026-10-06T19:52:47.889730+00:00,derived,csr-alg1,0,0,,,,5,20,4,true
3,A100-SXM4-80GB-suitesparse_all-fp64-n2-row-major-AlphaSparse-SpMM-CSR-pre-plus-solve,AlphaSparse-SpMM-CSR-best-pre-plus-solve,AlphaSparseLib CSR PER MATRIX BEST,per-matrix-best,AlphaSparse-SpMM-CSR,best,pre-plus-solve,"csr-alg1,csr-alg2,csr-alg3,csr-alg4,csr-alg5",manual-selection,csr,ALPHASPARSE_SPMM_CSR_ALG1,workspace-setup,spmm.csr.fp64,fp64,A100-SXM4-80GB,A100-SXM4-80GB,,9700.0,005fdebf-9ece-5bc0-9d3c-6fda0356699d,suitesparse_all,Pajek/GD96_a,GD96_a,1096,1096,1677,2,row-major,N,N,1.0,0.0,20260922,main,pass,pass,0,0,6708.0,0.01225,0.00803840011358,0.0202884001136,0.00865090011358,0.8344944149604553,0.33063228063524835,0.7754106407343583,0.00860303520577789,0.0034085802127345193,0.007993924131282044,AlphaSparse 248af573c867cf4c7e05d40c611c7c34ebac4715,CUDA,13040,13000,2026-10-08T13:55:43.249116+00:00,derived,csr-alg1,0,0,,,,5,20,4,true
3,A100-SXM4-80GB-suitesparse_all-fp64-n2-row-major-AlphaSparse-SpMM-CSR-pre-plus-solve,AlphaSparse-SpMM-CSR-best-pre-plus-solve,AlphaSparseLib CSR PER MATRIX BEST,per-matrix-best,AlphaSparse-SpMM-CSR,best,pre-plus-solve,"csr-alg1,csr-alg2,csr-alg3,csr-alg4,csr-alg5",manual-selection,csr,ALPHASPARSE_SPMM_CSR_ALG1,workspace-setup,spmm.csr.fp64,fp64,A100-SXM4-80GB,A100-SXM4-80GB,,9700.0,d94c6f41-d28e-5f45-abb9-189a8a3b4f78,suitesparse_all,Pajek/GD96_b,GD96_b,111,111,193,2,row-major,N,N,1.0,0.0,20260922,main,pass,pass,0,0,772.0,0.01131,0.00542719997466,0.0167371999747,0.00599269997466,0.14224646292831022,0.04612479991676968,0.12882340235025697,0.0014664583807042291,0.0004755134012038112,0.0013280763128892471,AlphaSparse 248af573c867cf4c7e05d40c611c7c34ebac4715,CUDA,13040,13000,2026-10-06T01:52:36.063937+00:00,derived,csr-alg1,0,0,,,,5,20,4,true
3,A100-SXM4-80GB-suitesparse_all-fp64-n2-row-major-AlphaSparse-SpMM-CSR-pre-plus-solve,AlphaSparse-SpMM-CSR-best-pre-plus-solve,AlphaSparseLib CSR PER MATRIX BEST,per-matrix-best,AlphaSparse-SpMM-CSR,best,pre-plus-solve,"csr-alg1,csr-alg2,csr-alg3,csr-alg4,csr-alg5",manual-selection,csr,ALPHASPARSE_SPMM_CSR_ALG1,workspace-setup,spmm.csr.fp64,fp64,A100-SXM4-80GB,A100-SXM4-80GB,,9700.0,018f64fd-81d1-5f6a-986f-7d386c913e5c,suitesparse_all,Pajek/GD96_c,GD96_c,65,65,250,2,row-major,N,N,1.0,0.0,20260922,main,pass,pass,0,0,1000.0,0.01744,0.00511999987066,0.0225599998707,0.00599199987066,0.19531250493392957,0.044326241388802444,0.16688918918315215,0.0020135309787003047,0.00045697156070930356,0.0017205071049809502,AlphaSparse 248af573c867cf4c7e05d40c611c7c34ebac4715,CUDA,13040,13000,2026-10-06T20:29:19.722240+00:00,derived,csr-alg1,0,0,,,,5,20,4,true
3,A100-SXM4-80GB-suitesparse_all-fp64-n2-row-major-AlphaSparse-SpMM-CSR-pre-plus-solve,AlphaSparse-SpMM-CSR-best-pre-plus-solve,AlphaSparseLib CSR PER MATRIX BEST,per-matrix-best,AlphaSparse-SpMM-CSR,best,pre-plus-solve,"csr-alg1,csr-alg2,csr-alg3,csr-alg4,csr-alg5",manual-selection,csr,ALPHASPARSE_SPMM_CSR_ALG1,workspace-setup,spmm.csr.fp64,fp64,A100-SXM4-80GB,A100-SXM4-80GB,,9700.0,752b02ae-c4ef-54eb-ad5c-0957985c94ee,suitesparse_all,Pajek/GD97_a,GD97_a,84,84,332,2,row-major,N,N,1.0,0.0,20260922,main,pass,pass,0,0,1328.0,0.01544,0.00506879985332,0.0205087998533,0.00584079985332,0.2619949570765112,0.06475269199071715,0.22736611994077222,0.0027009789389331055,0.0006675535256774964,0.002343980617946105,AlphaSparse 248af573c867cf4c7e05d40c611c7c34ebac4715,CUDA,13040,13000,2026-10-08T03:35:52.774430+00:00,derived,csr-alg1,0,0,,,,5,20,4,true
3,A100-SXM4-80GB-suitesparse_all-fp64-n2-row-major-AlphaSparse-SpMM-CSR-pre-plus-solve,AlphaSparse-SpMM-CSR-best-pre-plus-solve,AlphaSparseLib CSR PER MATRIX BEST,per-matrix-best,AlphaSparse-SpMM-CSR,best,pre-plus-solve,"csr-alg1,csr-alg2,csr-alg3,csr-alg4,csr-alg5",manual-selection,csr,ALPHASPARSE_SPMM_CSR_ALG1,workspace-setup,spmm.csr.fp64,fp64,A100-SXM4-80GB,A100-SXM4-80GB,,9700.0,152f8cc9-7213-5fba-8430-8cd9341fa530,suitesparse_all,Pajek/GD97_b,GD97_b,47,47,264,2,row-major,N,N,1.0,0.0,20260922,main,pass,pass,0,0,1056.0,0.0169,0.00988159999251,0.0267815999925,0.0107265999925,0.1068652850550944,0.03943005646771386,0.09844685182055371,0.0011017039696401484,0.0004064954275022047,0.0010149159981500382,AlphaSparse 248af573c867cf4c7e05d40c611c7c34ebac4715,CUDA,13040,13000,2026-10-07T22:27:50.566438+00:00,derived,csr-alg1,0,0,,,,5,20,4,true
3,A100-SXM4-80GB-suitesparse_all-fp64-n2-row-major-AlphaSparse-SpMM-CSR-pre-plus-solve,AlphaSparse-SpMM-CSR-best-pre-plus-solve,AlphaSparseLib CSR PER MATRIX BEST,per-matrix-best,AlphaSparse-SpMM-CSR,best,pre-plus-solve,"csr-alg1,csr-alg2,csr-alg3,csr-alg4,csr-alg5",manual-selection,csr,ALPHASPARSE_SPMM_CSR_ALG3,workspace-setup,spmm.csr.fp64,fp64,A100-SXM4-80GB,A100-SXM4-80GB,,9700.0,a0827285-e98d-55a9-b486-73107367c8f5,suitesparse_all,Pajek/GD97_c,GD97_c,452,452,460,2,row-major,N,N,1.0,0.0,20260922,main,pass,pass,0,0,1840.0,0.02141,0.0134655997157,0.0348755997157,0.0145360997157,0.13664448957699832,0.052758949380064264,0.12658141014351132,0.0014087060781133847,0.0005439066946398378,0.0013049629911702197,AlphaSparse 248af573c867cf4c7e05d40c611c7c34ebac4715,CUDA,13040,13000,2026-10-06T08:03:26.591045+00:00,derived,csr-alg3,0,0,,,,5,20,4,true
3,A100-SXM4-80GB-suitesparse_all-fp64-n2-row-major-AlphaSparse-SpMM-CSR-pre-plus-solve,AlphaSparse-SpMM-CSR-best-pre-plus-solve,AlphaSparseLib CSR PER MATRIX BEST,per-matrix-best,AlphaSparse-SpMM-CSR,best,pre-plus-solve,"csr-alg1,csr-alg2,csr-alg3,csr-alg4,csr-alg5",manual-selection,csr,ALPHASPARSE_SPMM_CSR_ALG1,workspace-setup,spmm.csr.fp64,fp64,A100-SXM4-80GB,A100-SXM4-80GB,,9700.0,dd6a9a30-d69d-5ea7-834e-7b0f3242a57c,suitesparse_all,Pajek/GD98_a,GD98_a,38,38,50,2,row-major,N,N,1.0,0.0,20260922,main,pass,pass,0,0,200.0,0.01232,0.00640000030398,0.018720000304,0.00701600030398,0.031249998515722726,0.010683760510263717,0.02850627014462144,0.0003221649331517807,0.00011014186093055379,0.0002938790736558911,AlphaSparse 248af573c867cf4c7e05d40c611c7c34ebac4715,CUDA,13040,13000,2026-10-06T19:52:48.500046+00:00,derived,csr-alg1,0,0,,,,5,20,4,true
3,A100-SXM4-80GB-suitesparse_all-fp64-n2-row-major-AlphaSparse-SpMM-CSR-pre-plus-solve,AlphaSparse-SpMM-CSR-best-pre-plus-solve,AlphaSparseLib CSR PER MATRIX BEST,per-matrix-best,AlphaSparse-SpMM-CSR,best,pre-plus-solve,"csr-alg1,csr-alg2,csr-alg3,csr-alg4,csr-alg5",manual-selection,csr,ALPHASPARSE_SPMM_CSR_ALG1,workspace-setup,spmm.csr.fp64,fp64,A100-SXM4-80GB,A100-SXM4-80GB,,9700.0,005fdebf-9ece-5bc0-9d3c-6fda0356699d,suitesparse_all,Pajek/GD98_b,GD98_b,121,121,207,2,row-major,N,N,1.0,0.0,20260922,main,pass,pass,0,0,828.0,0.01298,0.00517119988799,0.018151199888,0.00582019988799,0.16011757772562848,0.04561681900420268,0.14226315520684787,0.0016506966775837989,0.00047027648457940915,0.0014666304660499781,AlphaSparse 248af573c867cf4c7e05d40c611c7c34ebac4715,CUDA,13040,13000,2026-10-08T13:55:43.837046+00:00,derived,csr-alg1,0,0,,,,5,20,4,true
3,A100-SXM4-80GB-suitesparse_all-fp64-n2-row-major-AlphaSparse-SpMM-CSR-pre-plus-solve,AlphaSparse-SpMM-CSR-best-pre-plus-solve,AlphaSparseLib CSR PER MATRIX BEST,per-matrix-best,AlphaSparse-SpMM-CSR,best,pre-plus-solve,"csr-alg1,csr-alg2,csr-alg3,csr-alg4,csr-alg5",manual-selection,csr,ALPHASPARSE_SPMM_CSR_ALG1,workspace-setup,spmm.csr.fp64,fp64,A100-SXM4-80GB,A100-SXM4-80GB,,9700.0,d94c6f41-d28e-5f45-abb9-189a8a3b4f78,suitesparse_all,Pajek/GD98_c,GD98_c,112,112,336,2,row-major,N,N,1.0,0.0,20260922,main,pass,pass,0,0,1344.0,0.012829,0.00455680005252,0.0173858000525,0.00519825005252,0.2949438168253052,0.07730446663032563,0.2585485473805666,0.0030406579054155173,0.0007969532642301611,0.002665448942067697,AlphaSparse 248af573c867cf4c7e05d40c611c7c34ebac4715,CUDA,13040,13000,2026-10-06T01:52:36.894877+00:00,derived,csr-alg1,0,0,,,,5,20,4,true
3,A100-SXM4-80GB-suitesparse_all-fp64-n2-row-major-AlphaSparse-SpMM-CSR-pre-plus-solve,AlphaSparse-SpMM-CSR-best-pre-plus-solve,AlphaSparseLib CSR PER MATRIX BEST,per-matrix-best,AlphaSparse-SpMM-CSR,best,pre-plus-solve,"csr-alg1,csr-alg2,csr-alg3,csr-alg4,csr-alg5",manual-selection,csr,ALPHASPARSE_SPMM_CSR_ALG1,workspace-setup,spmm.csr.fp64,fp64,A100-SXM4-80GB,A100-SXM4-80GB,,9700.0,018f64fd-81d1-5f6a-986f-7d386c913e5c,suitesparse_all,Pajek/GD99_b,GD99_b,64,64,252,2,row-major,N,N,1.0,0.0,20260922,main,pass,pass,0,0,1008.0,0.01465,0.00455680005252,0.0192068000525,0.00528930005252,0.22120786261897887,0.05248141268950194,0.1905734199215556,0.002280493429061638,0.0005410454916443499,0.0019646744321809855,AlphaSparse 248af573c867cf4c7e05d40c611c7c34ebac4715,CUDA,13040,13000,2026-10-06T20:29:20.827535+00:00,derived,csr-alg1,0,0,,,,5,20,4,true
3,A100-SXM4-80GB-suitesparse_all-fp64-n2-row-major-AlphaSparse-SpMM-CSR-pre-plus-solve,AlphaSparse-SpMM-CSR-best-pre-plus-solve,AlphaSparseLib CSR PER MATRIX BEST,per-matrix-best,AlphaSparse-SpMM-CSR,best,pre-plus-solve,"csr-alg1,csr-alg2,csr-alg3,csr-alg4,csr-alg5",manual-selection,csr,ALPHASPARSE_SPMM_CSR_ALG2,workspace-setup,spmm.csr.fp64,fp64,A100-SXM4-80GB,A100-SXM4-80GB,,9700.0,752b02ae-c4ef-54eb-ad5c-0957985c94ee,suitesparse_all,Pajek/geom,geom,7343,7343,23796,2,row-major,N,N,1.0,0.0,20260922,main,pass,pass,0,0,95184.0,0.01096,0.0165375992656,0.0274975992656,0.0170855992656,5.755611710702958,3.46153855398849,5.5710074033892765,0.05933620320312327,0.03568596447410814,0.05743306601432243,AlphaSparse 248af573c867cf4c7e05d40c611c7c34ebac4715,CUDA,13040,13000,2026-10-08T04:55:34.552022+00:00,derived,csr-alg2,0,0,,,,5,20,4,true
3,A100-SXM4-80GB-suitesparse_all-fp64-n2-row-major-AlphaSparse-SpMM-CSR-pre-plus-solve,AlphaSparse-SpMM-CSR-best-pre-plus-solve,AlphaSparseLib CSR PER MATRIX BEST,per-matrix-best,AlphaSparse-SpMM-CSR,best,pre-plus-solve,"csr-alg1,csr-alg2,csr-alg3,csr-alg4,csr-alg5",manual-selection,csr,ALPHASPARSE_SPMM_CSR_ALG1,workspace-setup,spmm.csr.fp64,fp64,A100-SXM4-80GB,A100-SXM4-80GB,,9700.0,152f8cc9-7213-5fba-8430-8cd9341fa530,suitesparse_all,Pajek/GlossGT,GlossGT,72,72,122,2,row-major,N,N,1.0,0.0,20260922,main,pass,pass,0,0,488.0,0.01781,0.00542719997466,0.0232371999747,0.00631769997466,0.08991745325001994,0.02100080907042675,0.07724330087806405,0.0009269840541239169,0.0002165031862930593,0.0007963226894645779,AlphaSparse 248af573c867cf4c7e05d40c611c7c34ebac4715,CUDA,13040,13000,2026-10-07T22:27:51.160508+00:00,derived,csr-alg1,0,0,,,,5,20,4,true
3,A100-SXM4-80GB-suitesparse_all-fp64-n2-row-major-AlphaSparse-SpMM-CSR-pre-plus-solve,AlphaSparse-SpMM-CSR-best-pre-plus-solve,AlphaSparseLib CSR PER MATRIX BEST,per-matrix-best,AlphaSparse-SpMM-CSR,best,pre-plus-solve,"csr-alg1,csr-alg2,csr-alg3,csr-alg4,csr-alg5",manual-selection,csr,ALPHASPARSE_SPMM_CSR_ALG5,workspace-setup,spmm.csr.fp64,fp64,A100-SXM4-80GB,A100-SXM4-80GB,,9700.0,a0827285-e98d-55a9-b486-73107367c8f5,suitesparse_all,Pajek/HEP-th,HEP-th,27240,27240,342437,2,row-major,N,N,1.0,0.0,20260922,main,pass,pass,0,0,1369748.0,0.01978,0.0194544002414,0.0392344002414,0.0204434002414,70.40813301893024,34.91191381981792,67.00196561363204,0.7258570414322705,0.3599166373177105,0.6907419135425984,AlphaSparse 248af573c867cf4c7e05d40c611c7c34ebac4715,CUDA,13040,13000,2026-10-06T08:59:08.825020+00:00,derived,csr-alg5,0,0,,,,5,20,4,true
3,A100-SXM4-80GB-suitesparse_all-fp64-n2-row-major-AlphaSparse-SpMM-CSR-pre-plus-solve,AlphaSparse-SpMM-CSR-best-pre-plus-solve,AlphaSparseLib CSR PER MATRIX BEST,per-matrix-best,AlphaSparse-SpMM-CSR,best,pre-plus-solve,"csr-alg1,csr-alg2,csr-alg3,csr-alg4,csr-alg5",manual-selection,csr,ALPHASPARSE_SPMM_CSR_ALG3,workspace-setup,spmm.csr.fp64,fp64,A100-SXM4-80GB,A100-SXM4-80GB,,9700.0,dd6a9a30-d69d-5ea7-834e-7b0f3242a57c,suitesparse_all,Pajek/HEP-th-new,HEP-th-new,27770,27770,352807,2,row-major,N,N,1.0,0.0,20260922,main,pass,pass,0,0,1411228.0,0.0132,0.0265552014112,0.0397552014112,0.0272152014112,53.143185703904926,35.4979461782433,51.85440220255841,0.5478678938546899,0.36595820802312684,0.5345814660057568,AlphaSparse 248af573c867cf4c7e05d40c611c7c34ebac4715,CUDA,13040,13000,2026-10-06T21:08:55.828157+00:00,derived,csr-alg3,0,0,,,,5,20,4,true
3,A100-SXM4-80GB-suitesparse_all-fp64-n2-row-major-AlphaSparse-SpMM-CSR-pre-plus-solve,AlphaSparse-SpMM-CSR-best-pre-plus-solve,AlphaSparseLib CSR PER MATRIX BEST,per-matrix-best,AlphaSparse-SpMM-CSR,best,pre-plus-solve,"csr-alg1,csr-alg2,csr-alg3,csr-alg4,csr-alg5",manual-selection,csr,ALPHASPARSE_SPMM_CSR_ALG5,workspace-setup,spmm.csr.fp64,fp64,A100-SXM4-80GB,A100-SXM4-80GB,,9700.0,005fdebf-9ece-5bc0-9d3c-6fda0356699d,suitesparse_all,Pajek/IMDB,IMDB,428440,896308,3782463,2,row-major,N,N,1.0,0.0,20260922,main,pass,pass,0,0,15129852.0,0.028789,0.1641471982,0.1929361982,0.1655866482,92.17246572533944,78.41893922008462,91.37120754884633,0.9502316054158706,0.8084426723720064,0.9419712118437765,AlphaSparse 248af573c867cf4c7e05d40c611c7c34ebac4715,CUDA,13040,13000,2026-10-08T15:33:22.039363+00:00,derived,csr-alg5,0,0,,,,5,20,4,true
3,A100-SXM4-80GB-suitesparse_all-fp64-n2-row-major-AlphaSparse-SpMM-CSR-pre-plus-solve,AlphaSparse-SpMM-CSR-best-pre-plus-solve,AlphaSparseLib CSR PER MATRIX BEST,per-matrix-best,AlphaSparse-SpMM-CSR,best,pre-plus-solve,"csr-alg1,csr-alg2,csr-alg3,csr-alg4,csr-alg5",manual-selection,csr,ALPHASPARSE_SPMM_CSR_ALG3,workspace-setup,spmm.csr.fp64,fp64,A100-SXM4-80GB,A100-SXM4-80GB,,9700.0,d94c6f41-d28e-5f45-abb9-189a8a3b4f78,suitesparse_all,Pajek/internet,internet,124651,124651,207214,2,row-major,N,N,1.0,0.0,20260922,main,pass,pass,0,0,828856.0,0.01546,0.0228080004454,0.0382680004454,0.0235810004454,36.340581542174014,21.659245070371387,35.14931446268162,0.37464517053787644,0.22329118629248854,0.36236406662558374,AlphaSparse 248af573c867cf4c7e05d40c611c7c34ebac4715,CUDA,13040,13000,2026-10-06T02:47:20.955773+00:00,derived,csr-alg3,0,0,,,,5,20,4,true
3,A100-SXM4-80GB-suitesparse_all-fp64-n2-row-major-AlphaSparse-SpMM-CSR-pre-plus-solve,AlphaSparse-SpMM-CSR-best-pre-plus-solve,AlphaSparseLib CSR PER MATRIX BEST,per-matrix-best,AlphaSparse-SpMM-CSR,best,pre-plus-solve,"csr-alg1,csr-alg2,csr-alg3,csr-alg4,csr-alg5",manual-selection,csr,ALPHASPARSE_SPMM_CSR_ALG3,workspace-setup,spmm.csr.fp64,fp64,A100-SXM4-80GB,A100-SXM4-80GB,,9700.0,018f64fd-81d1-5f6a-986f-7d386c913e5c,suitesparse_all,Pajek/Journals,Journals,124,124,12068,2,row-major,N,N,1.0,0.0,20260922,main,pass,pass,0,0,48272.0,0.01167,0.0134655997157,0.0251355997157,0.0140490997157,3.58483847872873,1.9204634282049264,3.4359497033148387,0.03695709771885289,0.019798592043349758,0.0354221618898437,AlphaSparse 248af573c867cf4c7e05d40c611c7c34ebac4715,CUDA,13040,13000,2026-10-06T21:54:38.220132+00:00,derived,csr-alg3,0,0,,,,5,20,4,true
3,A100-SXM4-80GB-suitesparse_all-fp64-n2-row-major-AlphaSparse-SpMM-CSR-pre-plus-solve,AlphaSparse-SpMM-CSR-best-pre-plus-solve,AlphaSparseLib CSR PER MATRIX BEST,per-matrix-best,AlphaSparse-SpMM-CSR,best,pre-plus-solve,"csr-alg1,csr-alg2,csr-alg3,csr-alg4,csr-alg5",manual-selection,csr,ALPHASPARSE_SPMM_CSR_ALG3,workspace-setup,spmm.csr.fp64,fp64,A100-SXM4-80GB,A100-SXM4-80GB,,9700.0,752b02ae-c4ef-54eb-ad5c-0957985c94ee,suitesparse_all,Pajek/Lederberg,Lederberg,8843,8843,41601,2,row-major,N,N,1.0,0.0,20260922,main,pass,pass,0,0,166404.0,0.01193,0.0163328006864,0.0282628006864,0.0169293006864,10.188332252077336,5.887739217581266,9.829348718088463,0.10503435311419934,0.0606983424492914,0.1013334919390563,AlphaSparse 248af573c867cf4c7e05d40c611c7c34ebac4715,CUDA,13040,13000,2026-10-08T05:57:41.996282+00:00,derived,csr-alg3,0,0,,,,5,20,4,true
3,A100-SXM4-80GB-suitesparse_all-fp64-n2-row-major-AlphaSparse-SpMM-CSR-pre-plus-solve,AlphaSparse-SpMM-CSR-best-pre-plus-solve,AlphaSparseLib CSR PER MATRIX BEST,per-matrix-best,AlphaSparse-SpMM-CSR,best,pre-plus-solve,"csr-alg1,csr-alg2,csr-alg3,csr-alg4,csr-alg5",manual-selection,csr,ALPHASPARSE_SPMM_CSR_ALG2,workspace-setup,spmm.csr.fp64,fp64,A100-SXM4-80GB,A100-SXM4-80GB,,9700.0,005fdebf-9ece-5bc0-9d3c-6fda0356699d,suitesparse_all,Pajek/ODLIS,ODLIS,2909,2909,18246,2,row-major,N,N,1.0,0.0,20260922,main,pass,pass,0,0,72984.0,0.0131,0.013055999577,0.026155999577,0.013710999577,5.5900737105239875,2.7903349587211994,5.323025472368155,0.0576296258816906,0.028766339780630923,0.054876551261527365,AlphaSparse 248af573c867cf4c7e05d40c611c7c34ebac4715,CUDA,13040,13000,2026-10-08T14:22:06.117843+00:00,derived,csr-alg2,0,0,,,,5,20,4,true
3,A100-SXM4-80GB-suitesparse_all-fp64-n2-row-major-AlphaSparse-SpMM-CSR-pre-plus-solve,AlphaSparse-SpMM-CSR-best-pre-plus-solve,AlphaSparseLib CSR PER MATRIX BEST,per-matrix-best,AlphaSparse-SpMM-CSR,best,pre-plus-solve,"csr-alg1,csr-alg2,csr-alg3,csr-alg4,csr-alg5",manual-selection,csr,ALPHASPARSE_SPMM_CSR_ALG1,workspace-setup,spmm.csr.fp64,fp64,A100-SXM4-80GB,A100-SXM4-80GB,,9700.0,018f64fd-81d1-5f6a-986f-7d386c913e5c,suitesparse_all,Pajek/patents,patents,3774768,3774768,14970767,2,row-major,N,N,1.0,0.0,20260922,main,pass,pass,0,0,59883068.0,0.50069,0.962611198425,1.46330119843,0.987645698425,62.20898748942373,40.923268609531334,60.63213568944371,0.6413297679322033,0.4218893671085705,0.625073563808698,AlphaSparse 248af573c867cf4c7e05d40c611c7c34ebac4715,CUDA,13040,13000,2026-10-06T20:29:29.647485+00:00,derived,csr-alg1,0,0,,,,5,20,4,true
3,A100-SXM4-80GB-suitesparse_all-fp64-n2-row-major-AlphaSparse-SpMM-CSR-pre-plus-solve,AlphaSparse-SpMM-CSR-best-pre-plus-solve,AlphaSparseLib CSR PER MATRIX BEST,per-matrix-best,AlphaSparse-SpMM-CSR,best,pre-plus-solve,"csr-alg1,csr-alg2,csr-alg3,csr-alg4,csr-alg5",manual-selection,csr,ALPHASPARSE_SPMM_CSR_ALG5,workspace-setup,spmm.csr.fp64,fp64,A100-SXM4-80GB,A100-SXM4-80GB,,9700.0,d94c6f41-d28e-5f45-abb9-189a8a3b4f78,suitesparse_all,Pajek/patents_main,patents_main,240547,240547,560943,2,row-major,N,N,1.0,0.0,20260922,main,pass,pass,0,0,2243772.0,0.01864,0.0344576001167,0.0530976001167,0.0353896001167,65.1168970677255,42.2575030711096,63.402016202527996,0.6713082171930465,0.43564436155783093,0.6536290330157526,AlphaSparse 248af573c867cf4c7e05d40c611c7c34ebac4715,CUDA,13040,13000,2026-10-06T03:35:23.949045+00:00,derived,csr-alg5,0,0,,,,5,20,4,true
3,A100-SXM4-80GB-suitesparse_all-fp64-n2-row-major-AlphaSparse-SpMM-CSR-pre-plus-solve,AlphaSparse-SpMM-CSR-best-pre-plus-solve,AlphaSparseLib CSR PER MATRIX BEST,per-matrix-best,AlphaSparse-SpMM-CSR,best,pre-plus-solve,"csr-alg1,csr-alg2,csr-alg3,csr-alg4,csr-alg5",manual-selection,csr,ALPHASPARSE_SPMM_CSR_ALG4,workspace-setup,spmm.csr.fp64,fp64,A100-SXM4-80GB,A100-SXM4-80GB,,9700.0,752b02ae-c4ef-54eb-ad5c-0957985c94ee,suitesparse_all,Pajek/Ragusa18,Ragusa18,23,23,64,2,row-major,N,N,1.0,0.0,20260922,main,pass,pass,0,0,256.0,0.01132,0.0101888000965,0.0215088000965,0.0107548000965,0.02512562790273407,0.011902105131455351,0.023803324813383712,0.0002590270917807636,0.00012270211475727167,0.0002453951011689043,AlphaSparse 248af573c867cf4c7e05d40c611c7c34ebac4715,CUDA,13040,13000,2026-10-08T06:58:54.516246+00:00,derived,csr-alg4,0,0,,,,5,20,4,true
3,A100-SXM4-80GB-suitesparse_all-fp64-n2-row-major-AlphaSparse-SpMM-CSR-pre-plus-solve,AlphaSparse-SpMM-CSR-best-pre-plus-solve,AlphaSparseLib CSR PER MATRIX BEST,per-matrix-best,AlphaSparse-SpMM-CSR,best,pre-plus-solve,"csr-alg1,csr-alg2,csr-alg3,csr-alg4,csr-alg5",manual-selection,csr,ALPHASPARSE_SPMM_CSR_ALG5,workspace-setup,spmm.csr.fp64,fp64,A100-SXM4-80GB,A100-SXM4-80GB,,9700.0,152f8cc9-7213-5fba-8430-8cd9341fa530,suitesparse_all,Pajek/Reuters911,Reuters911,13332,13332,296076,2,row-major,N,N,1.0,0.0,20260922,main,pass,pass,0,0,1184304.0,0.01932,0.0237568005919,0.0430768005919,0.0247228005919,49.85115716313224,27.492849601803808,47.90331077572242,0.5139294552900231,0.28343143919385366,0.49384856469816923,AlphaSparse 248af573c867cf4c7e05d40c611c7c34ebac4715,CUDA,13040,13000,2026-10-08T02:22:25.154990+00:00,derived,csr-alg5,0,0,,,,5,20,4,true
3,A100-SXM4-80GB-suitesparse_all-fp64-n2-row-major-AlphaSparse-SpMM-CSR-pre-plus-solve,AlphaSparse-SpMM-CSR-best-pre-plus-solve,AlphaSparseLib CSR PER MATRIX BEST,per-matrix-best,AlphaSparse-SpMM-CSR,best,pre-plus-solve,"csr-alg1,csr-alg2,csr-alg3,csr-alg4,csr-alg5",manual-selection,csr,ALPHASPARSE_SPMM_CSR_ALG1,workspace-setup,spmm.csr.fp64,fp64,A100-SXM4-80GB,A100-SXM4-80GB,,9700.0,a0827285-e98d-55a9-b486-73107367c8f5,suitesparse_all,Pajek/Roget,Roget,1022,1022,5075,2,row-major,N,N,1.0,0.0,20260922,main,pass,pass,0,0,20300.0,0.01615,0.0112127996981,0.0273627996981,0.0120202996981,1.8104309848181646,0.7418831487996301,1.688809805899327,0.018664236956888295,0.00764827988453227,0.017410410370096153,AlphaSparse 248af573c867cf4c7e05d40c611c7c34ebac4715,CUDA,13040,13000,2026-10-06T07:06:56.019925+00:00,derived,csr-alg1,0,0,,,,5,20,4,true
3,A100-SXM4-80GB-suitesparse_all-fp64-n2-row-major-AlphaSparse-SpMM-CSR-pre-plus-solve,AlphaSparse-SpMM-CSR-best-pre-plus-solve,AlphaSparseLib CSR PER MATRIX BEST,per-matrix-best,AlphaSparse-SpMM-CSR,best,pre-plus-solve,"csr-alg1,csr-alg2,csr-alg3,csr-alg4,csr-alg5",manual-selection,csr,ALPHASPARSE_SPMM_CSR_ALG1,workspace-setup,spmm.csr.fp64,fp64,A100-SXM4-80GB,A100-SXM4-80GB,,9700.0,dd6a9a30-d69d-5ea7-834e-7b0f3242a57c,suitesparse_all,Pajek/Sandi_authors,Sandi_authors,86,86,248,2,row-major,N,N,1.0,0.0,20260922,main,pass,pass,0,0,992.0,0.0126,0.00655359998345,0.0191535999835,0.00718359998345,0.15136718788225204,0.05179183030106952,0.1380923217168868,0.0015604864730129077,0.0005339363948563868,0.0014236321826483175,AlphaSparse 248af573c867cf4c7e05d40c611c7c34ebac4715,CUDA,13040,13000,2026-10-06T19:52:50.530853+00:00,derived,csr-alg1,0,0,,,,5,20,4,true
3,A100-SXM4-80GB-suitesparse_all-fp64-n2-row-major-AlphaSparse-SpMM-CSR-pre-plus-solve,AlphaSparse-SpMM-CSR-best-pre-plus-solve,AlphaSparseLib CSR PER MATRIX BEST,per-matrix-best,AlphaSparse-SpMM-CSR,best,pre-plus-solve,"csr-alg1,csr-alg2,csr-alg3,csr-alg4,csr-alg5",manual-selection,csr,ALPHASPARSE_SPMM_CSR_ALG1,workspace-setup,spmm.csr.fp64,fp64,A100-SXM4-80GB,A100-SXM4-80GB,,9700.0,005fdebf-9ece-5bc0-9d3c-6fda0356699d,suitesparse_all,Pajek/Sandi_sandi,Sandi_sandi,314,360,613,2,row-major,N,N,1.0,0.0,20260922,main,pass,pass,0,0,2452.0,0.01299,0.00895999968052,0.0219499996805,0.00960949968052,0.2736607240434295,0.11170842987202019,0.2551641689494613,0.0028212445777673146,0.0011516332976496927,0.0026305584427779517,AlphaSparse 248af573c867cf4c7e05d40c611c7c34ebac4715,CUDA,13040,13000,2026-10-08T13:55:47.081508+00:00,derived,csr-alg1,0,0,,,,5,20,4,true
3,A100-SXM4-80GB-suitesparse_all-fp64-n2-row-major-AlphaSparse-SpMM-CSR-pre-plus-solve,AlphaSparse-SpMM-CSR-best-pre-plus-solve,AlphaSparseLib CSR PER MATRIX BEST,per-matrix-best,AlphaSparse-SpMM-CSR,best,pre-plus-solve,"csr-alg1,csr-alg2,csr-alg3,csr-alg4,csr-alg5",manual-selection,csr,ALPHASPARSE_SPMM_CSR_ALG3,workspace-setup,spmm.csr.fp64,fp64,A100-SXM4-80GB,A100-SXM4-80GB,,9700.0,d94c6f41-d28e-5f45-abb9-189a8a3b4f78,suitesparse_all,Pajek/SciMet,SciMet,3084,3084,10413,2,row-major,N,N,1.0,0.0,20260922,main,pass,pass,0,0,41652.0,0.01318,0.014275200665,0.027455200665,0.014934200665,2.917787355670772,1.517089622043744,2.7890344407663012,0.030080282017224454,0.015640099196327258,0.02875293237903403,AlphaSparse 248af573c867cf4c7e05d40c611c7c34ebac4715,CUDA,13040,13000,2026-10-06T02:47:22.799843+00:00,derived,csr-alg3,0,0,,,,5,20,4,true
3,A100-SXM4-80GB-suitesparse_all-fp64-n2-row-major-AlphaSparse-SpMM-CSR-pre-plus-solve,AlphaSparse-SpMM-CSR-best-pre-plus-solve,AlphaSparseLib CSR PER MATRIX BEST,per-matrix-best,AlphaSparse-SpMM-CSR,best,pre-plus-solve,"csr-alg1,csr-alg2,csr-alg3,csr-alg4,csr-alg5",manual-selection,csr,ALPHASPARSE_SPMM_CSR_ALG2,workspace-setup,spmm.csr.fp64,fp64,A100-SXM4-80GB,A100-SXM4-80GB,,9700.0,018f64fd-81d1-5f6a-986f-7d386c913e5c,suitesparse_all,Pajek/SmaGri,SmaGri,1059,1059,4919,2,row-major,N,N,1.0,0.0,20260922,main,pass,pass,0,0,19676.0,0.01339,0.016435199976,0.029825199976,0.017104699976,1.1971865282279788,0.6597105808454948,1.1503271046909826,0.012342129156989472,0.006801140008716441,0.011859042316401882,AlphaSparse 248af573c867cf4c7e05d40c611c7c34ebac4715,CUDA,13040,13000,2026-10-06T21:17:01.045282+00:00,derived,csr-alg2,0,0,,,,5,20,4,true
3,A100-SXM4-80GB-suitesparse_all-fp64-n2-row-major-AlphaSparse-SpMM-CSR-pre-plus-solve,AlphaSparse-SpMM-CSR-best-pre-plus-solve,AlphaSparseLib CSR PER MATRIX BEST,per-matrix-best,AlphaSparse-SpMM-CSR,best,pre-plus-solve,"csr-alg1,csr-alg2,csr-alg3,csr-alg4,csr-alg5",manual-selection,csr,ALPHASPARSE_SPMM_CSR_ALG1,workspace-setup,spmm.csr.fp64,fp64,A100-SXM4-80GB,A100-SXM4-80GB,,9700.0,752b02ae-c4ef-54eb-ad5c-0957985c94ee,suitesparse_all,Pajek/Stranke94,Stranke94,10,10,90,2,row-major,N,N,1.0,0.0,20260922,main,pass,pass,0,0,360.0,0.01555,0.00593920014799,0.021489200148,0.00671670014799,0.060614222627576306,0.016752601191324712,0.05359774771361968,0.0006248888930677969,0.00017270722877654342,0.000552554100140409,AlphaSparse 248af573c867cf4c7e05d40c611c7c34ebac4715,CUDA,13040,13000,2026-10-08T03:35:55.370559+00:00,derived,csr-alg1,0,0,,,,5,20,4,true
3,A100-SXM4-80GB-suitesparse_all-fp64-n2-row-major-AlphaSparse-SpMM-CSR-pre-plus-solve,AlphaSparse-SpMM-CSR-best-pre-plus-solve,AlphaSparseLib CSR PER MATRIX BEST,per-matrix-best,AlphaSparse-SpMM-CSR,best,pre-plus-solve,"csr-alg1,csr-alg2,csr-alg3,csr-alg4,csr-alg5",manual-selection,csr,ALPHASPARSE_SPMM_CSR_ALG1,workspace-setup,spmm.csr.fp64,fp64,A100-SXM4-80GB,A100-SXM4-80GB,,9700.0,152f8cc9-7213-5fba-8430-8cd9341fa530,suitesparse_all,Pajek/Tina_AskCal,Tina_AskCal,11,11,29,2,row-major,N,N,1.0,0.0,20260922,main,pass,pass,0,0,116.0,0.02082,0.00578560009599,0.026605600096,0.00682660009599,0.020049778428412223,0.004359984348462034,0.016992353202019164,0.00020669874668466208,4.494829225218592e-05,0.0001751788989898883,AlphaSparse 248af573c867cf4c7e05d40c611c7c34ebac4715,CUDA,13040,13000,2026-10-07T22:27:53.594157+00:00,derived,csr-alg1,0,0,,,,5,20,4,true
3,A100-SXM4-80GB-suitesparse_all-fp64-n2-row-major-AlphaSparse-SpMM-CSR-pre-plus-solve,AlphaSparse-SpMM-CSR-best-pre-plus-solve,AlphaSparseLib CSR PER MATRIX BEST,per-matrix-best,AlphaSparse-SpMM-CSR,best,pre-plus-solve,"csr-alg1,csr-alg2,csr-alg3,csr-alg4,csr-alg5",manual-selection,csr,ALPHASPARSE_SPMM_CSR_ALG1,workspace-setup,spmm.csr.fp64,fp64,A100-SXM4-80GB,A100-SXM4-80GB,,9700.0,a0827285-e98d-55a9-b486-73107367c8f5,suitesparse_all,Pajek/Tina_AskCog,Tina_AskCog,11,11,36,2,row-major,N,N,1.0,0.0,20260922,main,pass,pass,0,0,144.0,0.01589,0.00563200004399,0.021522000044,0.00642650004399,0.0255681816184758,0.006690827976284897,0.02240721995087628,0.0002635895012214,6.897760800293709e-05,0.000231002267534807,AlphaSparse 248af573c867cf4c7e05d40c611c7c34ebac4715,CUDA,13040,13000,2026-10-06T07:06:56.878946+00:00,derived,csr-alg1,0,0,,,,5,20,4,true
3,A100-SXM4-80GB-suitesparse_all-fp64-n2-row-major-AlphaSparse-SpMM-CSR-pre-plus-solve,AlphaSparse-SpMM-CSR-best-pre-plus-solve,AlphaSparseLib CSR PER MATRIX BEST,per-matrix-best,AlphaSparse-SpMM-CSR,best,pre-plus-solve,"csr-alg1,csr-alg2,csr-alg3,csr-alg4,csr-alg5",manual-selection,csr,ALPHASPARSE_SPMM_CSR_ALG1,workspace-setup,spmm.csr.fp64,fp64,A100-SXM4-80GB,A100-SXM4-80GB,,9700.0,dd6a9a30-d69d-5ea7-834e-7b0f3242a57c,suitesparse_all,Pajek/Tina_DisCal,Tina_DisCal,11,11,41,2,row-major,N,N,1.0,0.0,20260922,main,pass,pass,0,0,164.0,0.01465,0.00522239990532,0.0198723999053,0.00595489990532,0.03140318684383688,0.008252651958571996,0.02754034536390534,0.0003237441942663596,8.507888617084532e-05,0.00028392108622582826,AlphaSparse 248af573c867cf4c7e05d40c611c7c34ebac4715,CUDA,13040,13000,2026-10-06T19:52:51.559673+00:00,derived,csr-alg1,0,0,,,,5,20,4,true
3,A100-SXM4-80GB-suitesparse_all-fp64-n2-row-major-AlphaSparse-SpMM-CSR-pre-plus-solve,AlphaSparse-SpMM-CSR-best-pre-plus-solve,AlphaSparseLib CSR PER MATRIX BEST,per-matrix-best,AlphaSparse-SpMM-CSR,best,pre-plus-solve,"csr-alg1,csr-alg2,csr-alg3,csr-alg4,csr-alg5",manual-selection,csr,ALPHASPARSE_SPMM_CSR_ALG1,workspace-setup,spmm.csr.fp64,fp64,A100-SXM4-80GB,A100-SXM4-80GB,,9700.0,005fdebf-9ece-5bc0-9d3c-6fda0356699d,suitesparse_all,Pajek/Tina_DisCog,Tina_DisCog,11,11,48,2,row-major,N,N,1.0,0.0,20260922,main,pass,pass,0,0,192.0,0.01185,0.00517119988799,0.017021199888,0.00576369988799,0.03712871367550805,0.01128005083445149,0.033311935689100736,0.00038277024407740255,0.00011628918386032464,0.00034342201741340966,AlphaSparse 248af573c867cf4c7e05d40c611c7c34ebac4715,CUDA,13040,13000,2026-10-08T13:55:47.682691+00:00,derived,csr-alg1,0,0,,,,5,20,4,true
3,A100-SXM4-80GB-suitesparse_all-fp64-n2-row-major-AlphaSparse-SpMM-CSR-pre-plus-solve,AlphaSparse-SpMM-CSR-best-pre-plus-solve,AlphaSparseLib CSR PER MATRIX BEST,per-matrix-best,AlphaSparse-SpMM-CSR,best,pre-plus-solve,"csr-alg1,csr-alg2,csr-alg3,csr-alg4,csr-alg5",manual-selection,csr,ALPHASPARSE_SPMM_CSR_ALG5,workspace-setup,spmm.csr.fp64,fp64,A100-SXM4-80GB,A100-SXM4-80GB,,9700.0,d94c6f41-d28e-5f45-abb9-189a8a3b4f78,suitesparse_all,Pajek/USAir97,USAir97,332,332,4252,2,row-major,N,N,1.0,0.0,20260922,main,pass,pass,0,0,17008.0,0.012791,0.0131584003568,0.0259494003568,0.0137979503568,1.292558330710055,0.6554294036140639,1.2326468468280871,0.013325343615567576,0.00675700416096973,0.012707699451835948,AlphaSparse 248af573c867cf4c7e05d40c611c7c34ebac4715,CUDA,13040,13000,2026-10-06T03:35:25.275408+00:00,derived,csr-alg5,0,0,,,,5,20,4,true
3,A100-SXM4-80GB-suitesparse_all-fp64-n2-row-major-AlphaSparse-SpMM-CSR-pre-plus-solve,AlphaSparse-SpMM-CSR-best-pre-plus-solve,AlphaSparseLib CSR PER MATRIX BEST,per-matrix-best,AlphaSparse-SpMM-CSR,best,pre-plus-solve,"csr-alg1,csr-alg2,csr-alg3,csr-alg4,csr-alg5",manual-selection,csr,ALPHASPARSE_SPMM_CSR_ALG1,workspace-setup,spmm.csr.fp64,fp64,A100-SXM4-80GB,A100-SXM4-80GB,,9700.0,018f64fd-81d1-5f6a-986f-7d386c913e5c,suitesparse_all,Pajek/USpowerGrid,USpowerGrid,4941,4941,13188,2,row-major,N,N,1.0,0.0,20260922,main,pass,pass,0,0,52752.0,0.0158,0.0105471998453,0.0263471998453,0.0113371998453,5.001517063650513,2.0021862023189643,4.653000804415484,0.051562031584025905,0.020641094869267674,0.04796908045789159,AlphaSparse 248af573c867cf4c7e05d40c611c7c34ebac4715,CUDA,13040,13000,2026-10-06T20:29:32.169729+00:00,derived,csr-alg1,0,0,,,,5,20,4,true
3,A100-SXM4-80GB-suitesparse_all-fp64-n2-row-major-AlphaSparse-SpMM-CSR-pre-plus-solve,AlphaSparse-SpMM-CSR-best-pre-plus-solve,AlphaSparseLib CSR PER MATRIX BEST,per-matrix-best,AlphaSparse-SpMM-CSR,best,pre-plus-solve,"csr-alg1,csr-alg2,csr-alg3,csr-alg4,csr-alg5",manual-selection,csr,ALPHASPARSE_SPMM_CSR_ALG3,workspace-setup,spmm.csr.fp64,fp64,A100-SXM4-80GB,A100-SXM4-80GB,,9700.0,752b02ae-c4ef-54eb-ad5c-0957985c94ee,suitesparse_all,Pajek/WorldCities,WorldCities,315,100,7518,2,row-major,N,N,1.0,0.0,20260922,main,pass,pass,0,0,30072.0,0.01154,0.0137216001749,0.0252616001749,0.0142986001749,2.1915811287818086,1.1904234012016242,2.1031429393199543,0.02259361988434854,0.012272406197954888,0.021681885972370665,AlphaSparse 248af573c867cf4c7e05d40c611c7c34ebac4715,CUDA,13040,13000,2026-10-08T05:57:43.876910+00:00,derived,csr-alg3,0,0,,,,5,20,4,true
3,A100-SXM4-80GB-suitesparse_all-fp64-n2-row-major-AlphaSparse-SpMM-CSR-pre-plus-solve,AlphaSparse-SpMM-CSR-best-pre-plus-solve,AlphaSparseLib CSR PER MATRIX BEST,per-matrix-best,AlphaSparse-SpMM-CSR,best,pre-plus-solve,"csr-alg1,csr-alg2,csr-alg3,csr-alg4,csr-alg5",manual-selection,csr,ALPHASPARSE_SPMM_CSR_ALG3,workspace-setup,spmm.csr.fp64,fp64,A100-SXM4-80GB,A100-SXM4-80GB,,9700.0,152f8cc9-7213-5fba-8430-8cd9341fa530,suitesparse_all,Pajek/yeast,yeast,2361,2361,13828,2,row-major,N,N,1.0,0.0,20260922,main,pass,pass,0,0,55312.0,0.01365,0.0148479998112,0.0284979998112,0.0155304998112,3.7252155646094223,1.9409081467627012,3.5615080436826063,0.03840428417123116,0.020009362337759806,0.03671657776992378,AlphaSparse 248af573c867cf4c7e05d40c611c7c34ebac4715,CUDA,13040,13000,2026-10-08T00:24:50.529256+00:00,derived,csr-alg3,0,0,,,,5,20,4,true
3,A100-SXM4-80GB-suitesparse_all-fp64-n2-row-major-AlphaSparse-SpMM-CSR-pre-plus-solve,AlphaSparse-SpMM-CSR-best-pre-plus-solve,AlphaSparseLib CSR PER MATRIX BEST,per-matrix-best,AlphaSparse-SpMM-CSR,best,pre-plus-solve,"csr-alg1,csr-alg2,csr-alg3,csr-alg4,csr-alg5",manual-selection,csr,ALPHASPARSE_SPMM_CSR_ALG3,workspace-setup,spmm.csr.fp64,fp64,A100-SXM4-80GB,A100-SXM4-80GB,,9700.0,a0827285-e98d-55a9-b486-73107367c8f5,suitesparse_all,Pajek/Zewail,Zewail,6752,6752,54233,2,row-major,N,N,1.0,0.0,20260922,main,pass,pass,0,0,216932.0,0.01686,0.0162303999066,0.0330903999066,0.0170733999066,13.365782805621803,6.555738238652477,12.705846590996877,0.1377915753156887,0.06758493029538637,0.1309881091855348,AlphaSparse 248af573c867cf4c7e05d40c611c7c34ebac4715,CUDA,13040,13000,2026-10-06T08:03:31.210114+00:00,derived,csr-alg3,0,0,,,,5,20,4,true
3,A100-SXM4-80GB-suitesparse_all-fp64-n2-row-major-AlphaSparse-SpMM-CSR-pre-plus-solve,AlphaSparse-SpMM-CSR-best-pre-plus-solve,AlphaSparseLib CSR PER MATRIX BEST,per-matrix-best,AlphaSparse-SpMM-CSR,best,pre-plus-solve,"csr-alg1,csr-alg2,csr-alg3,csr-alg4,csr-alg5",manual-selection,csr,ALPHASPARSE_SPMM_CSR_ALG5,workspace-setup,spmm.csr.fp64,fp64,A100-SXM4-80GB,A100-SXM4-80GB,,9700.0,752b02ae-c4ef-54eb-ad5c-0957985c94ee,suitesparse_all,PARSEC/benzene,benzene,8219,8219,242669,2,row-major,N,N,1.0,0.0,20260922,main,pass,pass,0,0,970676.0,0.01427,0.0189311996102,0.0332011996102,0.0196446996102,51.2738769854292,29.23617252979591,49.41159800152921,0.5285966699528784,0.3014038405133599,0.5093979175415382,AlphaSparse 248af573c867cf4c7e05d40c611c7c34ebac4715,CUDA,13040,13000,2026-10-08T07:59:54.985590+00:00,derived,csr-alg5,0,0,,,,5,20,4,true
3,A100-SXM4-80GB-suitesparse_all-fp64-n2-row-major-AlphaSparse-SpMM-CSR-pre-plus-solve,AlphaSparse-SpMM-CSR-best-pre-plus-solve,AlphaSparseLib CSR PER MATRIX BEST,per-matrix-best,AlphaSparse-SpMM-CSR,best,pre-plus-solve,"csr-alg1,csr-alg2,csr-alg3,csr-alg4,csr-alg5",manual-selection,csr,ALPHASPARSE_SPMM_CSR_ALG1,workspace-setup,spmm.csr.fp64,fp64,A100-SXM4-80GB,A100-SXM4-80GB,,9700.0,152f8cc9-7213-5fba-8430-8cd9341fa530,suitesparse_all,PARSEC/CO,CO,221119,221119,7666057,2,row-major,N,N,1.0,0.0,20260922,main,pass,pass,0,0,30664228.0,0.04787,0.207103991508,0.254973991508,0.209497491508,148.0619845939353,120.2641407409504,146.37038266794252,1.5264122123086115,1.2398365024840248,1.5089730171952835,AlphaSparse 248af573c867cf4c7e05d40c611c7c34ebac4715,CUDA,13040,13000,2026-10-07T22:27:00.998655+00:00,derived,csr-alg1,0,0,,,,5,20,4,true
3,A100-SXM4-80GB-suitesparse_all-fp64-n2-row-major-AlphaSparse-SpMM-CSR-pre-plus-solve,AlphaSparse-SpMM-CSR-best-pre-plus-solve,AlphaSparseLib CSR PER MATRIX BEST,per-matrix-best,AlphaSparse-SpMM-CSR,best,pre-plus-solve,"csr-alg1,csr-alg2,csr-alg3,csr-alg4,csr-alg5",manual-selection,csr,ALPHASPARSE_SPMM_CSR_ALG5,workspace-setup,spmm.csr.fp64,fp64,A100-SXM4-80GB,A100-SXM4-80GB,,9700.0,a0827285-e98d-55a9-b486-73107367c8f5,suitesparse_all,PARSEC/Ga10As10H30,Ga10As10H30,113081,113081,6115633,2,row-major,N,N,1.0,0.0,20260922,main,pass,pass,0,0,24462532.0,0.022451,0.192051196098,0.214502196098,0.193173746098,127.3750567401686,114.04327062844503,126.63486883766173,1.313144914847099,1.1757038209118045,1.3055141117284714,AlphaSparse 248af573c867cf4c7e05d40c611c7c34ebac4715,CUDA,13040,13000,2026-10-06T08:58:35.785908+00:00,derived,csr-alg5,0,0,,,,5,20,4,true
3,A100-SXM4-80GB-suitesparse_all-fp64-n2-row-major-AlphaSparse-SpMM-CSR-pre-plus-solve,AlphaSparse-SpMM-CSR-best-pre-plus-solve,AlphaSparseLib CSR PER MATRIX BEST,per-matrix-best,AlphaSparse-SpMM-CSR,best,pre-plus-solve,"csr-alg1,csr-alg2,csr-alg3,csr-alg4,csr-alg5",manual-selection,csr,ALPHASPARSE_SPMM_CSR_ALG5,workspace-setup,spmm.csr.fp64,fp64,A100-SXM4-80GB,A100-SXM4-80GB,,9700.0,dd6a9a30-d69d-5ea7-834e-7b0f3242a57c,suitesparse_all,PARSEC/Ga19As19H42,Ga19As19H42,133123,133123,8884839,2,row-major,N,N,1.0,0.0,20260922,main,pass,pass,0,0,35539356.0,0.03605,0.276582407951,0.312632407951,0.278384907951,128.49463660138588,113.67777330867824,127.66265334418009,1.3246869752720194,1.1719358073059614,1.3161098282905164,AlphaSparse 248af573c867cf4c7e05d40c611c7c34ebac4715,CUDA,13040,13000,2026-10-06T22:22:30.909301+00:00,derived,csr-alg5,0,0,,,,5,20,4,true
3,A100-SXM4-80GB-suitesparse_all-fp64-n2-row-major-AlphaSparse-SpMM-CSR-pre-plus-solve,AlphaSparse-SpMM-CSR-best-pre-plus-solve,AlphaSparseLib CSR PER MATRIX BEST,per-matrix-best,AlphaSparse-SpMM-CSR,best,pre-plus-solve,"csr-alg1,csr-alg2,csr-alg3,csr-alg4,csr-alg5",manual-selection,csr,ALPHASPARSE_SPMM_CSR_ALG5,workspace-setup,spmm.csr.fp64,fp64,A100-SXM4-80GB,A100-SXM4-80GB,,9700.0,005fdebf-9ece-5bc0-9d3c-6fda0356699d,suitesparse_all,PARSEC/Ga3As3H12,Ga3As3H12,61349,61349,5970947,2,row-major,N,N,1.0,0.0,20260922,main,pass,pass,0,0,23883788.0,0.03184,0.193689596653,0.225529596653,0.195281596653,123.3096067766016,105.90090327145671,122.3043461818863,1.2712330595525938,1.091761889396461,1.260869548266869,AlphaSparse 248af573c867cf4c7e05d40c611c7c34ebac4715,CUDA,13040,13000,2026-10-08T15:33:05.488701+00:00,derived,csr-alg5,0,0,,,,5,20,4,true
3,A100-SXM4-80GB-suitesparse_all-fp64-n2-row-major-AlphaSparse-SpMM-CSR-pre-plus-solve,AlphaSparse-SpMM-CSR-best-pre-plus-solve,AlphaSparseLib CSR PER MATRIX BEST,per-matrix-best,AlphaSparse-SpMM-CSR,best,pre-plus-solve,"csr-alg1,csr-alg2,csr-alg3,csr-alg4,csr-alg5",manual-selection,csr,ALPHASPARSE_SPMM_CSR_ALG5,workspace-setup,spmm.csr.fp64,fp64,A100-SXM4-80GB,A100-SXM4-80GB,,9700.0,d94c6f41-d28e-5f45-abb9-189a8a3b4f78,suitesparse_all,PARSEC/Ga41As41H72,Ga41As41H72,268096,268096,18488476,2,row-major,N,N,1.0,0.0,20260922,main,pass,pass,0,0,73953904.0,0.02921,0.565145587921,0.594355587921,0.566606087921,130.85814625582427,124.42703577278344,130.52084256869324,1.3490530541837553,1.2827529461111695,1.3455756965844663,AlphaSparse 248af573c867cf4c7e05d40c611c7c34ebac4715,CUDA,13040,13000,2026-10-06T03:34:59.728001+00:00,derived,csr-alg5,0,0,,,,5,20,4,true
3,A100-SXM4-80GB-suitesparse_all-fp64-n2-row-major-AlphaSparse-SpMM-CSR-pre-plus-solve,AlphaSparse-SpMM-CSR-best-pre-plus-solve,AlphaSparseLib CSR PER MATRIX BEST,per-matrix-best,AlphaSparse-SpMM-CSR,best,pre-plus-solve,"csr-alg1,csr-alg2,csr-alg3,csr-alg4,csr-alg5",manual-selection,csr,ALPHASPARSE_SPMM_CSR_ALG5,workspace-setup,spmm.csr.fp64,fp64,A100-SXM4-80GB,A100-SXM4-80GB,,9700.0,018f64fd-81d1-5f6a-986f-7d386c913e5c,suitesparse_all,PARSEC/GaAsH6,GaAsH6,61349,61349,3381809,2,row-major,N,N,1.0,0.0,20260922,main,pass,pass,0,0,13527236.0,0.01945,0.109977602959,0.129427602959,0.110950102959,122.99991667433412,104.51585048890344,121.92179763004631,1.2680403780859189,1.0774829947309632,1.256925748763364,AlphaSparse 248af573c867cf4c7e05d40c611c7c34ebac4715,CUDA,13040,13000,2026-10-06T23:09:14.367799+00:00,derived,csr-alg5,0,0,,,,5,20,4,true
3,A100-SXM4-80GB-suitesparse_all-fp64-n2-row-major-AlphaSparse-SpMM-CSR-pre-plus-solve,AlphaSparse-SpMM-CSR-best-pre-plus-solve,AlphaSparseLib CSR PER MATRIX BEST,per-matrix-best,AlphaSparse-SpMM-CSR,best,pre-plus-solve,"csr-alg1,csr-alg2,csr-alg3,csr-alg4,csr-alg5",manual-selection,csr,ALPHASPARSE_SPMM_CSR_ALG5,workspace-setup,spmm.csr.fp64,fp64,A100-SXM4-80GB,A100-SXM4-80GB,,9700.0,752b02ae-c4ef-54eb-ad5c-0957985c94ee,suitesparse_all,PARSEC/Ge99H100,Ge99H100,112985,112985,8451395,2,row-major,N,N,1.0,0.0,20260922,main,pass,pass,0,0,33805580.0,0.034,0.267209601402,0.301209601402,0.268909601402,126.51334316816572,112.23274371948867,125.7135476894451,1.3042612697749043,1.157038595046275,1.2960159555612896,AlphaSparse 248af573c867cf4c7e05d40c611c7c34ebac4715,CUDA,13040,13000,2026-10-08T07:59:59.394560+00:00,derived,csr-alg5,0,0,,,,5,20,4,true
3,A100-SXM4-80GB-suitesparse_all-fp64-n2-row-major-AlphaSparse-SpMM-CSR-pre-plus-solve,AlphaSparse-SpMM-CSR-best-pre-plus-solve,AlphaSparseLib CSR PER MATRIX BEST,per-matrix-best,AlphaSparse-SpMM-CSR,best,pre-plus-solve,"csr-alg1,csr-alg2,csr-alg3,csr-alg4,csr-alg5",manual-selection,csr,ALPHASPARSE_SPMM_CSR_ALG1,workspace-setup,spmm.csr.fp64,fp64,A100-SXM4-80GB,A100-SXM4-80GB,,9700.0,152f8cc9-7213-5fba-8430-8cd9341fa530,suitesparse_all,PARSEC/H2O,H2O,67024,67024,2216736,2,row-major,N,N,1.0,0.0,20260922,main,pass,pass,0,0,8866944.0,0.01896,0.0451072007418,0.0640672007418,0.0460552007418,196.57491163673936,138.40067768428116,192.52861473150207,2.0265454807911274,1.4268111101472285,1.984831079706207,AlphaSparse 248af573c867cf4c7e05d40c611c7c34ebac4715,CUDA,13040,13000,2026-10-07T22:27:02.486149+00:00,derived,csr-alg1,0,0,,,,5,20,4,true
3,A100-SXM4-80GB-suitesparse_all-fp64-n2-row-major-AlphaSparse-SpMM-CSR-pre-plus-solve,AlphaSparse-SpMM-CSR-best-pre-plus-solve,AlphaSparseLib CSR PER MATRIX BEST,per-matrix-best,AlphaSparse-SpMM-CSR,best,pre-plus-solve,"csr-alg1,csr-alg2,csr-alg3,csr-alg4,csr-alg5",manual-selection,csr,ALPHASPARSE_SPMM_CSR_ALG5,workspace-setup,spmm.csr.fp64,fp64,A100-SXM4-80GB,A100-SXM4-80GB,,9700.0,a0827285-e98d-55a9-b486-73107367c8f5,suitesparse_all,PARSEC/Na5,Na5,5832,5832,305630,2,row-major,N,N,1.0,0.0,20260922,main,pass,pass,0,0,1222520.0,0.018221,0.0214527994394,0.0396737994394,0.0223638494394,56.98650208581784,30.81429097476147,54.66500761922492,0.5874897122249262,0.3176731028325925,0.5635567795796383,AlphaSparse 248af573c867cf4c7e05d40c611c7c34ebac4715,CUDA,13040,13000,2026-10-06T08:58:36.535824+00:00,derived,csr-alg5,0,0,,,,5,20,4,true
3,A100-SXM4-80GB-suitesparse_all-fp64-n2-row-major-AlphaSparse-SpMM-CSR-pre-plus-solve,AlphaSparse-SpMM-CSR-best-pre-plus-solve,AlphaSparseLib CSR PER MATRIX BEST,per-matrix-best,AlphaSparse-SpMM-CSR,best,pre-plus-solve,"csr-alg1,csr-alg2,csr-alg3,csr-alg4,csr-alg5",manual-selection,csr,ALPHASPARSE_SPMM_CSR_ALG5,workspace-setup,spmm.csr.fp64,fp64,A100-SXM4-80GB,A100-SXM4-80GB,,9700.0,dd6a9a30-d69d-5ea7-834e-7b0f3242a57c,suitesparse_all,PARSEC/Si10H16,Si10H16,17077,17077,875923,2,row-major,N,N,1.0,0.0,20260922,main,pass,pass,0,0,3503692.0,0.015261,0.033126398921,0.048387398921,0.033889448921,105.76736723951257,72.40918251713272,103.3859242788954,1.0903852292733254,0.7464864177023992,1.0658342709164474,AlphaSparse 248af573c867cf4c7e05d40c611c7c34ebac4715,CUDA,13040,13000,2026-10-06T22:22:31.982390+00:00,derived,csr-alg5,0,0,,,,5,20,4,true
3,A100-SXM4-80GB-suitesparse_all-fp64-n2-row-major-AlphaSparse-SpMM-CSR-pre-plus-solve,AlphaSparse-SpMM-CSR-best-pre-plus-solve,AlphaSparseLib CSR PER MATRIX BEST,per-matrix-best,AlphaSparse-SpMM-CSR,best,pre-plus-solve,"csr-alg1,csr-alg2,csr-alg3,csr-alg4,csr-alg5",manual-selection,csr,ALPHASPARSE_SPMM_CSR_ALG2,workspace-setup,spmm.csr.fp64,fp64,A100-SXM4-80GB,A100-SXM4-80GB,,9700.0,005fdebf-9ece-5bc0-9d3c-6fda0356699d,suitesparse_all,PARSEC/Si2,Si2,769,769,17801,2,row-major,N,N,1.0,0.0,20260922,main,pass,pass,0,0,71204.0,0.01292,0.0118799999356,0.0247999999356,0.0125259999356,5.9936027260932665,2.8711290397137383,5.684496277030302,0.06178971882570378,0.029599268450657096,0.05860305440237425,AlphaSparse 248af573c867cf4c7e05d40c611c7c34ebac4715,CUDA,13040,13000,2026-10-08T14:21:42.683258+00:00,derived,csr-alg2,0,0,,,,5,20,4,true
3,A100-SXM4-80GB-suitesparse_all-fp64-n2-row-major-AlphaSparse-SpMM-CSR-pre-plus-solve,AlphaSparse-SpMM-CSR-best-pre-plus-solve,AlphaSparseLib CSR PER MATRIX BEST,per-matrix-best,AlphaSparse-SpMM-CSR,best,pre-plus-solve,"csr-alg1,csr-alg2,csr-alg3,csr-alg4,csr-alg5",manual-selection,csr,ALPHASPARSE_SPMM_CSR_ALG5,workspace-setup,spmm.csr.fp64,fp64,A100-SXM4-80GB,A100-SXM4-80GB,,9700.0,d94c6f41-d28e-5f45-abb9-189a8a3b4f78,suitesparse_all,PARSEC/Si34H36,Si34H36,97569,97569,5156379,2,row-major,N,N,1.0,0.0,20260922,main,pass,pass,0,0,20625516.0,0.03117,0.163155198097,0.194325198097,0.164713698097,126.41654228961555,106.13917393103338,125.22040509256017,1.3032633225733563,1.0942182879487978,1.290932011263507,AlphaSparse 248af573c867cf4c7e05d40c611c7c34ebac4715,CUDA,13040,13000,2026-10-06T03:35:02.745019+00:00,derived,csr-alg5,0,0,,,,5,20,4,true
3,A100-SXM4-80GB-suitesparse_all-fp64-n2-row-major-AlphaSparse-SpMM-CSR-pre-plus-solve,AlphaSparse-SpMM-CSR-best-pre-plus-solve,AlphaSparseLib CSR PER MATRIX BEST,per-matrix-best,AlphaSparse-SpMM-CSR,best,pre-plus-solve,"csr-alg1,csr-alg2,csr-alg3,csr-alg4,csr-alg5",manual-selection,csr,ALPHASPARSE_SPMM_CSR_ALG5,workspace-setup,spmm.csr.fp64,fp64,A100-SXM4-80GB,A100-SXM4-80GB,,9700.0,018f64fd-81d1-5f6a-986f-7d386c913e5c,suitesparse_all,PARSEC/Si41Ge41H72,Si41Ge41H72,185639,185639,15011265,2,row-major,N,N,1.0,0.0,20260922,main,pass,pass,0,0,60045060.0,0.051389,0.466943979263,0.518332979263,0.469513429263,128.59157129463793,115.84263861692926,127.8878435793697,1.3256863020065766,1.1942540063600955,1.318431377106904,AlphaSparse 248af573c867cf4c7e05d40c611c7c34ebac4715,CUDA,13040,13000,2026-10-06T23:09:21.450433+00:00,derived,csr-alg5,0,0,,,,5,20,4,true
3,A100-SXM4-80GB-suitesparse_all-fp64-n2-row-major-AlphaSparse-SpMM-CSR-pre-plus-solve,AlphaSparse-SpMM-CSR-best-pre-plus-solve,AlphaSparseLib CSR PER MATRIX BEST,per-matrix-best,AlphaSparse-SpMM-CSR,best,pre-plus-solve,"csr-alg1,csr-alg2,csr-alg3,csr-alg4,csr-alg5",manual-selection,csr,ALPHASPARSE_SPMM_CSR_ALG1,workspace-setup,spmm.csr.fp64,fp64,A100-SXM4-80GB,A100-SXM4-80GB,,9700.0,752b02ae-c4ef-54eb-ad5c-0957985c94ee,suitesparse_all,PARSEC/Si87H76,Si87H76,240369,240369,10661631,2,row-major,N,N,1.0,0.0,20260922,main,pass,pass,0,0,42646524.0,0.03435,0.3069439888,0.3412939888,0.3086614888,138.9391079679616,124.95539153779552,138.16600239245656,1.4323619378140373,1.2881999127607786,1.4243917772418202,AlphaSparse 248af573c867cf4c7e05d40c611c7c34ebac4715,CUDA,13040,13000,2026-10-08T03:35:31.564380+00:00,derived,csr-alg1,0,0,,,,5,20,4,true
3,A100-SXM4-80GB-suitesparse_all-fp64-n2-row-major-AlphaSparse-SpMM-CSR-pre-plus-solve,AlphaSparse-SpMM-CSR-best-pre-plus-solve,AlphaSparseLib CSR PER MATRIX BEST,per-matrix-best,AlphaSparse-SpMM-CSR,best,pre-plus-solve,"csr-alg1,csr-alg2,csr-alg3,csr-alg4,csr-alg5",manual-selection,csr,ALPHASPARSE_SPMM_CSR_ALG5,workspace-setup,spmm.csr.fp64,fp64,A100-SXM4-80GB,A100-SXM4-80GB,,9700.0,152f8cc9-7213-5fba-8430-8cd9341fa530,suitesparse_all,PARSEC/SiH4,SiH4,5041,5041,171903,2,row-major,N,N,1.0,0.0,20260922,main,pass,pass,0,0,687612.0,0.02015,0.0169983997941,0.0371483997941,0.0180058997941,40.45157240263665,18.509868629905515,38.188149876592675,0.41702651961481085,0.19082338793717027,0.39369226676899666,AlphaSparse 248af573c867cf4c7e05d40c611c7c34ebac4715,CUDA,13040,13000,2026-10-08T02:21:31.092222+00:00,derived,csr-alg5,0,0,,,,5,20,4,true
3,A100-SXM4-80GB-suitesparse_all-fp64-n2-row-major-AlphaSparse-SpMM-CSR-pre-plus-solve,AlphaSparse-SpMM-CSR-best-pre-plus-solve,AlphaSparseLib CSR PER MATRIX BEST,per-matrix-best,AlphaSparse-SpMM-CSR,best,pre-plus-solve,"csr-alg1,csr-alg2,csr-alg3,csr-alg4,csr-alg5",manual-selection,csr,ALPHASPARSE_SPMM_CSR_ALG5,workspace-setup,spmm.csr.fp64,fp64,A100-SXM4-80GB,A100-SXM4-80GB,,9700.0,a0827285-e98d-55a9-b486-73107367c8f5,suitesparse_all,PARSEC/SiNa,SiNa,5743,5743,198787,2,row-major,N,N,1.0,0.0,20260922,main,pass,pass,0,0,795148.0,0.01852,0.0171519994736,0.0356719994736,0.0180779994736,46.35891000485834,22.29053632355176,43.98429157834556,0.4779269072665808,0.2297993435417707,0.45344630493139754,AlphaSparse 248af573c867cf4c7e05d40c611c7c34ebac4715,CUDA,13040,13000,2026-10-06T08:58:37.233561+00:00,derived,csr-alg5,0,0,,,,5,20,4,true
3,A100-SXM4-80GB-suitesparse_all-fp64-n2-row-major-AlphaSparse-SpMM-CSR-pre-plus-solve,AlphaSparse-SpMM-CSR-best-pre-plus-solve,AlphaSparseLib CSR PER MATRIX BEST,per-matrix-best,AlphaSparse-SpMM-CSR,best,pre-plus-solve,"csr-alg1,csr-alg2,csr-alg3,csr-alg4,csr-alg5",manual-selection,csr,ALPHASPARSE_SPMM_CSR_ALG5,workspace-setup,spmm.csr.fp64,fp64,A100-SXM4-80GB,A100-SXM4-80GB,,9700.0,005fdebf-9ece-5bc0-9d3c-6fda0356699d,suitesparse_all,PARSEC/SiO,SiO,33401,33401,1317655,2,row-major,N,N,1.0,0.0,20260922,main,pass,pass,0,0,5270620.0,0.014811,0.0427008002996,0.0575118002996,0.0434413502996,123.431410255076,91.6441490710326,121.32725994128526,1.2724887655162476,0.9447850419694083,1.2507964942400542,AlphaSparse 248af573c867cf4c7e05d40c611c7c34ebac4715,CUDA,13040,13000,2026-10-08T15:33:07.255917+00:00,derived,csr-alg5,0,0,,,,5,20,4,true
3,A100-SXM4-80GB-suitesparse_all-fp64-n2-row-major-AlphaSparse-SpMM-CSR-pre-plus-solve,AlphaSparse-SpMM-CSR-best-pre-plus-solve,AlphaSparseLib CSR PER MATRIX BEST,per-matrix-best,AlphaSparse-SpMM-CSR,best,pre-plus-solve,"csr-alg1,csr-alg2,csr-alg3,csr-alg4,csr-alg5",manual-selection,csr,ALPHASPARSE_SPMM_CSR_ALG5,workspace-setup,spmm.csr.fp64,fp64,A100-SXM4-80GB,A100-SXM4-80GB,,9700.0,dd6a9a30-d69d-5ea7-834e-7b0f3242a57c,suitesparse_all,PARSEC/SiO2,SiO2,155331,155331,11283503,2,row-major,N,N,1.0,0.0,20260922,main,pass,pass,0,0,45134012.0,0.03172,0.347897601128,0.379617601128,0.349483601128,129.73361084888336,118.8933597016795,129.1448636054012,1.3374599056585914,1.2257047391925722,1.3313903464474353,AlphaSparse 248af573c867cf4c7e05d40c611c7c34ebac4715,CUDA,13040,13000,2026-10-06T22:22:37.716646+00:00,derived,csr-alg5,0,0,,,,5,20,4,true
3,A100-SXM4-80GB-suitesparse_all-fp64-n2-row-major-AlphaSparse-SpMM-CSR-pre-plus-solve,AlphaSparse-SpMM-CSR-best-pre-plus-solve,AlphaSparseLib CSR PER MATRIX BEST,per-matrix-best,AlphaSparse-SpMM-CSR,best,pre-plus-solve,"csr-alg1,csr-alg2,csr-alg3,csr-alg4,csr-alg5",manual-selection,csr,ALPHASPARSE_SPMM_CSR_ALG1,workspace-setup,spmm.csr.fp64,fp64,A100-SXM4-80GB,A100-SXM4-80GB,,9700.0,dd6a9a30-d69d-5ea7-834e-7b0f3242a57c,suitesparse_all,Pereyra/landmark,landmark,71952,2704,1151232,2,row-major,N,N,1.0,0.0,20260922,main,pass,pass,0,0,4604928.0,0.01415,0.0200095996261,0.0341595996261,0.0207170996261,230.1359390516466,134.80626384395785,222.27667400887424,2.372535454140687,1.3897552973603904,2.2915121031842705,AlphaSparse 248af573c867cf4c7e05d40c611c7c34ebac4715,CUDA,13040,13000,2026-10-06T19:50:20.345330+00:00,derived,csr-alg1,0,0,,,,5,20,4,true
3,A100-SXM4-80GB-suitesparse_all-fp64-n2-row-major-AlphaSparse-SpMM-CSR-pre-plus-solve,AlphaSparse-SpMM-CSR-best-pre-plus-solve,AlphaSparseLib CSR PER MATRIX BEST,per-matrix-best,AlphaSparse-SpMM-CSR,best,pre-plus-solve,"csr-alg1,csr-alg2,csr-alg3,csr-alg4,csr-alg5",manual-selection,csr,ALPHASPARSE_SPMM_CSR_ALG5,workspace-setup,spmm.csr.fp64,fp64,A100-SXM4-80GB,A100-SXM4-80GB,,9700.0,018f64fd-81d1-5f6a-986f-7d386c913e5c,suitesparse_all,POLYFLOW/invextr1_new,invextr1_new,30412,30412,1793881,2,row-major,N,N,1.0,0.0,20260922,main,pass,pass,0,0,7175524.0,0.01429,0.0719359993935,0.0862259993935,0.0726504993935,99.74872192640125,83.21763795689813,98.76771749544214,1.0283373394474355,0.8579137933700838,1.018223891705589,AlphaSparse 248af573c867cf4c7e05d40c611c7c34ebac4715,CUDA,13040,13000,2026-10-06T23:10:29.925699+00:00,derived,csr-alg5,0,0,,,,5,20,4,true
3,A100-SXM4-80GB-suitesparse_all-fp64-n2-row-major-AlphaSparse-SpMM-CSR-pre-plus-solve,AlphaSparse-SpMM-CSR-best-pre-plus-solve,AlphaSparseLib CSR PER MATRIX BEST,per-matrix-best,AlphaSparse-SpMM-CSR,best,pre-plus-solve,"csr-alg1,csr-alg2,csr-alg3,csr-alg4,csr-alg5",manual-selection,csr,ALPHASPARSE_SPMM_CSR_ALG1,workspace-setup,spmm.csr.fp64,fp64,A100-SXM4-80GB,A100-SXM4-80GB,,9700.0,d94c6f41-d28e-5f45-abb9-189a8a3b4f78,suitesparse_all,Pothen/barth,barth,6691,6691,46187,2,row-major,N,N,1.0,0.0,20260922,main,pass,pass,0,0,184748.0,0.01403,0.00895999968052,0.0229899996805,0.00966149968052,20.61919716377468,8.036015770661463,19.122083124682824,0.21256904292551215,0.08284552340888106,0.19713487757404974,AlphaSparse 248af573c867cf4c7e05d40c611c7c34ebac4715,CUDA,13040,13000,2026-10-06T01:50:34.157123+00:00,derived,csr-alg1,0,0,,,,5,20,4,true
3,A100-SXM4-80GB-suitesparse_all-fp64-n2-row-major-AlphaSparse-SpMM-CSR-pre-plus-solve,AlphaSparse-SpMM-CSR-best-pre-plus-solve,AlphaSparseLib CSR PER MATRIX BEST,per-matrix-best,AlphaSparse-SpMM-CSR,best,pre-plus-solve,"csr-alg1,csr-alg2,csr-alg3,csr-alg4,csr-alg5",manual-selection,csr,ALPHASPARSE_SPMM_CSR_ALG1,workspace-setup,spmm.csr.fp64,fp64,A100-SXM4-80GB,A100-SXM4-80GB,,9700.0,018f64fd-81d1-5f6a-986f-7d386c913e5c,suitesparse_all,Pothen/barth4,barth4,6019,6019,40965,2,row-major,N,N,1.0,0.0,20260922,main,pass,pass,0,0,163860.0,0.01471,0.00808959975839,0.0227995997584,0.00882509975839,20.255637472058517,7.186968268582411,18.567495494225856,0.20882100486658267,0.07409245637713825,0.19141747932191602,AlphaSparse 248af573c867cf4c7e05d40c611c7c34ebac4715,CUDA,13040,13000,2026-10-06T20:27:03.944949+00:00,derived,csr-alg1,0,0,,,,5,20,4,true
3,A100-SXM4-80GB-suitesparse_all-fp64-n2-row-major-AlphaSparse-SpMM-CSR-pre-plus-solve,AlphaSparse-SpMM-CSR-best-pre-plus-solve,AlphaSparseLib CSR PER MATRIX BEST,per-matrix-best,AlphaSparse-SpMM-CSR,best,pre-plus-solve,"csr-alg1,csr-alg2,csr-alg3,csr-alg4,csr-alg5",manual-selection,csr,ALPHASPARSE_SPMM_CSR_ALG1,workspace-setup,spmm.csr.fp64,fp64,A100-SXM4-80GB,A100-SXM4-80GB,,9700.0,752b02ae-c4ef-54eb-ad5c-0957985c94ee,suitesparse_all,Pothen/bodyy4,bodyy4,17546,17546,121938,2,row-major,N,N,1.0,0.0,20260922,main,pass,pass,0,0,487752.0,0.018229,0.00762879997492,0.0258577999749,0.00854024997492,63.93561262629839,18.86285764734269,57.1121455967182,0.6591300270752412,0.19446244997260506,0.588785006151734,AlphaSparse 248af573c867cf4c7e05d40c611c7c34ebac4715,CUDA,13040,13000,2026-10-08T03:32:26.426731+00:00,derived,csr-alg1,0,0,,,,5,20,4,true
3,A100-SXM4-80GB-suitesparse_all-fp64-n2-row-major-AlphaSparse-SpMM-CSR-pre-plus-solve,AlphaSparse-SpMM-CSR-best-pre-plus-solve,AlphaSparseLib CSR PER MATRIX BEST,per-matrix-best,AlphaSparse-SpMM-CSR,best,pre-plus-solve,"csr-alg1,csr-alg2,csr-alg3,csr-alg4,csr-alg5",manual-selection,csr,ALPHASPARSE_SPMM_CSR_ALG1,workspace-setup,spmm.csr.fp64,fp64,A100-SXM4-80GB,A100-SXM4-80GB,,9700.0,152f8cc9-7213-5fba-8430-8cd9341fa530,suitesparse_all,Pothen/bodyy5,bodyy5,18589,18589,129281,2,row-major,N,N,1.0,0.0,20260922,main,pass,pass,0,0,517124.0,0.02535,0.00768000036478,0.0330300003648,0.00894750036478,67.3338509684841,15.656191168290084,57.795359476659264,0.6941634120462279,0.16140403266278436,0.5958284482129821,AlphaSparse 248af573c867cf4c7e05d40c611c7c34ebac4715,CUDA,13040,13000,2026-10-07T22:25:51.269070+00:00,derived,csr-alg1,0,0,,,,5,20,4,true
3,A100-SXM4-80GB-suitesparse_all-fp64-n2-row-major-AlphaSparse-SpMM-CSR-pre-plus-solve,AlphaSparse-SpMM-CSR-best-pre-plus-solve,AlphaSparseLib CSR PER MATRIX BEST,per-matrix-best,AlphaSparse-SpMM-CSR,best,pre-plus-solve,"csr-alg1,csr-alg2,csr-alg3,csr-alg4,csr-alg5",manual-selection,csr,ALPHASPARSE_SPMM_CSR_ALG1,workspace-setup,spmm.csr.fp64,fp64,A100-SXM4-80GB,A100-SXM4-80GB,,9700.0,a0827285-e98d-55a9-b486-73107367c8f5,suitesparse_all,Pothen/bodyy6,bodyy6,19366,19366,134748,2,row-major,N,N,1.0,0.0,20260922,main,pass,pass,0,0,538992.0,0.02088,0.00637599974871,0.0272559997487,0.00741999974871,84.53450772312993,19.77516895250587,72.64043372692919,0.8714897703415457,0.2038677211598543,0.7488704507930843,AlphaSparse 248af573c867cf4c7e05d40c611c7c34ebac4715,CUDA,13040,13000,2026-10-06T07:04:46.450272+00:00,derived,csr-alg1,0,0,,,,5,20,4,true
3,A100-SXM4-80GB-suitesparse_all-fp64-n2-row-major-AlphaSparse-SpMM-CSR-pre-plus-solve,AlphaSparse-SpMM-CSR-best-pre-plus-solve,AlphaSparseLib CSR PER MATRIX BEST,per-matrix-best,AlphaSparse-SpMM-CSR,best,pre-plus-solve,"csr-alg1,csr-alg2,csr-alg3,csr-alg4,csr-alg5",manual-selection,csr,ALPHASPARSE_SPMM_CSR_ALG1,workspace-setup,spmm.csr.fp64,fp64,A100-SXM4-80GB,A100-SXM4-80GB,,9700.0,dd6a9a30-d69d-5ea7-834e-7b0f3242a57c,suitesparse_all,Pothen/commanche_dual,commanche_dual,7920,7920,31680,2,row-major,N,N,1.0,0.0,20260922,main,pass,pass,0,0,126720.0,0.01241,0.00445440001786,0.0168644000179,0.00507490001786,28.448275748005074,7.514053264005743,24.96995005892465,0.29328119327840285,0.07746446663923447,0.25742216555592423,AlphaSparse 248af573c867cf4c7e05d40c611c7c34ebac4715,CUDA,13040,13000,2026-10-06T19:50:13.221076+00:00,derived,csr-alg1,0,0,,,,5,20,4,true
3,A100-SXM4-80GB-suitesparse_all-fp64-n2-row-major-AlphaSparse-SpMM-CSR-pre-plus-solve,AlphaSparse-SpMM-CSR-best-pre-plus-solve,AlphaSparseLib CSR PER MATRIX BEST,per-matrix-best,AlphaSparse-SpMM-CSR,best,pre-plus-solve,"csr-alg1,csr-alg2,csr-alg3,csr-alg4,csr-alg5",manual-selection,csr,ALPHASPARSE_SPMM_CSR_ALG1,workspace-setup,spmm.csr.fp64,fp64,A100-SXM4-80GB,A100-SXM4-80GB,,9700.0,005fdebf-9ece-5bc0-9d3c-6fda0356699d,suitesparse_all,Pothen/mesh1e1,mesh1e1,48,48,306,2,row-major,N,N,1.0,0.0,20260922,main,pass,pass,0,0,1224.0,0.012851,0.00542719997466,0.0182781999747,0.00606974997466,0.2255306614303779,0.06696501852995453,0.20165575272621716,0.002325058365261628,0.0006903610157727271,0.00207892528583729,AlphaSparse 248af573c867cf4c7e05d40c611c7c34ebac4715,CUDA,13040,13000,2026-10-08T13:54:11.132734+00:00,derived,csr-alg1,0,0,,,,5,20,4,true
3,A100-SXM4-80GB-suitesparse_all-fp64-n2-row-major-AlphaSparse-SpMM-CSR-pre-plus-solve,AlphaSparse-SpMM-CSR-best-pre-plus-solve,AlphaSparseLib CSR PER MATRIX BEST,per-matrix-best,AlphaSparse-SpMM-CSR,best,pre-plus-solve,"csr-alg1,csr-alg2,csr-alg3,csr-alg4,csr-alg5",manual-selection,csr,ALPHASPARSE_SPMM_CSR_ALG1,workspace-setup,spmm.csr.fp64,fp64,A100-SXM4-80GB,A100-SXM4-80GB,,9700.0,d94c6f41-d28e-5f45-abb9-189a8a3b4f78,suitesparse_all,Pothen/mesh1em1,mesh1em1,48,48,306,2,row-major,N,N,1.0,0.0,20260922,main,pass,pass,0,0,1224.0,0.012551,0.00460800006986,0.0171590000699,0.00523555006986,0.2656249959729683,0.07133282796280875,0.2337863230544427,0.002738402020339879,0.0007353899789980284,0.0024101682789117802,AlphaSparse 248af573c867cf4c7e05d40c611c7c34ebac4715,CUDA,13040,13000,2026-10-06T01:50:34.782907+00:00,derived,csr-alg1,0,0,,,,5,20,4,true
3,A100-SXM4-80GB-suitesparse_all-fp64-n2-row-major-AlphaSparse-SpMM-CSR-pre-plus-solve,AlphaSparse-SpMM-CSR-best-pre-plus-solve,AlphaSparseLib CSR PER MATRIX BEST,per-matrix-best,AlphaSparse-SpMM-CSR,best,pre-plus-solve,"csr-alg1,csr-alg2,csr-alg3,csr-alg4,csr-alg5",manual-selection,csr,ALPHASPARSE_SPMM_CSR_ALG1,workspace-setup,spmm.csr.fp64,fp64,A100-SXM4-80GB,A100-SXM4-80GB,,9700.0,018f64fd-81d1-5f6a-986f-7d386c913e5c,suitesparse_all,Pothen/mesh1em6,mesh1em6,48,48,306,2,row-major,N,N,1.0,0.0,20260922,main,pass,pass,0,0,1224.0,0.01523,0.00537599995732,0.0206059999573,0.00613749995732,0.2276785732361089,0.05940017482948595,0.1994297366210446,0.002347201785939267,0.0006123729363864531,0.002055976666196336,AlphaSparse 248af573c867cf4c7e05d40c611c7c34ebac4715,CUDA,13040,13000,2026-10-06T20:27:04.705226+00:00,derived,csr-alg1,0,0,,,,5,20,4,true
3,A100-SXM4-80GB-suitesparse_all-fp64-n2-row-major-AlphaSparse-SpMM-CSR-pre-plus-solve,AlphaSparse-SpMM-CSR-best-pre-plus-solve,AlphaSparseLib CSR PER MATRIX BEST,per-matrix-best,AlphaSparse-SpMM-CSR,best,pre-plus-solve,"csr-alg1,csr-alg2,csr-alg3,csr-alg4,csr-alg5",manual-selection,csr,ALPHASPARSE_SPMM_CSR_ALG1,workspace-setup,spmm.csr.fp64,fp64,A100-SXM4-80GB,A100-SXM4-80GB,,9700.0,752b02ae-c4ef-54eb-ad5c-0957985c94ee,suitesparse_all,Pothen/mesh2em5,mesh2em5,306,306,2018,2,row-major,N,N,1.0,0.0,20260922,main,pass,pass,0,0,8072.0,0.01605,0.00670719966292,0.0227571996629,0.00750969966292,1.2034828849102475,0.35470093506976624,1.0748765413158161,0.012407040050621109,0.0036567106708223322,0.011081201456864084,AlphaSparse 248af573c867cf4c7e05d40c611c7c34ebac4715,CUDA,13040,13000,2026-10-08T03:32:27.120871+00:00,derived,csr-alg1,0,0,,,,5,20,4,true
3,A100-SXM4-80GB-suitesparse_all-fp64-n2-row-major-AlphaSparse-SpMM-CSR-pre-plus-solve,AlphaSparse-SpMM-CSR-best-pre-plus-solve,AlphaSparseLib CSR PER MATRIX BEST,per-matrix-best,AlphaSparse-SpMM-CSR,best,pre-plus-solve,"csr-alg1,csr-alg2,csr-alg3,csr-alg4,csr-alg5",manual-selection,csr,ALPHASPARSE_SPMM_CSR_ALG2,workspace-setup,spmm.csr.fp64,fp64,A100-SXM4-80GB,A100-SXM4-80GB,,9700.0,152f8cc9-7213-5fba-8430-8cd9341fa530,suitesparse_all,Pothen/mesh3e1,mesh3e1,289,289,1889,2,row-major,N,N,1.0,0.0,20260922,main,pass,pass,0,0,7556.0,0.01476,0.0135168001056,0.0282768001056,0.0142548001056,0.559008044875174,0.26721552551144545,0.5300670612021857,0.005762969534795608,0.002754799232076757,0.005464608878373049,AlphaSparse 248af573c867cf4c7e05d40c611c7c34ebac4715,CUDA,13040,13000,2026-10-07T23:24:06.321339+00:00,derived,csr-alg2,0,0,,,,5,20,4,true
3,A100-SXM4-80GB-suitesparse_all-fp64-n2-row-major-AlphaSparse-SpMM-CSR-pre-plus-solve,AlphaSparse-SpMM-CSR-best-pre-plus-solve,AlphaSparseLib CSR PER MATRIX BEST,per-matrix-best,AlphaSparse-SpMM-CSR,best,pre-plus-solve,"csr-alg1,csr-alg2,csr-alg3,csr-alg4,csr-alg5",manual-selection,csr,ALPHASPARSE_SPMM_CSR_ALG1,workspace-setup,spmm.csr.fp64,fp64,A100-SXM4-80GB,A100-SXM4-80GB,,9700.0,a0827285-e98d-55a9-b486-73107367c8f5,suitesparse_all,Pothen/mesh3em5,mesh3em5,289,289,1889,2,row-major,N,N,1.0,0.0,20260922,main,pass,pass,0,0,7556.0,0.01492,0.00490400008857,0.0198240000886,0.00565000008857,1.5407830064300263,0.38115415487438165,1.3373451117789987,0.0158843608910312,0.003929424277055481,0.013787063008030915,AlphaSparse 248af573c867cf4c7e05d40c611c7c34ebac4715,CUDA,13040,13000,2026-10-06T07:04:47.147011+00:00,derived,csr-alg1,0,0,,,,5,20,4,true
3,A100-SXM4-80GB-suitesparse_all-fp64-n2-row-major-AlphaSparse-SpMM-CSR-pre-plus-solve,AlphaSparse-SpMM-CSR-best-pre-plus-solve,AlphaSparseLib CSR PER MATRIX BEST,per-matrix-best,AlphaSparse-SpMM-CSR,best,pre-plus-solve,"csr-alg1,csr-alg2,csr-alg3,csr-alg4,csr-alg5",manual-selection,csr,ALPHASPARSE_SPMM_CSR_ALG1,workspace-setup,spmm.csr.fp64,fp64,A100-SXM4-80GB,A100-SXM4-80GB,,9700.0,dd6a9a30-d69d-5ea7-834e-7b0f3242a57c,suitesparse_all,Pothen/onera_dual,onera_dual,85567,85567,419201,2,row-major,N,N,1.0,0.0,20260922,main,pass,pass,0,0,1676804.0,0.0198,0.00959360003471,0.0293936000347,0.0105836000347,174.78360510478456,57.046567893027195,158.43418066653442,1.8018928361317996,0.5881089473507959,1.633342068727159,AlphaSparse 248af573c867cf4c7e05d40c611c7c34ebac4715,CUDA,13040,13000,2026-10-06T19:50:14.539836+00:00,derived,csr-alg1,0,0,,,,5,20,4,true
3,A100-SXM4-80GB-suitesparse_all-fp64-n2-row-major-AlphaSparse-SpMM-CSR-pre-plus-solve,AlphaSparse-SpMM-CSR-best-pre-plus-solve,AlphaSparseLib CSR PER MATRIX BEST,per-matrix-best,AlphaSparse-SpMM-CSR,best,pre-plus-solve,"csr-alg1,csr-alg2,csr-alg3,csr-alg4,csr-alg5",manual-selection,csr,ALPHASPARSE_SPMM_CSR_ALG1,workspace-setup,spmm.csr.fp64,fp64,A100-SXM4-80GB,A100-SXM4-80GB,,9700.0,005fdebf-9ece-5bc0-9d3c-6fda0356699d,suitesparse_all,Pothen/pwt,pwt,36519,36519,326107,2,row-major,N,N,1.0,0.0,20260922,main,pass,pass,0,0,1304428.0,0.015311,0.0104960002005,0.0258070002005,0.0112615502005,124.2785799430397,50.54551051519453,115.83023445050087,1.2812224736395845,0.5210877372700466,1.194126128355679,AlphaSparse 248af573c867cf4c7e05d40c611c7c34ebac4715,CUDA,13040,13000,2026-10-08T13:54:11.877604+00:00,derived,csr-alg1,0,0,,,,5,20,4,true
3,A100-SXM4-80GB-suitesparse_all-fp64-n2-row-major-AlphaSparse-SpMM-CSR-pre-plus-solve,AlphaSparse-SpMM-CSR-best-pre-plus-solve,AlphaSparseLib CSR PER MATRIX BEST,per-matrix-best,AlphaSparse-SpMM-CSR,best,pre-plus-solve,"csr-alg1,csr-alg2,csr-alg3,csr-alg4,csr-alg5",manual-selection,csr,ALPHASPARSE_SPMM_CSR_ALG1,workspace-setup,spmm.csr.fp64,fp64,A100-SXM4-80GB,A100-SXM4-80GB,,9700.0,d94c6f41-d28e-5f45-abb9-189a8a3b4f78,suitesparse_all,Pothen/shuttle_eddy,shuttle_eddy,10429,10429,103599,2,row-major,N,N,1.0,0.0,20260922,main,pass,pass,0,0,414396.0,0.01338,0.0101375997066,0.0235175997066,0.0108065997066,40.87713186487438,17.6206757989721,38.34656702856428,0.4214137305657152,0.18165645153579485,0.39532543328416786,AlphaSparse 248af573c867cf4c7e05d40c611c7c34ebac4715,CUDA,13040,13000,2026-10-06T01:50:35.430416+00:00,derived,csr-alg1,0,0,,,,5,20,4,true
3,A100-SXM4-80GB-suitesparse_all-fp64-n2-row-major-AlphaSparse-SpMM-CSR-pre-plus-solve,AlphaSparse-SpMM-CSR-best-pre-plus-solve,AlphaSparseLib CSR PER MATRIX BEST,per-matrix-best,AlphaSparse-SpMM-CSR,best,pre-plus-solve,"csr-alg1,csr-alg2,csr-alg3,csr-alg4,csr-alg5",manual-selection,csr,ALPHASPARSE_SPMM_CSR_ALG5,workspace-setup,spmm.csr.fp64,fp64,A100-SXM4-80GB,A100-SXM4-80GB,,9700.0,018f64fd-81d1-5f6a-986f-7d386c913e5c,suitesparse_all,Pothen/skirt,skirt,12598,12598,196520,2,row-major,N,N,1.0,0.0,20260922,main,pass,pass,0,0,786080.0,0.01398,0.016128000617,0.030108000617,0.016827000617,48.740077500457105,26.108674900058045,46.71539615954124,0.5024750257779084,0.2691615969078149,0.4816020222633117,AlphaSparse 248af573c867cf4c7e05d40c611c7c34ebac4715,CUDA,13040,13000,2026-10-06T23:07:30.134769+00:00,derived,csr-alg5,0,0,,,,5,20,4,true
3,A100-SXM4-80GB-suitesparse_all-fp64-n2-row-major-AlphaSparse-SpMM-CSR-pre-plus-solve,AlphaSparse-SpMM-CSR-best-pre-plus-solve,AlphaSparseLib CSR PER MATRIX BEST,per-matrix-best,AlphaSparse-SpMM-CSR,best,pre-plus-solve,"csr-alg1,csr-alg2,csr-alg3,csr-alg4,csr-alg5",manual-selection,csr,ALPHASPARSE_SPMM_CSR_ALG1,workspace-setup,spmm.csr.fp64,fp64,A100-SXM4-80GB,A100-SXM4-80GB,,9700.0,752b02ae-c4ef-54eb-ad5c-0957985c94ee,suitesparse_all,Pothen/sphere3,sphere3,258,258,1794,2,row-major,N,N,1.0,0.0,20260922,main,pass,pass,0,0,7176.0,0.01705,0.00573440007865,0.0227844000787,0.00658690007865,1.2513950721222409,0.3149523347208288,1.0894350778539117,0.012900980124971555,0.00324693128578174,0.01123128946241146,AlphaSparse 248af573c867cf4c7e05d40c611c7c34ebac4715,CUDA,13040,13000,2026-10-08T03:32:27.709428+00:00,derived,csr-alg1,0,0,,,,5,20,4,true
3,A100-SXM4-80GB-suitesparse_all-fp64-n2-row-major-AlphaSparse-SpMM-CSR-pre-plus-solve,AlphaSparse-SpMM-CSR-best-pre-plus-solve,AlphaSparseLib CSR PER MATRIX BEST,per-matrix-best,AlphaSparse-SpMM-CSR,best,pre-plus-solve,"csr-alg1,csr-alg2,csr-alg3,csr-alg4,csr-alg5",manual-selection,csr,ALPHASPARSE_SPMM_CSR_ALG1,workspace-setup,spmm.csr.fp64,fp64,A100-SXM4-80GB,A100-SXM4-80GB,,9700.0,152f8cc9-7213-5fba-8430-8cd9341fa530,suitesparse_all,Pothen/tandem_dual,tandem_dual,94069,94069,460493,2,row-major,N,N,1.0,0.0,20260922,main,pass,pass,0,0,1841972.0,0.02029,0.0122879996896,0.0325779996896,0.0133024996896,149.9000688907049,56.54036520198077,138.46811072959983,1.5453615349557204,0.5828903629070182,1.4275062961814415,AlphaSparse 248af573c867cf4c7e05d40c611c7c34ebac4715,CUDA,13040,13000,2026-10-07T22:25:52.626076+00:00,derived,csr-alg1,0,0,,,,5,20,4,true
3,A100-SXM4-80GB-suitesparse_all-fp64-n2-row-major-AlphaSparse-SpMM-CSR-pre-plus-solve,AlphaSparse-SpMM-CSR-best-pre-plus-solve,AlphaSparseLib CSR PER MATRIX BEST,per-matrix-best,AlphaSparse-SpMM-CSR,best,pre-plus-solve,"csr-alg1,csr-alg2,csr-alg3,csr-alg4,csr-alg5",manual-selection,csr,ALPHASPARSE_SPMM_CSR_ALG1,workspace-setup,spmm.csr.fp64,fp64,A100-SXM4-80GB,A100-SXM4-80GB,,9700.0,a0827285-e98d-55a9-b486-73107367c8f5,suitesparse_all,Pothen/tandem_vtx,tandem_vtx,18454,18454,253350,2,row-major,N,N,1.0,0.0,20260922,main,pass,pass,0,0,1013400.0,0.02113,0.0125936001539,0.0337236001539,0.0136501001539,80.46944381398112,30.050172442303854,74.24121351303486,0.829581894989496,0.30979559218869956,0.7653733351859264,AlphaSparse 248af573c867cf4c7e05d40c611c7c34ebac4715,CUDA,13040,13000,2026-10-06T07:04:48.159287+00:00,derived,csr-alg1,0,0,,,,5,20,4,true
3,A100-SXM4-80GB-suitesparse_all-fp64-n2-row-major-AlphaSparse-SpMM-CSR-pre-plus-solve,AlphaSparse-SpMM-CSR-best-pre-plus-solve,AlphaSparseLib CSR PER MATRIX BEST,per-matrix-best,AlphaSparse-SpMM-CSR,best,pre-plus-solve,"csr-alg1,csr-alg2,csr-alg3,csr-alg4,csr-alg5",manual-selection,csr,ALPHASPARSE_SPMM_CSR_ALG5,workspace-setup,spmm.csr.fp64,fp64,A100-SXM4-80GB,A100-SXM4-80GB,,9700.0,005fdebf-9ece-5bc0-9d3c-6fda0356699d,suitesparse_all,PowerSystem/power197k,power197k,197156,197156,3698357,2,row-major,N,N,1.0,0.0,20260922,main,pass,pass,0,0,14793428.0,0.01675,0.133632004261,0.150382004261,0.134469504261,110.70273234177186,98.37232900769709,110.01325602633695,1.1412652818739366,1.014147721728836,1.1341572786220304,AlphaSparse 248af573c867cf4c7e05d40c611c7c34ebac4715,CUDA,13040,13000,2026-10-08T15:53:10.920116+00:00,derived,csr-alg5,0,0,,,,5,20,4,true
3,A100-SXM4-80GB-suitesparse_all-fp64-n2-row-major-AlphaSparse-SpMM-CSR-pre-plus-solve,AlphaSparse-SpMM-CSR-best-pre-plus-solve,AlphaSparseLib CSR PER MATRIX BEST,per-matrix-best,AlphaSparse-SpMM-CSR,best,pre-plus-solve,"csr-alg1,csr-alg2,csr-alg3,csr-alg4,csr-alg5",manual-selection,csr,ALPHASPARSE_SPMM_CSR_ALG1,workspace-setup,spmm.csr.fp64,fp64,A100-SXM4-80GB,A100-SXM4-80GB,,9700.0,018f64fd-81d1-5f6a-986f-7d386c913e5c,suitesparse_all,Priebel/130bit,130bit,584,575,6120,2,row-major,N,N,1.0,0.0,20260922,main,pass,pass,0,0,24480.0,0.01522,0.00870399996638,0.0239239999664,0.00946499996638,2.8125000108635394,1.023240262263036,2.586370849123485,0.02899484547281999,0.010548868683124085,0.02666361700127304,AlphaSparse 248af573c867cf4c7e05d40c611c7c34ebac4715,CUDA,13040,13000,2026-10-06T20:33:23.709021+00:00,derived,csr-alg1,0,0,,,,5,20,4,true
3,A100-SXM4-80GB-suitesparse_all-fp64-n2-row-major-AlphaSparse-SpMM-CSR-pre-plus-solve,AlphaSparse-SpMM-CSR-best-pre-plus-solve,AlphaSparseLib CSR PER MATRIX BEST,per-matrix-best,AlphaSparse-SpMM-CSR,best,pre-plus-solve,"csr-alg1,csr-alg2,csr-alg3,csr-alg4,csr-alg5",manual-selection,csr,ALPHASPARSE_SPMM_CSR_ALG1,workspace-setup,spmm.csr.fp64,fp64,A100-SXM4-80GB,A100-SXM4-80GB,,9700.0,752b02ae-c4ef-54eb-ad5c-0957985c94ee,suitesparse_all,Priebel/162bit,162bit,3606,3597,37118,2,row-major,N,N,1.0,0.0,20260922,main,pass,pass,0,0,148472.0,0.01491,0.00916479974985,0.0240747997499,0.00991029974985,16.200244855587822,6.167112563443719,14.981585193954121,0.16701283356276106,0.06357848003550225,0.15444933189643426,AlphaSparse 248af573c867cf4c7e05d40c611c7c34ebac4715,CUDA,13040,13000,2026-10-08T03:38:35.362140+00:00,derived,csr-alg1,0,0,,,,5,20,4,true
3,A100-SXM4-80GB-suitesparse_all-fp64-n2-row-major-AlphaSparse-SpMM-CSR-pre-plus-solve,AlphaSparse-SpMM-CSR-best-pre-plus-solve,AlphaSparseLib CSR PER MATRIX BEST,per-matrix-best,AlphaSparse-SpMM-CSR,best,pre-plus-solve,"csr-alg1,csr-alg2,csr-alg3,csr-alg4,csr-alg5",manual-selection,csr,ALPHASPARSE_SPMM_CSR_ALG5,workspace-setup,spmm.csr.fp64,fp64,A100-SXM4-80GB,A100-SXM4-80GB,,9700.0,152f8cc9-7213-5fba-8430-8cd9341fa530,suitesparse_all,Priebel/176bit,176bit,7441,7431,82270,2,row-major,N,N,1.0,0.0,20260922,main,pass,pass,0,0,329080.0,0.02049,0.0146944001317,0.0351844001317,0.0157189001317,22.394925757471437,9.353008684763951,20.935307002577794,0.2308755232729014,0.09642276994602011,0.21582790724307002,AlphaSparse 248af573c867cf4c7e05d40c611c7c34ebac4715,CUDA,13040,13000,2026-10-08T02:24:34.385199+00:00,derived,csr-alg5,0,0,,,,5,20,4,true
3,A100-SXM4-80GB-suitesparse_all-fp64-n2-row-major-AlphaSparse-SpMM-CSR-pre-plus-solve,AlphaSparse-SpMM-CSR-best-pre-plus-solve,AlphaSparseLib CSR PER MATRIX BEST,per-matrix-best,AlphaSparse-SpMM-CSR,best,pre-plus-solve,"csr-alg1,csr-alg2,csr-alg3,csr-alg4,csr-alg5",manual-selection,csr,ALPHASPARSE_SPMM_CSR_ALG1,workspace-setup,spmm.csr.fp64,fp64,A100-SXM4-80GB,A100-SXM4-80GB,,9700.0,a0827285-e98d-55a9-b486-73107367c8f5,suitesparse_all,Priebel/192bit,192bit,13691,13682,154303,2,row-major,N,N,1.0,0.0,20260922,main,pass,pass,0,0,617212.0,0.01964,0.00906239971519,0.0287023997152,0.0100443997152,68.10690538902804,21.503846581620195,61.448370982885585,0.7021330452477117,0.22168914001670306,0.6334883606483049,AlphaSparse 248af573c867cf4c7e05d40c611c7c34ebac4715,CUDA,13040,13000,2026-10-06T07:10:15.537298+00:00,derived,csr-alg1,0,0,,,,5,20,4,true
3,A100-SXM4-80GB-suitesparse_all-fp64-n2-row-major-AlphaSparse-SpMM-CSR-pre-plus-solve,AlphaSparse-SpMM-CSR-best-pre-plus-solve,AlphaSparseLib CSR PER MATRIX BEST,per-matrix-best,AlphaSparse-SpMM-CSR,best,pre-plus-solve,"csr-alg1,csr-alg2,csr-alg3,csr-alg4,csr-alg5",manual-selection,csr,ALPHASPARSE_SPMM_CSR_ALG4,workspace-setup,spmm.csr.fp64,fp64,A100-SXM4-80GB,A100-SXM4-80GB,,9700.0,dd6a9a30-d69d-5ea7-834e-7b0f3242a57c,suitesparse_all,Priebel/208bit,208bit,24430,24421,299756,2,row-major,N,N,1.0,0.0,20260922,main,pass,pass,0,0,1199024.0,0.01288,0.020377600193,0.033257600193,0.021021600193,58.840294668843384,36.05263136972728,57.0377130661663,0.6066009759674575,0.3716766120590441,0.5880176604759412,AlphaSparse 248af573c867cf4c7e05d40c611c7c34ebac4715,CUDA,13040,13000,2026-10-06T21:50:03.860334+00:00,derived,csr-alg4,0,0,,,,5,20,4,true
3,A100-SXM4-80GB-suitesparse_all-fp64-n2-row-major-AlphaSparse-SpMM-CSR-pre-plus-solve,AlphaSparse-SpMM-CSR-best-pre-plus-solve,AlphaSparseLib CSR PER MATRIX BEST,per-matrix-best,AlphaSparse-SpMM-CSR,best,pre-plus-solve,"csr-alg1,csr-alg2,csr-alg3,csr-alg4,csr-alg5",manual-selection,csr,ALPHASPARSE_SPMM_CSR_ALG1,workspace-setup,spmm.csr.fp64,fp64,A100-SXM4-80GB,A100-SXM4-80GB,,9700.0,005fdebf-9ece-5bc0-9d3c-6fda0356699d,suitesparse_all,Puri/ABACUS_shell_hd,ABACUS_shell_hd,23412,23412,218484,2,row-major,N,N,1.0,0.0,20260922,main,pass,pass,0,0,873936.0,0.01505,0.00962560027838,0.0246756002784,0.0103781002784,90.79288301249557,35.41701073691842,84.2096314890046,0.9360091032216038,0.3651238220300868,0.8681405308144803,AlphaSparse 248af573c867cf4c7e05d40c611c7c34ebac4715,CUDA,13040,13000,2026-10-08T14:00:35.593235+00:00,derived,csr-alg1,0,0,,,,5,20,4,true
3,A100-SXM4-80GB-suitesparse_all-fp64-n2-row-major-AlphaSparse-SpMM-CSR-pre-plus-solve,AlphaSparse-SpMM-CSR-best-pre-plus-solve,AlphaSparseLib CSR PER MATRIX BEST,per-matrix-best,AlphaSparse-SpMM-CSR,best,pre-plus-solve,"csr-alg1,csr-alg2,csr-alg3,csr-alg4,csr-alg5",manual-selection,csr,ALPHASPARSE_SPMM_CSR_ALG1,workspace-setup,spmm.csr.fp64,fp64,A100-SXM4-80GB,A100-SXM4-80GB,,9700.0,a0827285-e98d-55a9-b486-73107367c8f5,suitesparse_all,Puri/ABACUS_shell_ld,ABACUS_shell_ld,23412,23412,218484,2,row-major,N,N,1.0,0.0,20260922,main,pass,pass,0,0,873936.0,0.027789,0.00819199979305,0.0359809997931,0.00958144979305,106.68164332003978,24.288819238635853,91.2112487020407,1.0998107558766987,0.2504001983364521,0.94032215156743,AlphaSparse 248af573c867cf4c7e05d40c611c7c34ebac4715,CUDA,13040,13000,2026-10-06T07:10:17.354530+00:00,derived,csr-alg1,0,0,,,,5,20,4,true
3,A100-SXM4-80GB-suitesparse_all-fp64-n2-row-major-AlphaSparse-SpMM-CSR-pre-plus-solve,AlphaSparse-SpMM-CSR-best-pre-plus-solve,AlphaSparseLib CSR PER MATRIX BEST,per-matrix-best,AlphaSparse-SpMM-CSR,best,pre-plus-solve,"csr-alg1,csr-alg2,csr-alg3,csr-alg4,csr-alg5",manual-selection,csr,ALPHASPARSE_SPMM_CSR_ALG1,workspace-setup,spmm.csr.fp64,fp64,A100-SXM4-80GB,A100-SXM4-80GB,,9700.0,dd6a9a30-d69d-5ea7-834e-7b0f3242a57c,suitesparse_all,Puri/ABACUS_shell_md,ABACUS_shell_md,23412,23412,218484,2,row-major,N,N,1.0,0.0,20260922,main,pass,pass,0,0,873936.0,0.01361,0.00788479968905,0.0214947996891,0.00856529968905,110.83807255289906,40.6580202021223,102.03215669350742,1.1426605417824647,0.41915484744455983,1.0518779040567776,AlphaSparse 248af573c867cf4c7e05d40c611c7c34ebac4715,CUDA,13040,13000,2026-10-06T19:56:54.657657+00:00,derived,csr-alg1,0,0,,,,5,20,4,true
3,A100-SXM4-80GB-suitesparse_all-fp64-n2-row-major-AlphaSparse-SpMM-CSR-pre-plus-solve,AlphaSparse-SpMM-CSR-best-pre-plus-solve,AlphaSparseLib CSR PER MATRIX BEST,per-matrix-best,AlphaSparse-SpMM-CSR,best,pre-plus-solve,"csr-alg1,csr-alg2,csr-alg3,csr-alg4,csr-alg5",manual-selection,csr,ALPHASPARSE_SPMM_CSR_ALG1,workspace-setup,spmm.csr.fp64,fp64,A100-SXM4-80GB,A100-SXM4-80GB,,9700.0,152f8cc9-7213-5fba-8430-8cd9341fa530,suitesparse_all,Puri/ABACUS_shell_ud,ABACUS_shell_ud,23412,23412,218484,2,row-major,N,N,1.0,0.0,20260922,main,pass,pass,0,0,873936.0,0.0156,0.00952320024371,0.0251232002437,0.0103032002437,91.76915087732488,34.78601418301205,84.82180092873352,0.9460737203847925,0.35861870291765,0.874451555966325,AlphaSparse 248af573c867cf4c7e05d40c611c7c34ebac4715,CUDA,13040,13000,2026-10-07T22:29:50.036929+00:00,derived,csr-alg1,0,0,,,,5,20,4,true
3,A100-SXM4-80GB-suitesparse_all-fp64-n2-row-major-AlphaSparse-SpMM-CSR-pre-plus-solve,AlphaSparse-SpMM-CSR-best-pre-plus-solve,AlphaSparseLib CSR PER MATRIX BEST,per-matrix-best,AlphaSparse-SpMM-CSR,best,pre-plus-solve,"csr-alg1,csr-alg2,csr-alg3,csr-alg4,csr-alg5",manual-selection,csr,ALPHASPARSE_SPMM_CSR_ALG1,workspace-setup,spmm.csr.fp64,fp64,A100-SXM4-80GB,A100-SXM4-80GB,,9700.0,d94c6f41-d28e-5f45-abb9-189a8a3b4f78,suitesparse_all,Qaplib/lp_nug05,lp_nug05,210,225,1050,2,row-major,N,N,1.0,0.0,20260922,main,pass,pass,0,0,4200.0,0.01316,0.00537599995732,0.0185359999573,0.00603399995732,0.7812500062023344,0.2265861032410027,0.6960556893781333,0.008054123775281797,0.002335939208670131,0.007175831849259106,AlphaSparse 248af573c867cf4c7e05d40c611c7c34ebac4715,CUDA,13040,13000,2026-10-06T01:50:24.318649+00:00,derived,csr-alg1,0,0,,,,5,20,4,true
3,A100-SXM4-80GB-suitesparse_all-fp64-n2-row-major-AlphaSparse-SpMM-CSR-pre-plus-solve,AlphaSparse-SpMM-CSR-best-pre-plus-solve,AlphaSparseLib CSR PER MATRIX BEST,per-matrix-best,AlphaSparse-SpMM-CSR,best,pre-plus-solve,"csr-alg1,csr-alg2,csr-alg3,csr-alg4,csr-alg5",manual-selection,csr,ALPHASPARSE_SPMM_CSR_ALG1,workspace-setup,spmm.csr.fp64,fp64,A100-SXM4-80GB,A100-SXM4-80GB,,9700.0,018f64fd-81d1-5f6a-986f-7d386c913e5c,suitesparse_all,Qaplib/lp_nug06,lp_nug06,372,486,2232,2,row-major,N,N,1.0,0.0,20260922,main,pass,pass,0,0,8928.0,0.01448,0.00675840005279,0.0212384000528,0.00748240005279,1.321022716954192,0.42037064834471655,1.1932000343487343,0.013618790896434968,0.004333718024172335,0.012301031281945714,AlphaSparse 248af573c867cf4c7e05d40c611c7c34ebac4715,CUDA,13040,13000,2026-10-06T20:26:51.300514+00:00,derived,csr-alg1,0,0,,,,5,20,4,true
3,A100-SXM4-80GB-suitesparse_all-fp64-n2-row-major-AlphaSparse-SpMM-CSR-pre-plus-solve,AlphaSparse-SpMM-CSR-best-pre-plus-solve,AlphaSparseLib CSR PER MATRIX BEST,per-matrix-best,AlphaSparse-SpMM-CSR,best,pre-plus-solve,"csr-alg1,csr-alg2,csr-alg3,csr-alg4,csr-alg5",manual-selection,csr,ALPHASPARSE_SPMM_CSR_ALG1,workspace-setup,spmm.csr.fp64,fp64,A100-SXM4-80GB,A100-SXM4-80GB,,9700.0,752b02ae-c4ef-54eb-ad5c-0957985c94ee,suitesparse_all,Qaplib/lp_nug08,lp_nug08,912,1632,7296,2,row-major,N,N,1.0,0.0,20260922,main,pass,pass,0,0,29184.0,0.01468,0.00660479962826,0.0212847996283,0.00733879962826,4.418604899856496,1.3711193203433931,3.9766721369008695,0.045552627833572126,0.014135250725189619,0.0409966199680502,AlphaSparse 248af573c867cf4c7e05d40c611c7c34ebac4715,CUDA,13040,13000,2026-10-08T03:32:11.918062+00:00,derived,csr-alg1,0,0,,,,5,20,4,true
3,A100-SXM4-80GB-suitesparse_all-fp64-n2-row-major-AlphaSparse-SpMM-CSR-pre-plus-solve,AlphaSparse-SpMM-CSR-best-pre-plus-solve,AlphaSparseLib CSR PER MATRIX BEST,per-matrix-best,AlphaSparse-SpMM-CSR,best,pre-plus-solve,"csr-alg1,csr-alg2,csr-alg3,csr-alg4,csr-alg5",manual-selection,csr,ALPHASPARSE_SPMM_CSR_ALG1,workspace-setup,spmm.csr.fp64,fp64,A100-SXM4-80GB,A100-SXM4-80GB,,9700.0,152f8cc9-7213-5fba-8430-8cd9341fa530,suitesparse_all,Qaplib/lp_nug12,lp_nug12,3192,8856,38304,2,row-major,N,N,1.0,0.0,20260922,main,pass,pass,0,0,153216.0,0.0198,0.00798719972372,0.0277871997237,0.00897719972372,19.182692971228267,5.513905738019382,17.06723752565793,0.1977597213528687,0.05684438905174621,0.17595090232637042,AlphaSparse 248af573c867cf4c7e05d40c611c7c34ebac4715,CUDA,13040,13000,2026-10-07T22:25:41.632939+00:00,derived,csr-alg1,0,0,,,,5,20,4,true
3,A100-SXM4-80GB-suitesparse_all-fp64-n2-row-major-AlphaSparse-SpMM-CSR-pre-plus-solve,AlphaSparse-SpMM-CSR-best-pre-plus-solve,AlphaSparseLib CSR PER MATRIX BEST,per-matrix-best,AlphaSparse-SpMM-CSR,best,pre-plus-solve,"csr-alg1,csr-alg2,csr-alg3,csr-alg4,csr-alg5",manual-selection,csr,ALPHASPARSE_SPMM_CSR_ALG1,workspace-setup,spmm.csr.fp64,fp64,A100-SXM4-80GB,A100-SXM4-80GB,,9700.0,a0827285-e98d-55a9-b486-73107367c8f5,suitesparse_all,Qaplib/lp_nug15,lp_nug15,6330,22275,94950,2,row-major,N,N,1.0,0.0,20260922,main,pass,pass,0,0,379800.0,0.01785,0.00744159966707,0.0252915996671,0.00833409966707,51.037413592760444,15.016843734643409,45.571809214218995,0.5261589030181489,0.15481282200663307,0.469812466125969,AlphaSparse 248af573c867cf4c7e05d40c611c7c34ebac4715,CUDA,13040,13000,2026-10-06T07:04:33.615133+00:00,derived,csr-alg1,0,0,,,,5,20,4,true
3,A100-SXM4-80GB-suitesparse_all-fp64-n2-row-major-AlphaSparse-SpMM-CSR-pre-plus-solve,AlphaSparse-SpMM-CSR-best-pre-plus-solve,AlphaSparseLib CSR PER MATRIX BEST,per-matrix-best,AlphaSparse-SpMM-CSR,best,pre-plus-solve,"csr-alg1,csr-alg2,csr-alg3,csr-alg4,csr-alg5",manual-selection,csr,ALPHASPARSE_SPMM_CSR_ALG1,workspace-setup,spmm.csr.fp64,fp64,A100-SXM4-80GB,A100-SXM4-80GB,,9700.0,dd6a9a30-d69d-5ea7-834e-7b0f3242a57c,suitesparse_all,Qaplib/lp_nug20,lp_nug20,15240,72600,304800,2,row-major,N,N,1.0,0.0,20260922,main,pass,pass,0,0,1219200.0,0.01518,0.00957439988852,0.0247543998885,0.0103333998885,127.339573675198,49.25185039797294,117.98633684513099,1.3127791100535877,0.5077510350306488,1.216353988094134,AlphaSparse 248af573c867cf4c7e05d40c611c7c34ebac4715,CUDA,13040,13000,2026-10-06T19:49:52.251703+00:00,derived,csr-alg1,0,0,,,,5,20,4,true
3,A100-SXM4-80GB-suitesparse_all-fp64-n2-row-major-AlphaSparse-SpMM-CSR-pre-plus-solve,AlphaSparse-SpMM-CSR-best-pre-plus-solve,AlphaSparseLib CSR PER MATRIX BEST,per-matrix-best,AlphaSparse-SpMM-CSR,best,pre-plus-solve,"csr-alg1,csr-alg2,csr-alg3,csr-alg4,csr-alg5",manual-selection,csr,ALPHASPARSE_SPMM_CSR_ALG1,workspace-setup,spmm.csr.fp64,fp64,A100-SXM4-80GB,A100-SXM4-80GB,,9700.0,005fdebf-9ece-5bc0-9d3c-6fda0356699d,suitesparse_all,Qaplib/lp_nug30,lp_nug30,52260,379350,1567800,2,row-major,N,N,1.0,0.0,20260922,main,pass,pass,0,0,6271200.0,0.01465,0.0307711988688,0.0454211988688,0.0315036988688,203.80096423082787,138.06768989331349,199.062339508671,2.1010408683590502,1.4233782463228195,2.0521890670997007,AlphaSparse 248af573c867cf4c7e05d40c611c7c34ebac4715,CUDA,13040,13000,2026-10-08T13:54:01.670964+00:00,derived,csr-alg1,0,0,,,,5,20,4,true
3,A100-SXM4-80GB-suitesparse_all-fp64-n2-row-major-AlphaSparse-SpMM-CSR-pre-plus-solve,AlphaSparse-SpMM-CSR-best-pre-plus-solve,AlphaSparseLib CSR PER MATRIX BEST,per-matrix-best,AlphaSparse-SpMM-CSR,best,pre-plus-solve,"csr-alg1,csr-alg2,csr-alg3,csr-alg4,csr-alg5",manual-selection,csr,ALPHASPARSE_SPMM_CSR_ALG5,workspace-setup,spmm.csr.fp64,fp64,A100-SXM4-80GB,A100-SXM4-80GB,,9700.0,dd6a9a30-d69d-5ea7-834e-7b0f3242a57c,suitesparse_all,QCD/conf5_0-4x4-10,conf5_0-4x4-10,3072,3072,119808,2,row-major,N,N,1.0,0.0,20260922,main,pass,pass,0,0,479232.0,0.01318,0.014350399375,0.027530399375,0.015009399375,33.395028770758515,17.407375515052802,31.92879262032429,0.3442786471212218,0.17945747953662683,0.32916281051880714,AlphaSparse 248af573c867cf4c7e05d40c611c7c34ebac4715,CUDA,13040,13000,2026-10-06T22:23:39.415913+00:00,derived,csr-alg5,0,0,,,,5,20,4,true
3,A100-SXM4-80GB-suitesparse_all-fp64-n2-row-major-AlphaSparse-SpMM-CSR-pre-plus-solve,AlphaSparse-SpMM-CSR-best-pre-plus-solve,AlphaSparseLib CSR PER MATRIX BEST,per-matrix-best,AlphaSparse-SpMM-CSR,best,pre-plus-solve,"csr-alg1,csr-alg2,csr-alg3,csr-alg4,csr-alg5",manual-selection,csr,ALPHASPARSE_SPMM_CSR_ALG1,workspace-setup,spmm.csr.fp64,fp64,A100-SXM4-80GB,A100-SXM4-80GB,,9700.0,005fdebf-9ece-5bc0-9d3c-6fda0356699d,suitesparse_all,QCD/conf5_0-4x4-14,conf5_0-4x4-14,3072,3072,119808,2,row-major,N,N,1.0,0.0,20260922,main,pass,pass,0,0,479232.0,0.012,0.0152575999498,0.0272575999498,0.0158575999498,31.409396076496414,17.581591955366427,30.220966698434353,0.3238082069741898,0.18125352531305597,0.3115563577158181,AlphaSparse 248af573c867cf4c7e05d40c611c7c34ebac4715,CUDA,13040,13000,2026-10-08T13:55:59.697548+00:00,derived,csr-alg1,0,0,,,,5,20,4,true
3,A100-SXM4-80GB-suitesparse_all-fp64-n2-row-major-AlphaSparse-SpMM-CSR-pre-plus-solve,AlphaSparse-SpMM-CSR-best-pre-plus-solve,AlphaSparseLib CSR PER MATRIX BEST,per-matrix-best,AlphaSparse-SpMM-CSR,best,pre-plus-solve,"csr-alg1,csr-alg2,csr-alg3,csr-alg4,csr-alg5",manual-selection,csr,ALPHASPARSE_SPMM_CSR_ALG2,workspace-setup,spmm.csr.fp64,fp64,A100-SXM4-80GB,A100-SXM4-80GB,,9700.0,d94c6f41-d28e-5f45-abb9-189a8a3b4f78,suitesparse_all,QCD/conf5_0-4x4-18,conf5_0-4x4-18,3072,3072,119808,2,row-major,N,N,1.0,0.0,20260922,main,pass,pass,0,0,479232.0,0.01229,0.0158943995833,0.0281843995833,0.0165088995833,30.150997367873,17.00344896770331,29.02870646113684,0.31083502441106187,0.17529328832683824,0.29926501506326636,AlphaSparse 248af573c867cf4c7e05d40c611c7c34ebac4715,CUDA,13040,13000,2026-10-06T02:22:32.467656+00:00,derived,csr-alg2,0,0,,,,5,20,4,true
3,A100-SXM4-80GB-suitesparse_all-fp64-n2-row-major-AlphaSparse-SpMM-CSR-pre-plus-solve,AlphaSparse-SpMM-CSR-best-pre-plus-solve,AlphaSparseLib CSR PER MATRIX BEST,per-matrix-best,AlphaSparse-SpMM-CSR,best,pre-plus-solve,"csr-alg1,csr-alg2,csr-alg3,csr-alg4,csr-alg5",manual-selection,csr,ALPHASPARSE_SPMM_CSR_ALG5,workspace-setup,spmm.csr.fp64,fp64,A100-SXM4-80GB,A100-SXM4-80GB,,9700.0,018f64fd-81d1-5f6a-986f-7d386c913e5c,suitesparse_all,QCD/conf5_0-4x4-22,conf5_0-4x4-22,3072,3072,119808,2,row-major,N,N,1.0,0.0,20260922,main,pass,pass,0,0,479232.0,0.01243,0.0149504005909,0.0273804005909,0.0155719005909,32.05479325361346,17.502738807965976,30.775434071294832,0.3304617861197264,0.18044060626769046,0.31727251619891583,AlphaSparse 248af573c867cf4c7e05d40c611c7c34ebac4715,CUDA,13040,13000,2026-10-06T23:10:22.759317+00:00,derived,csr-alg5,0,0,,,,5,20,4,true
3,A100-SXM4-80GB-suitesparse_all-fp64-n2-row-major-AlphaSparse-SpMM-CSR-pre-plus-solve,AlphaSparse-SpMM-CSR-best-pre-plus-solve,AlphaSparseLib CSR PER MATRIX BEST,per-matrix-best,AlphaSparse-SpMM-CSR,best,pre-plus-solve,"csr-alg1,csr-alg2,csr-alg3,csr-alg4,csr-alg5",manual-selection,csr,ALPHASPARSE_SPMM_CSR_ALG4,workspace-setup,spmm.csr.fp64,fp64,A100-SXM4-80GB,A100-SXM4-80GB,,9700.0,a0827285-e98d-55a9-b486-73107367c8f5,suitesparse_all,QCD/conf5_4-8x8-05,conf5_4-8x8-05,49152,49152,1916928,2,row-major,N,N,1.0,0.0,20260922,main,pass,pass,0,0,7667712.0,0.01808,0.0285695999861,0.0466495999861,0.0294735999861,268.3870969047722,164.36822614309057,260.15525770914167,2.766877287678064,1.6945177952895936,2.6820129660736254,AlphaSparse 248af573c867cf4c7e05d40c611c7c34ebac4715,CUDA,13040,13000,2026-10-06T08:31:31.756601+00:00,derived,csr-alg4,0,0,,,,5,20,4,true
3,A100-SXM4-80GB-suitesparse_all-fp64-n2-row-major-AlphaSparse-SpMM-CSR-pre-plus-solve,AlphaSparse-SpMM-CSR-best-pre-plus-solve,AlphaSparseLib CSR PER MATRIX BEST,per-matrix-best,AlphaSparse-SpMM-CSR,best,pre-plus-solve,"csr-alg1,csr-alg2,csr-alg3,csr-alg4,csr-alg5",manual-selection,csr,ALPHASPARSE_SPMM_CSR_ALG1,workspace-setup,spmm.csr.fp64,fp64,A100-SXM4-80GB,A100-SXM4-80GB,,9700.0,dd6a9a30-d69d-5ea7-834e-7b0f3242a57c,suitesparse_all,QCD/conf5_4-8x8-10,conf5_4-8x8-10,49152,49152,1916928,2,row-major,N,N,1.0,0.0,20260922,main,pass,pass,0,0,7667712.0,0.02109,0.0273407995701,0.0484307995701,0.0283952995701,280.4494426119651,158.32305202604707,270.0345520592441,2.8912313671336607,1.6321964126396606,2.7838613614355063,AlphaSparse 248af573c867cf4c7e05d40c611c7c34ebac4715,CUDA,13040,13000,2026-10-06T19:53:09.274041+00:00,derived,csr-alg1,0,0,,,,5,20,4,true
3,A100-SXM4-80GB-suitesparse_all-fp64-n2-row-major-AlphaSparse-SpMM-CSR-pre-plus-solve,AlphaSparse-SpMM-CSR-best-pre-plus-solve,AlphaSparseLib CSR PER MATRIX BEST,per-matrix-best,AlphaSparse-SpMM-CSR,best,pre-plus-solve,"csr-alg1,csr-alg2,csr-alg3,csr-alg4,csr-alg5",manual-selection,csr,ALPHASPARSE_SPMM_CSR_ALG1,workspace-setup,spmm.csr.fp64,fp64,A100-SXM4-80GB,A100-SXM4-80GB,,9700.0,005fdebf-9ece-5bc0-9d3c-6fda0356699d,suitesparse_all,QCD/conf5_4-8x8-15,conf5_4-8x8-15,49152,49152,1916928,2,row-major,N,N,1.0,0.0,20260922,main,pass,pass,0,0,7667712.0,0.013,0.0278016000986,0.0408016000986,0.0284516000986,275.80110399423097,187.92674751652933,269.5002029210055,2.8433103504559893,1.9373891496549418,2.7783526074330465,AlphaSparse 248af573c867cf4c7e05d40c611c7c34ebac4715,CUDA,13040,13000,2026-10-08T13:56:01.983845+00:00,derived,csr-alg1,0,0,,,,5,20,4,true
3,A100-SXM4-80GB-suitesparse_all-fp64-n2-row-major-AlphaSparse-SpMM-CSR-pre-plus-solve,AlphaSparse-SpMM-CSR-best-pre-plus-solve,AlphaSparseLib CSR PER MATRIX BEST,per-matrix-best,AlphaSparse-SpMM-CSR,best,pre-plus-solve,"csr-alg1,csr-alg2,csr-alg3,csr-alg4,csr-alg5",manual-selection,csr,ALPHASPARSE_SPMM_CSR_ALG1,workspace-setup,spmm.csr.fp64,fp64,A100-SXM4-80GB,A100-SXM4-80GB,,9700.0,d94c6f41-d28e-5f45-abb9-189a8a3b4f78,suitesparse_all,QCD/conf5_4-8x8-20,conf5_4-8x8-20,49152,49152,1916928,2,row-major,N,N,1.0,0.0,20260922,main,pass,pass,0,0,7667712.0,0.01397,0.0277615994215,0.0417315994215,0.0284600994215,276.1984957560382,183.73875207978767,269.4197193916855,2.847407172742662,1.8942139389668833,2.777522880326654,AlphaSparse 248af573c867cf4c7e05d40c611c7c34ebac4715,CUDA,13040,13000,2026-10-06T01:52:58.558333+00:00,derived,csr-alg1,0,0,,,,5,20,4,true
3,A100-SXM4-80GB-suitesparse_all-fp64-n2-row-major-AlphaSparse-SpMM-CSR-pre-plus-solve,AlphaSparse-SpMM-CSR-best-pre-plus-solve,AlphaSparseLib CSR PER MATRIX BEST,per-matrix-best,AlphaSparse-SpMM-CSR,best,pre-plus-solve,"csr-alg1,csr-alg2,csr-alg3,csr-alg4,csr-alg5",manual-selection,csr,ALPHASPARSE_SPMM_CSR_ALG2,workspace-setup,spmm.csr.fp64,fp64,A100-SXM4-80GB,A100-SXM4-80GB,,9700.0,752b02ae-c4ef-54eb-ad5c-0957985c94ee,suitesparse_all,QCD/conf6_0-4x4-20,conf6_0-4x4-20,3072,3072,119808,2,row-major,N,N,1.0,0.0,20260922,main,pass,pass,0,0,479232.0,0.01079,0.0167935997248,0.0275835997248,0.0173330997248,28.536585833488257,17.37380199760982,27.648372628602626,0.2941916065308068,0.17911136080010123,0.28503476936703737,AlphaSparse 248af573c867cf4c7e05d40c611c7c34ebac4715,CUDA,13040,13000,2026-10-08T04:55:49.891169+00:00,derived,csr-alg2,0,0,,,,5,20,4,true
3,A100-SXM4-80GB-suitesparse_all-fp64-n2-row-major-AlphaSparse-SpMM-CSR-pre-plus-solve,AlphaSparse-SpMM-CSR-best-pre-plus-solve,AlphaSparseLib CSR PER MATRIX BEST,per-matrix-best,AlphaSparse-SpMM-CSR,best,pre-plus-solve,"csr-alg1,csr-alg2,csr-alg3,csr-alg4,csr-alg5",manual-selection,csr,ALPHASPARSE_SPMM_CSR_ALG1,workspace-setup,spmm.csr.fp64,fp64,A100-SXM4-80GB,A100-SXM4-80GB,,9700.0,152f8cc9-7213-5fba-8430-8cd9341fa530,suitesparse_all,QCD/conf6_0-4x4-30,conf6_0-4x4-30,3072,3072,119808,2,row-major,N,N,1.0,0.0,20260922,main,pass,pass,0,0,479232.0,0.01949,0.0152575999498,0.0347475999498,0.0162320999498,31.409396076496414,13.791801468082642,29.523721606082447,0.3238082069741898,0.14218352028951178,0.3043682639802314,AlphaSparse 248af573c867cf4c7e05d40c611c7c34ebac4715,CUDA,13040,13000,2026-10-07T22:28:06.700148+00:00,derived,csr-alg1,0,0,,,,5,20,4,true
3,A100-SXM4-80GB-suitesparse_all-fp64-n2-row-major-AlphaSparse-SpMM-CSR-pre-plus-solve,AlphaSparse-SpMM-CSR-best-pre-plus-solve,AlphaSparseLib CSR PER MATRIX BEST,per-matrix-best,AlphaSparse-SpMM-CSR,best,pre-plus-solve,"csr-alg1,csr-alg2,csr-alg3,csr-alg4,csr-alg5",manual-selection,csr,ALPHASPARSE_SPMM_CSR_ALG1,workspace-setup,spmm.csr.fp64,fp64,A100-SXM4-80GB,A100-SXM4-80GB,,9700.0,018f64fd-81d1-5f6a-986f-7d386c913e5c,suitesparse_all,QCD/conf6_0-8x8-20,conf6_0-8x8-20,49152,49152,1916928,2,row-major,N,N,1.0,0.0,20260922,main,pass,pass,0,0,7667712.0,0.01762,0.0277503997087,0.0453703997087,0.0286313997087,276.30996600009706,169.00252255281933,267.8077941704706,2.8485563505164646,1.7422940469362818,2.760905094540934,AlphaSparse 248af573c867cf4c7e05d40c611c7c34ebac4715,CUDA,13040,13000,2026-10-06T20:30:03.656043+00:00,derived,csr-alg1,0,0,,,,5,20,4,true
3,A100-SXM4-80GB-suitesparse_all-fp64-n2-row-major-AlphaSparse-SpMM-CSR-pre-plus-solve,AlphaSparse-SpMM-CSR-best-pre-plus-solve,AlphaSparseLib CSR PER MATRIX BEST,per-matrix-best,AlphaSparse-SpMM-CSR,best,pre-plus-solve,"csr-alg1,csr-alg2,csr-alg3,csr-alg4,csr-alg5",manual-selection,csr,ALPHASPARSE_SPMM_CSR_ALG1,workspace-setup,spmm.csr.fp64,fp64,A100-SXM4-80GB,A100-SXM4-80GB,,9700.0,752b02ae-c4ef-54eb-ad5c-0957985c94ee,suitesparse_all,QCD/conf6_0-8x8-80,conf6_0-8x8-80,49152,49152,1916928,2,row-major,N,N,1.0,0.0,20260922,main,pass,pass,0,0,7667712.0,0.01837,0.0279552012682,0.0463252012682,0.0288737012682,274.28570184262225,165.51923769543365,265.5604118355557,2.827687647862085,1.7063838937673572,2.7377362044902656,AlphaSparse 248af573c867cf4c7e05d40c611c7c34ebac4715,CUDA,13040,13000,2026-10-08T03:36:11.722973+00:00,derived,csr-alg1,0,0,,,,5,20,4,true
3,A100-SXM4-80GB-suitesparse_all-fp64-n2-row-major-AlphaSparse-SpMM-CSR-pre-plus-solve,AlphaSparse-SpMM-CSR-best-pre-plus-solve,AlphaSparseLib CSR PER MATRIX BEST,per-matrix-best,AlphaSparse-SpMM-CSR,best,pre-plus-solve,"csr-alg1,csr-alg2,csr-alg3,csr-alg4,csr-alg5",manual-selection,csr,ALPHASPARSE_SPMM_CSR_ALG1,workspace-setup,spmm.csr.fp64,fp64,A100-SXM4-80GB,A100-SXM4-80GB,,9700.0,018f64fd-81d1-5f6a-986f-7d386c913e5c,suitesparse_all,QLi/crashbasis,crashbasis,160000,160000,1750416,2,row-major,N,N,1.0,0.0,20260922,main,pass,pass,0,0,7001664.0,0.020131,0.027084800601,0.047215800601,0.028091350601,258.5089734698468,148.2906974122495,249.24625730707135,2.665040963606668,1.5287700764149432,2.5695490444027977,AlphaSparse 248af573c867cf4c7e05d40c611c7c34ebac4715,CUDA,13040,13000,2026-10-06T20:31:37.217016+00:00,derived,csr-alg1,0,0,,,,5,20,4,true
3,A100-SXM4-80GB-suitesparse_all-fp64-n2-row-major-AlphaSparse-SpMM-CSR-pre-plus-solve,AlphaSparse-SpMM-CSR-best-pre-plus-solve,AlphaSparseLib CSR PER MATRIX BEST,per-matrix-best,AlphaSparse-SpMM-CSR,best,pre-plus-solve,"csr-alg1,csr-alg2,csr-alg3,csr-alg4,csr-alg5",manual-selection,csr,ALPHASPARSE_SPMM_CSR_ALG1,workspace-setup,spmm.csr.fp64,fp64,A100-SXM4-80GB,A100-SXM4-80GB,,9700.0,152f8cc9-7213-5fba-8430-8cd9341fa530,suitesparse_all,QLi/largebasis,largebasis,440020,440020,5560100,2,row-major,N,N,1.0,0.0,20260922,main,pass,pass,0,0,22240400.0,0.03506,0.0982016026974,0.133261602697,0.0999546026974,226.47695545796668,166.89278494247526,222.50501127326788,2.334813973793471,1.7205441746646934,2.2938660956006998,AlphaSparse 248af573c867cf4c7e05d40c611c7c34ebac4715,CUDA,13040,13000,2026-10-07T22:28:56.794906+00:00,derived,csr-alg1,0,0,,,,5,20,4,true
3,A100-SXM4-80GB-suitesparse_all-fp64-n2-row-major-AlphaSparse-SpMM-CSR-pre-plus-solve,AlphaSparse-SpMM-CSR-best-pre-plus-solve,AlphaSparseLib CSR PER MATRIX BEST,per-matrix-best,AlphaSparse-SpMM-CSR,best,pre-plus-solve,"csr-alg1,csr-alg2,csr-alg3,csr-alg4,csr-alg5",manual-selection,csr,ALPHASPARSE_SPMM_CSR_ALG2,workspace-setup,spmm.csr.fp64,fp64,A100-SXM4-80GB,A100-SXM4-80GB,,9700.0,752b02ae-c4ef-54eb-ad5c-0957985c94ee,suitesparse_all,Quaglino/viscoplastic1,viscoplastic1,4326,4326,61166,2,row-major,N,N,1.0,0.0,20260922,main,pass,pass,0,0,244664.0,0.011511,0.0159232005477,0.0274342005477,0.0164987505477,15.365252686925437,8.918211397288626,14.829244147467112,0.15840466687551996,0.09194032368338789,0.15287880564399084,AlphaSparse 248af573c867cf4c7e05d40c611c7c34ebac4715,CUDA,13040,13000,2026-10-08T04:56:51.228514+00:00,derived,csr-alg2,0,0,,,,5,20,4,true
3,A100-SXM4-80GB-suitesparse_all-fp64-n2-row-major-AlphaSparse-SpMM-CSR-pre-plus-solve,AlphaSparse-SpMM-CSR-best-pre-plus-solve,AlphaSparseLib CSR PER MATRIX BEST,per-matrix-best,AlphaSparse-SpMM-CSR,best,pre-plus-solve,"csr-alg1,csr-alg2,csr-alg3,csr-alg4,csr-alg5",manual-selection,csr,ALPHASPARSE_SPMM_CSR_ALG1,workspace-setup,spmm.csr.fp64,fp64,A100-SXM4-80GB,A100-SXM4-80GB,,9700.0,152f8cc9-7213-5fba-8430-8cd9341fa530,suitesparse_all,Quaglino/viscoplastic2,viscoplastic2,32769,32769,381326,2,row-major,N,N,1.0,0.0,20260922,main,pass,pass,0,0,1525304.0,0.01594,0.0281087994576,0.0440487994576,0.0289057994576,54.26428838772733,34.62759527573981,52.76809597455927,0.5594256534817251,0.3569855183065959,0.5440009894284461,AlphaSparse 248af573c867cf4c7e05d40c611c7c34ebac4715,CUDA,13040,13000,2026-10-07T22:28:51.076143+00:00,derived,csr-alg1,0,0,,,,5,20,4,true
3,A100-SXM4-80GB-suitesparse_all-fp64-n2-row-major-AlphaSparse-SpMM-CSR-pre-plus-solve,AlphaSparse-SpMM-CSR-best-pre-plus-solve,AlphaSparseLib CSR PER MATRIX BEST,per-matrix-best,AlphaSparse-SpMM-CSR,best,pre-plus-solve,"csr-alg1,csr-alg2,csr-alg3,csr-alg4,csr-alg5",manual-selection,csr,ALPHASPARSE_SPMM_CSR_ALG5,workspace-setup,spmm.csr.fp64,fp64,A100-SXM4-80GB,A100-SXM4-80GB,,9700.0,005fdebf-9ece-5bc0-9d3c-6fda0356699d,suitesparse_all,QY/case39,case39,40216,40216,1042160,2,row-major,N,N,1.0,0.0,20260922,main,pass,pass,0,0,4168640.0,0.0143,0.0302592009306,0.0445592009306,0.0309742009306,137.7643781658626,93.55284459639586,134.58426286250767,1.4202513212975525,0.9644623154267614,1.3874666274485328,AlphaSparse 248af573c867cf4c7e05d40c611c7c34ebac4715,CUDA,13040,13000,2026-10-08T15:37:58.868594+00:00,derived,csr-alg5,0,0,,,,5,20,4,true
3,A100-SXM4-80GB-suitesparse_all-fp64-n2-row-major-AlphaSparse-SpMM-CSR-pre-plus-solve,AlphaSparse-SpMM-CSR-best-pre-plus-solve,AlphaSparseLib CSR PER MATRIX BEST,per-matrix-best,AlphaSparse-SpMM-CSR,best,pre-plus-solve,"csr-alg1,csr-alg2,csr-alg3,csr-alg4,csr-alg5",manual-selection,csr,ALPHASPARSE_SPMM_CSR_ALG5,workspace-setup,spmm.csr.fp64,fp64,A100-SXM4-80GB,A100-SXM4-80GB,,9700.0,a0827285-e98d-55a9-b486-73107367c8f5,suitesparse_all,QY/case9,case9,14454,14454,147972,2,row-major,N,N,1.0,0.0,20260922,main,pass,pass,0,0,591888.0,0.02492,0.0139551997185,0.0388751997185,0.0152011997185,42.41343814057719,15.22533657154001,38.93692675320007,0.4372519395935793,0.15696223269628876,0.4014116160123719,AlphaSparse 248af573c867cf4c7e05d40c611c7c34ebac4715,CUDA,13040,13000,2026-10-06T09:01:54.194287+00:00,derived,csr-alg5,0,0,,,,5,20,4,true
3,A100-SXM4-80GB-suitesparse_all-fp64-n2-row-major-AlphaSparse-SpMM-CSR-pre-plus-solve,AlphaSparse-SpMM-CSR-best-pre-plus-solve,AlphaSparseLib CSR PER MATRIX BEST,per-matrix-best,AlphaSparse-SpMM-CSR,best,pre-plus-solve,"csr-alg1,csr-alg2,csr-alg3,csr-alg4,csr-alg5",manual-selection,csr,ALPHASPARSE_SPMM_CSR_ALG5,workspace-setup,spmm.csr.fp64,fp64,A100-SXM4-80GB,A100-SXM4-80GB,,9700.0,dd6a9a30-d69d-5ea7-834e-7b0f3242a57c,suitesparse_all,Rajat/Raj1,Raj1,263743,263743,1302464,2,row-major,N,N,1.0,0.0,20260922,main,pass,pass,0,0,5209856.0,0.01583,0.0527872025967,0.0686172025967,0.0535787025967,98.6954364640966,75.92638293083894,97.23744225790348,1.0174787264339857,0.7827462157818448,1.002447858328902,AlphaSparse 248af573c867cf4c7e05d40c611c7c34ebac4715,CUDA,13040,13000,2026-10-06T22:24:15.898350+00:00,derived,csr-alg5,0,0,,,,5,20,4,true
3,A100-SXM4-80GB-suitesparse_all-fp64-n2-row-major-AlphaSparse-SpMM-CSR-pre-plus-solve,AlphaSparse-SpMM-CSR-best-pre-plus-solve,AlphaSparseLib CSR PER MATRIX BEST,per-matrix-best,AlphaSparse-SpMM-CSR,best,pre-plus-solve,"csr-alg1,csr-alg2,csr-alg3,csr-alg4,csr-alg5",manual-selection,csr,ALPHASPARSE_SPMM_CSR_ALG3,workspace-setup,spmm.csr.fp64,fp64,A100-SXM4-80GB,A100-SXM4-80GB,,9700.0,d94c6f41-d28e-5f45-abb9-189a8a3b4f78,suitesparse_all,Rajat/rajat01,rajat01,6833,6833,43250,2,row-major,N,N,1.0,0.0,20260922,main,pass,pass,0,0,173000.0,0.01329,0.0130048006773,0.0262948006773,0.0136693006773,13.302779818992006,6.579247438424163,12.65609734426966,0.1371420599896083,0.06782729317963056,0.13047523035329547,AlphaSparse 248af573c867cf4c7e05d40c611c7c34ebac4715,CUDA,13040,13000,2026-10-06T02:46:11.756483+00:00,derived,csr-alg3,0,0,,,,5,20,4,true
3,A100-SXM4-80GB-suitesparse_all-fp64-n2-row-major-AlphaSparse-SpMM-CSR-pre-plus-solve,AlphaSparse-SpMM-CSR-best-pre-plus-solve,AlphaSparseLib CSR PER MATRIX BEST,per-matrix-best,AlphaSparse-SpMM-CSR,best,pre-plus-solve,"csr-alg1,csr-alg2,csr-alg3,csr-alg4,csr-alg5",manual-selection,csr,ALPHASPARSE_SPMM_CSR_ALG2,workspace-setup,spmm.csr.fp64,fp64,A100-SXM4-80GB,A100-SXM4-80GB,,9700.0,018f64fd-81d1-5f6a-986f-7d386c913e5c,suitesparse_all,Rajat/rajat02,rajat02,1960,1960,11187,2,row-major,N,N,1.0,0.0,20260922,main,pass,pass,0,0,44748.0,0.01295,0.0147456005216,0.0276956005216,0.0153931005216,3.034667861403893,1.6157078798526396,2.9070166817405267,0.03128523568457622,0.01665678226652206,0.029969244141654916,AlphaSparse 248af573c867cf4c7e05d40c611c7c34ebac4715,CUDA,13040,13000,2026-10-06T21:15:47.956417+00:00,derived,csr-alg2,0,0,,,,5,20,4,true
3,A100-SXM4-80GB-suitesparse_all-fp64-n2-row-major-AlphaSparse-SpMM-CSR-pre-plus-solve,AlphaSparse-SpMM-CSR-best-pre-plus-solve,AlphaSparseLib CSR PER MATRIX BEST,per-matrix-best,AlphaSparse-SpMM-CSR,best,pre-plus-solve,"csr-alg1,csr-alg2,csr-alg3,csr-alg4,csr-alg5",manual-selection,csr,ALPHASPARSE_SPMM_CSR_ALG5,workspace-setup,spmm.csr.fp64,fp64,A100-SXM4-80GB,A100-SXM4-80GB,,9700.0,752b02ae-c4ef-54eb-ad5c-0957985c94ee,suitesparse_all,Rajat/rajat04,rajat04,1041,1041,9642,2,row-major,N,N,1.0,0.0,20260922,main,pass,pass,0,0,38568.0,0.01254,0.0144896000624,0.0270296000624,0.0151166000624,2.661771189950411,1.4268801577146046,2.5513673604378417,0.027440940102581555,0.014710104718707265,0.026302756293173628,AlphaSparse 248af573c867cf4c7e05d40c611c7c34ebac4715,CUDA,13040,13000,2026-10-08T07:58:42.240451+00:00,derived,csr-alg5,0,0,,,,5,20,4,true
3,A100-SXM4-80GB-suitesparse_all-fp64-n2-row-major-AlphaSparse-SpMM-CSR-pre-plus-solve,AlphaSparse-SpMM-CSR-best-pre-plus-solve,AlphaSparseLib CSR PER MATRIX BEST,per-matrix-best,AlphaSparse-SpMM-CSR,best,pre-plus-solve,"csr-alg1,csr-alg2,csr-alg3,csr-alg4,csr-alg5",manual-selection,csr,ALPHASPARSE_SPMM_CSR_ALG5,workspace-setup,spmm.csr.fp64,fp64,A100-SXM4-80GB,A100-SXM4-80GB,,9700.0,152f8cc9-7213-5fba-8430-8cd9341fa530,suitesparse_all,Rajat/rajat05,rajat05,301,301,1384,2,row-major,N,N,1.0,0.0,20260922,main,pass,pass,0,0,5536.0,0.01766,0.0129023998976,0.0305623998976,0.0137853998976,0.4290674637227576,0.18113760760112071,0.40158428780610145,0.004423375914667604,0.001867398016506399,0.004140044204186613,AlphaSparse 248af573c867cf4c7e05d40c611c7c34ebac4715,CUDA,13040,13000,2026-10-08T02:20:54.644996+00:00,derived,csr-alg5,0,0,,,,5,20,4,true
3,A100-SXM4-80GB-suitesparse_all-fp64-n2-row-major-AlphaSparse-SpMM-CSR-pre-plus-solve,AlphaSparse-SpMM-CSR-best-pre-plus-solve,AlphaSparseLib CSR PER MATRIX BEST,per-matrix-best,AlphaSparse-SpMM-CSR,best,pre-plus-solve,"csr-alg1,csr-alg2,csr-alg3,csr-alg4,csr-alg5",manual-selection,csr,ALPHASPARSE_SPMM_CSR_ALG5,workspace-setup,spmm.csr.fp64,fp64,A100-SXM4-80GB,A100-SXM4-80GB,,9700.0,a0827285-e98d-55a9-b486-73107367c8f5,suitesparse_all,Rajat/rajat06,rajat06,10922,10922,46983,2,row-major,N,N,1.0,0.0,20260922,main,pass,pass,0,0,187932.0,0.01734,0.0147456005216,0.0320856005216,0.0156126005216,12.744953976252711,5.85720687613387,12.037200320343588,0.13139127810569806,0.06038357604261722,0.12409484866333596,AlphaSparse 248af573c867cf4c7e05d40c611c7c34ebac4715,CUDA,13040,13000,2026-10-06T08:58:07.965448+00:00,derived,csr-alg5,0,0,,,,5,20,4,true
3,A100-SXM4-80GB-suitesparse_all-fp64-n2-row-major-AlphaSparse-SpMM-CSR-pre-plus-solve,AlphaSparse-SpMM-CSR-best-pre-plus-solve,AlphaSparseLib CSR PER MATRIX BEST,per-matrix-best,AlphaSparse-SpMM-CSR,best,pre-plus-solve,"csr-alg1,csr-alg2,csr-alg3,csr-alg4,csr-alg5",manual-selection,csr,ALPHASPARSE_SPMM_CSR_ALG5,workspace-setup,spmm.csr.fp64,fp64,A100-SXM4-80GB,A100-SXM4-80GB,,9700.0,dd6a9a30-d69d-5ea7-834e-7b0f3242a57c,suitesparse_all,Rajat/rajat07,rajat07,14842,14842,63913,2,row-major,N,N,1.0,0.0,20260922,main,pass,pass,0,0,255652.0,0.01375,0.0143871992826,0.0281371992826,0.0150746992826,17.76940702483962,9.085907855729436,16.959011599991705,0.1831897631426765,0.09366915315184986,0.1748351711339351,AlphaSparse 248af573c867cf4c7e05d40c611c7c34ebac4715,CUDA,13040,13000,2026-10-06T22:22:07.516938+00:00,derived,csr-alg5,0,0,,,,5,20,4,true
3,A100-SXM4-80GB-suitesparse_all-fp64-n2-row-major-AlphaSparse-SpMM-CSR-pre-plus-solve,AlphaSparse-SpMM-CSR-best-pre-plus-solve,AlphaSparseLib CSR PER MATRIX BEST,per-matrix-best,AlphaSparse-SpMM-CSR,best,pre-plus-solve,"csr-alg1,csr-alg2,csr-alg3,csr-alg4,csr-alg5",manual-selection,csr,ALPHASPARSE_SPMM_CSR_ALG5,workspace-setup,spmm.csr.fp64,fp64,A100-SXM4-80GB,A100-SXM4-80GB,,9700.0,005fdebf-9ece-5bc0-9d3c-6fda0356699d,suitesparse_all,Rajat/rajat08,rajat08,19362,19362,83443,2,row-major,N,N,1.0,0.0,20260922,main,pass,pass,0,0,333772.0,0.01408,0.0129023998976,0.0269823998976,0.0136063998976,25.868985820388776,12.369989373320642,24.53051523635383,0.2666905754679255,0.12752566364248086,0.25289190965313224,AlphaSparse 248af573c867cf4c7e05d40c611c7c34ebac4715,CUDA,13040,13000,2026-10-08T15:32:35.296842+00:00,derived,csr-alg5,0,0,,,,5,20,4,true
3,A100-SXM4-80GB-suitesparse_all-fp64-n2-row-major-AlphaSparse-SpMM-CSR-pre-plus-solve,AlphaSparse-SpMM-CSR-best-pre-plus-solve,AlphaSparseLib CSR PER MATRIX BEST,per-matrix-best,AlphaSparse-SpMM-CSR,best,pre-plus-solve,"csr-alg1,csr-alg2,csr-alg3,csr-alg4,csr-alg5",manual-selection,csr,ALPHASPARSE_SPMM_CSR_ALG5,workspace-setup,spmm.csr.fp64,fp64,A100-SXM4-80GB,A100-SXM4-80GB,,9700.0,d94c6f41-d28e-5f45-abb9-189a8a3b4f78,suitesparse_all,Rajat/rajat09,rajat09,24482,24482,105573,2,row-major,N,N,1.0,0.0,20260922,main,pass,pass,0,0,422292.0,0.01689,0.0138751998544,0.0307651998544,0.0147196998544,30.43502107582875,13.726288208708137,28.688900193421325,0.3137631038745232,0.14150812586297049,0.2957618576641374,AlphaSparse 248af573c867cf4c7e05d40c611c7c34ebac4715,CUDA,13040,13000,2026-10-06T03:34:11.640893+00:00,derived,csr-alg5,0,0,,,,5,20,4,true
3,A100-SXM4-80GB-suitesparse_all-fp64-n2-row-major-AlphaSparse-SpMM-CSR-pre-plus-solve,AlphaSparse-SpMM-CSR-best-pre-plus-solve,AlphaSparseLib CSR PER MATRIX BEST,per-matrix-best,AlphaSparse-SpMM-CSR,best,pre-plus-solve,"csr-alg1,csr-alg2,csr-alg3,csr-alg4,csr-alg5",manual-selection,csr,ALPHASPARSE_SPMM_CSR_ALG3,workspace-setup,spmm.csr.fp64,fp64,A100-SXM4-80GB,A100-SXM4-80GB,,9700.0,018f64fd-81d1-5f6a-986f-7d386c913e5c,suitesparse_all,Rajat/rajat10,rajat10,30202,30202,130303,2,row-major,N,N,1.0,0.0,20260922,main,pass,pass,0,0,521212.0,0.01322,0.0182272002101,0.0314472002101,0.0188882002101,28.59528583612022,16.574194094156613,27.59458255431318,0.2947967611971157,0.17086798035213002,0.2844802325186926,AlphaSparse 248af573c867cf4c7e05d40c611c7c34ebac4715,CUDA,13040,13000,2026-10-06T21:53:30.192668+00:00,derived,csr-alg3,0,0,,,,5,20,4,true
3,A100-SXM4-80GB-suitesparse_all-fp64-n2-row-major-AlphaSparse-SpMM-CSR-pre-plus-solve,AlphaSparse-SpMM-CSR-best-pre-plus-solve,AlphaSparseLib CSR PER MATRIX BEST,per-matrix-best,AlphaSparse-SpMM-CSR,best,pre-plus-solve,"csr-alg1,csr-alg2,csr-alg3,csr-alg4,csr-alg5",manual-selection,csr,ALPHASPARSE_SPMM_CSR_ALG3,workspace-setup,spmm.csr.fp64,fp64,A100-SXM4-80GB,A100-SXM4-80GB,,9700.0,752b02ae-c4ef-54eb-ad5c-0957985c94ee,suitesparse_all,Rajat/rajat12,rajat12,1879,1879,12926,2,row-major,N,N,1.0,0.0,20260922,main,pass,pass,0,0,51704.0,0.013171,0.0144896000624,0.0276606000624,0.0151481500624,3.568352458130991,1.869229152055997,3.4132220625630816,0.03678713874361846,0.01927040362944327,0.03518785631508332,AlphaSparse 248af573c867cf4c7e05d40c611c7c34ebac4715,CUDA,13040,13000,2026-10-08T05:56:01.888346+00:00,derived,csr-alg3,0,0,,,,5,20,4,true
3,A100-SXM4-80GB-suitesparse_all-fp64-n2-row-major-AlphaSparse-SpMM-CSR-pre-plus-solve,AlphaSparse-SpMM-CSR-best-pre-plus-solve,AlphaSparseLib CSR PER MATRIX BEST,per-matrix-best,AlphaSparse-SpMM-CSR,best,pre-plus-solve,"csr-alg1,csr-alg2,csr-alg3,csr-alg4,csr-alg5",manual-selection,csr,ALPHASPARSE_SPMM_CSR_ALG5,workspace-setup,spmm.csr.fp64,fp64,A100-SXM4-80GB,A100-SXM4-80GB,,9700.0,152f8cc9-7213-5fba-8430-8cd9341fa530,suitesparse_all,Rajat/rajat13,rajat13,7598,7598,48922,2,row-major,N,N,1.0,0.0,20260922,main,pass,pass,0,0,195688.0,0.02124,0.0154111996293,0.0366511996293,0.0164731996293,12.697778544634195,5.339197679182143,11.879173712673294,0.13090493344983706,0.055043275043114875,0.12246570837807519,AlphaSparse 248af573c867cf4c7e05d40c611c7c34ebac4715,CUDA,13040,13000,2026-10-08T02:20:55.301393+00:00,derived,csr-alg5,0,0,,,,5,20,4,true
3,A100-SXM4-80GB-suitesparse_all-fp64-n2-row-major-AlphaSparse-SpMM-CSR-pre-plus-solve,AlphaSparse-SpMM-CSR-best-pre-plus-solve,AlphaSparseLib CSR PER MATRIX BEST,per-matrix-best,AlphaSparse-SpMM-CSR,best,pre-plus-solve,"csr-alg1,csr-alg2,csr-alg3,csr-alg4,csr-alg5",manual-selection,csr,ALPHASPARSE_SPMM_CSR_ALG3,workspace-setup,spmm.csr.fp64,fp64,A100-SXM4-80GB,A100-SXM4-80GB,,9700.0,a0827285-e98d-55a9-b486-73107367c8f5,suitesparse_all,Rajat/rajat14,rajat14,180,180,1503,2,row-major,N,N,1.0,0.0,20260922,main,pass,pass,0,0,6012.0,0.01689,0.0120208002627,0.0289108002627,0.0128653002627,0.5001330916923197,0.20794996836377902,0.46730351233468065,0.005156011254559997,0.0021438141068430825,0.004817561982831759,AlphaSparse 248af573c867cf4c7e05d40c611c7c34ebac4715,CUDA,13040,13000,2026-10-06T08:02:24.192005+00:00,derived,csr-alg3,0,0,,,,5,20,4,true
3,A100-SXM4-80GB-suitesparse_all-fp64-n2-row-major-AlphaSparse-SpMM-CSR-pre-plus-solve,AlphaSparse-SpMM-CSR-best-pre-plus-solve,AlphaSparseLib CSR PER MATRIX BEST,per-matrix-best,AlphaSparse-SpMM-CSR,best,pre-plus-solve,"csr-alg1,csr-alg2,csr-alg3,csr-alg4,csr-alg5",manual-selection,csr,ALPHASPARSE_SPMM_CSR_ALG5,workspace-setup,spmm.csr.fp64,fp64,A100-SXM4-80GB,A100-SXM4-80GB,,9700.0,752b02ae-c4ef-54eb-ad5c-0957985c94ee,suitesparse_all,Rajat/rajat15,rajat15,37261,37261,443573,2,row-major,N,N,1.0,0.0,20260922,main,pass,pass,0,0,1774292.0,0.014609,0.0247296005487,0.0393386005487,0.0254600505487,71.74770156541295,45.10307878907589,69.68925676742602,0.7396670264475562,0.46498019370181326,0.7184459460559383,AlphaSparse 248af573c867cf4c7e05d40c611c7c34ebac4715,CUDA,13040,13000,2026-10-08T07:59:50.126436+00:00,derived,csr-alg5,0,0,,,,5,20,4,true
3,A100-SXM4-80GB-suitesparse_all-fp64-n2-row-major-AlphaSparse-SpMM-CSR-pre-plus-solve,AlphaSparse-SpMM-CSR-best-pre-plus-solve,AlphaSparseLib CSR PER MATRIX BEST,per-matrix-best,AlphaSparse-SpMM-CSR,best,pre-plus-solve,"csr-alg1,csr-alg2,csr-alg3,csr-alg4,csr-alg5",manual-selection,csr,ALPHASPARSE_SPMM_CSR_ALG5,workspace-setup,spmm.csr.fp64,fp64,A100-SXM4-80GB,A100-SXM4-80GB,,9700.0,dd6a9a30-d69d-5ea7-834e-7b0f3242a57c,suitesparse_all,Rajat/rajat16,rajat16,94294,94294,641159,2,row-major,N,N,1.0,0.0,20260922,main,pass,pass,0,0,2564636.0,0.01476,0.0305664002895,0.0453264002895,0.0313044002895,83.90376281504726,56.58150622197337,81.9257349216883,0.8649872455159512,0.5833144971337462,0.84459520537823,AlphaSparse 248af573c867cf4c7e05d40c611c7c34ebac4715,CUDA,13040,13000,2026-10-06T22:22:26.581935+00:00,derived,csr-alg5,0,0,,,,5,20,4,true
3,A100-SXM4-80GB-suitesparse_all-fp64-n2-row-major-AlphaSparse-SpMM-CSR-pre-plus-solve,AlphaSparse-SpMM-CSR-best-pre-plus-solve,AlphaSparseLib CSR PER MATRIX BEST,per-matrix-best,AlphaSparse-SpMM-CSR,best,pre-plus-solve,"csr-alg1,csr-alg2,csr-alg3,csr-alg4,csr-alg5",manual-selection,csr,ALPHASPARSE_SPMM_CSR_ALG5,workspace-setup,spmm.csr.fp64,fp64,A100-SXM4-80GB,A100-SXM4-80GB,,9700.0,005fdebf-9ece-5bc0-9d3c-6fda0356699d,suitesparse_all,Rajat/rajat17,rajat17,94294,94294,641159,2,row-major,N,N,1.0,0.0,20260922,main,pass,pass,0,0,2564636.0,0.016371,0.0285695999861,0.0449405999861,0.0293881499861,89.76800519600468,57.067239885387266,87.26769127056386,0.9254433525361307,0.5883220606740955,0.8996669203150913,AlphaSparse 248af573c867cf4c7e05d40c611c7c34ebac4715,CUDA,13040,13000,2026-10-08T15:33:02.402815+00:00,derived,csr-alg5,0,0,,,,5,20,4,true
3,A100-SXM4-80GB-suitesparse_all-fp64-n2-row-major-AlphaSparse-SpMM-CSR-pre-plus-solve,AlphaSparse-SpMM-CSR-best-pre-plus-solve,AlphaSparseLib CSR PER MATRIX BEST,per-matrix-best,AlphaSparse-SpMM-CSR,best,pre-plus-solve,"csr-alg1,csr-alg2,csr-alg3,csr-alg4,csr-alg5",manual-selection,csr,ALPHASPARSE_SPMM_CSR_ALG5,workspace-setup,spmm.csr.fp64,fp64,A100-SXM4-80GB,A100-SXM4-80GB,,9700.0,d94c6f41-d28e-5f45-abb9-189a8a3b4f78,suitesparse_all,Rajat/rajat18,rajat18,94294,94294,485143,2,row-major,N,N,1.0,0.0,20260922,main,pass,pass,0,0,1940572.0,0.01978,0.0275088012218,0.0472888012218,0.0284978012218,70.54367743448405,41.03660803110826,68.09549918944336,0.7272544065410727,0.42305781475369336,0.7020154555612718,AlphaSparse 248af573c867cf4c7e05d40c611c7c34ebac4715,CUDA,13040,13000,2026-10-06T03:34:51.047960+00:00,derived,csr-alg5,0,0,,,,5,20,4,true
3,A100-SXM4-80GB-suitesparse_all-fp64-n2-row-major-AlphaSparse-SpMM-CSR-pre-plus-solve,AlphaSparse-SpMM-CSR-best-pre-plus-solve,AlphaSparseLib CSR PER MATRIX BEST,per-matrix-best,AlphaSparse-SpMM-CSR,best,pre-plus-solve,"csr-alg1,csr-alg2,csr-alg3,csr-alg4,csr-alg5",manual-selection,csr,ALPHASPARSE_SPMM_CSR_ALG2,workspace-setup,spmm.csr.fp64,fp64,A100-SXM4-80GB,A100-SXM4-80GB,,9700.0,018f64fd-81d1-5f6a-986f-7d386c913e5c,suitesparse_all,Rajat/rajat19,rajat19,1157,1157,5399,2,row-major,N,N,1.0,0.0,20260922,main,pass,pass,0,0,21596.0,0.011789,0.0152367994189,0.0270257994189,0.0158262494189,1.4173580294830115,0.7990882957895865,1.364568409632775,0.01461193844827847,0.00823802366793388,0.014067715563224486,AlphaSparse 248af573c867cf4c7e05d40c611c7c34ebac4715,CUDA,13040,13000,2026-10-06T21:16:25.675809+00:00,derived,csr-alg2,0,0,,,,5,20,4,true
3,A100-SXM4-80GB-suitesparse_all-fp64-n2-row-major-AlphaSparse-SpMM-CSR-pre-plus-solve,AlphaSparse-SpMM-CSR-best-pre-plus-solve,AlphaSparseLib CSR PER MATRIX BEST,per-matrix-best,AlphaSparse-SpMM-CSR,best,pre-plus-solve,"csr-alg1,csr-alg2,csr-alg3,csr-alg4,csr-alg5",manual-selection,csr,ALPHASPARSE_SPMM_CSR_ALG5,workspace-setup,spmm.csr.fp64,fp64,A100-SXM4-80GB,A100-SXM4-80GB,,9700.0,d94c6f41-d28e-5f45-abb9-189a8a3b4f78,suitesparse_all,Rajat/rajat20,rajat20,86916,86916,605045,2,row-major,N,N,1.0,0.0,20260922,main,pass,pass,0,0,2420180.0,0.01509,0.0301311999559,0.0452211999559,0.0308856999559,80.32139455256258,53.51870366907943,78.359240796085,0.8280556139439441,0.5517392130832931,0.8078272247019073,AlphaSparse 248af573c867cf4c7e05d40c611c7c34ebac4715,CUDA,13040,13000,2026-10-06T03:35:03.844766+00:00,derived,csr-alg5,0,0,,,,5,20,4,true
3,A100-SXM4-80GB-suitesparse_all-fp64-n2-row-major-AlphaSparse-SpMM-CSR-pre-plus-solve,AlphaSparse-SpMM-CSR-best-pre-plus-solve,AlphaSparseLib CSR PER MATRIX BEST,per-matrix-best,AlphaSparse-SpMM-CSR,best,pre-plus-solve,"csr-alg1,csr-alg2,csr-alg3,csr-alg4,csr-alg5",manual-selection,csr,ALPHASPARSE_SPMM_CSR_ALG5,workspace-setup,spmm.csr.fp64,fp64,A100-SXM4-80GB,A100-SXM4-80GB,,9700.0,018f64fd-81d1-5f6a-986f-7d386c913e5c,suitesparse_all,Rajat/rajat21,rajat21,411676,411676,1893370,2,row-major,N,N,1.0,0.0,20260922,main,pass,pass,0,0,7573480.0,0.023091,0.0863232016563,0.109414201656,0.0874777516563,87.73400261674928,69.2184367785376,86.57607056198923,0.9044742537809205,0.713592131737501,0.8925368099174148,AlphaSparse 248af573c867cf4c7e05d40c611c7c34ebac4715,CUDA,13040,13000,2026-10-06T23:09:24.406381+00:00,derived,csr-alg5,0,0,,,,5,20,4,true
3,A100-SXM4-80GB-suitesparse_all-fp64-n2-row-major-AlphaSparse-SpMM-CSR-pre-plus-solve,AlphaSparse-SpMM-CSR-best-pre-plus-solve,AlphaSparseLib CSR PER MATRIX BEST,per-matrix-best,AlphaSparse-SpMM-CSR,best,pre-plus-solve,"csr-alg1,csr-alg2,csr-alg3,csr-alg4,csr-alg5",manual-selection,csr,ALPHASPARSE_SPMM_CSR_ALG5,workspace-setup,spmm.csr.fp64,fp64,A100-SXM4-80GB,A100-SXM4-80GB,,9700.0,752b02ae-c4ef-54eb-ad5c-0957985c94ee,suitesparse_all,Rajat/rajat23,rajat23,110355,110355,556938,2,row-major,N,N,1.0,0.0,20260922,main,pass,pass,0,0,2227752.0,0.01488,0.029542401433,0.044422401433,0.030286401433,75.40862935778523,50.149292432107764,73.5561801532699,0.7774085500802601,0.5170030147639976,0.7583111356007207,AlphaSparse 248af573c867cf4c7e05d40c611c7c34ebac4715,CUDA,13040,13000,2026-10-08T08:00:05.707704+00:00,derived,csr-alg5,0,0,,,,5,20,4,true
3,A100-SXM4-80GB-suitesparse_all-fp64-n2-row-major-AlphaSparse-SpMM-CSR-pre-plus-solve,AlphaSparse-SpMM-CSR-best-pre-plus-solve,AlphaSparseLib CSR PER MATRIX BEST,per-matrix-best,AlphaSparse-SpMM-CSR,best,pre-plus-solve,"csr-alg1,csr-alg2,csr-alg3,csr-alg4,csr-alg5",manual-selection,csr,ALPHASPARSE_SPMM_CSR_ALG5,workspace-setup,spmm.csr.fp64,fp64,A100-SXM4-80GB,A100-SXM4-80GB,,9700.0,152f8cc9-7213-5fba-8430-8cd9341fa530,suitesparse_all,Rajat/rajat24,rajat24,358172,358172,1948235,2,row-major,N,N,1.0,0.0,20260922,main,pass,pass,0,0,7792940.0,0.03046,0.0850431978703,0.11550319787,0.0865661978703,91.63507717436812,67.46947395145745,90.02289798699454,0.9446915172615269,0.6955615871284273,0.9280711132679849,AlphaSparse 248af573c867cf4c7e05d40c611c7c34ebac4715,CUDA,13040,13000,2026-10-08T02:21:33.327155+00:00,derived,csr-alg5,0,0,,,,5,20,4,true
3,A100-SXM4-80GB-suitesparse_all-fp64-n2-row-major-AlphaSparse-SpMM-CSR-pre-plus-solve,AlphaSparse-SpMM-CSR-best-pre-plus-solve,AlphaSparseLib CSR PER MATRIX BEST,per-matrix-best,AlphaSparse-SpMM-CSR,best,pre-plus-solve,"csr-alg1,csr-alg2,csr-alg3,csr-alg4,csr-alg5",manual-selection,csr,ALPHASPARSE_SPMM_CSR_ALG2,workspace-setup,spmm.csr.fp64,fp64,A100-SXM4-80GB,A100-SXM4-80GB,,9700.0,a0827285-e98d-55a9-b486-73107367c8f5,suitesparse_all,Rajat/rajat25,rajat25,87190,87190,607235,2,row-major,N,N,1.0,0.0,20260922,main,pass,pass,0,0,2428940.0,0.02021,0.0394751995802,0.0596851995802,0.0404856995802,61.53078453891616,40.69585118394708,59.99501120607784,0.63433798493728,0.4195448575664647,0.618505270165751,AlphaSparse 248af573c867cf4c7e05d40c611c7c34ebac4715,CUDA,13040,13000,2026-10-06T07:34:31.285450+00:00,derived,csr-alg2,0,0,,,,5,20,4,true
3,A100-SXM4-80GB-suitesparse_all-fp64-n2-row-major-AlphaSparse-SpMM-CSR-pre-plus-solve,AlphaSparse-SpMM-CSR-best-pre-plus-solve,AlphaSparseLib CSR PER MATRIX BEST,per-matrix-best,AlphaSparse-SpMM-CSR,best,pre-plus-solve,"csr-alg1,csr-alg2,csr-alg3,csr-alg4,csr-alg5",manual-selection,csr,ALPHASPARSE_SPMM_CSR_ALG5,workspace-setup,spmm.csr.fp64,fp64,A100-SXM4-80GB,A100-SXM4-80GB,,9700.0,dd6a9a30-d69d-5ea7-834e-7b0f3242a57c,suitesparse_all,Rajat/rajat26,rajat26,51032,51032,249302,2,row-major,N,N,1.0,0.0,20260922,main,pass,pass,0,0,997208.0,0.01506,0.0211392000318,0.0361992000318,0.0218922000318,47.17340289603607,27.547791087205802,45.55083539121164,0.48632374119624816,0.28399784625985364,0.4695962411465118,AlphaSparse 248af573c867cf4c7e05d40c611c7c34ebac4715,CUDA,13040,13000,2026-10-06T22:22:38.965228+00:00,derived,csr-alg5,0,0,,,,5,20,4,true
3,A100-SXM4-80GB-suitesparse_all-fp64-n2-row-major-AlphaSparse-SpMM-CSR-pre-plus-solve,AlphaSparse-SpMM-CSR-best-pre-plus-solve,AlphaSparseLib CSR PER MATRIX BEST,per-matrix-best,AlphaSparse-SpMM-CSR,best,pre-plus-solve,"csr-alg1,csr-alg2,csr-alg3,csr-alg4,csr-alg5",manual-selection,csr,ALPHASPARSE_SPMM_CSR_ALG5,workspace-setup,spmm.csr.fp64,fp64,A100-SXM4-80GB,A100-SXM4-80GB,,9700.0,005fdebf-9ece-5bc0-9d3c-6fda0356699d,suitesparse_all,Rajat/rajat27,rajat27,20640,20640,99777,2,row-major,N,N,1.0,0.0,20260922,main,pass,pass,0,0,399108.0,0.013989,0.0164976000786,0.0304866000786,0.0171970500786,24.191882340371816,13.091259732834327,23.207933812825825,0.2494008488698125,0.1349614405446838,0.2392570496167611,AlphaSparse 248af573c867cf4c7e05d40c611c7c34ebac4715,CUDA,13040,13000,2026-10-08T15:33:08.060362+00:00,derived,csr-alg5,0,0,,,,5,20,4,true
3,A100-SXM4-80GB-suitesparse_all-fp64-n2-row-major-AlphaSparse-SpMM-CSR-pre-plus-solve,AlphaSparse-SpMM-CSR-best-pre-plus-solve,AlphaSparseLib CSR PER MATRIX BEST,per-matrix-best,AlphaSparse-SpMM-CSR,best,pre-plus-solve,"csr-alg1,csr-alg2,csr-alg3,csr-alg4,csr-alg5",manual-selection,csr,ALPHASPARSE_SPMM_CSR_ALG5,workspace-setup,spmm.csr.fp64,fp64,A100-SXM4-80GB,A100-SXM4-80GB,,9700.0,d94c6f41-d28e-5f45-abb9-189a8a3b4f78,suitesparse_all,Rajat/rajat28,rajat28,87190,87190,607235,2,row-major,N,N,1.0,0.0,20260922,main,pass,pass,0,0,2428940.0,0.01559,0.0294447988272,0.0450347988272,0.0302242988272,82.49130905103132,53.9347363206822,80.36381634150943,0.8504258665054776,0.5560282094915691,0.8284929519743242,AlphaSparse 248af573c867cf4c7e05d40c611c7c34ebac4715,CUDA,13040,13000,2026-10-06T03:35:05.188016+00:00,derived,csr-alg5,0,0,,,,5,20,4,true
3,A100-SXM4-80GB-suitesparse_all-fp64-n2-row-major-AlphaSparse-SpMM-CSR-pre-plus-solve,AlphaSparse-SpMM-CSR-best-pre-plus-solve,AlphaSparseLib CSR PER MATRIX BEST,per-matrix-best,AlphaSparse-SpMM-CSR,best,pre-plus-solve,"csr-alg1,csr-alg2,csr-alg3,csr-alg4,csr-alg5",manual-selection,csr,ALPHASPARSE_SPMM_CSR_ALG5,workspace-setup,spmm.csr.fp64,fp64,A100-SXM4-80GB,A100-SXM4-80GB,,9700.0,752b02ae-c4ef-54eb-ad5c-0957985c94ee,suitesparse_all,Rajat/rajat29,rajat29,643994,643994,4866270,2,row-major,N,N,1.0,0.0,20260922,main,pass,pass,0,0,19465080.0,0.397481,0.199577605724,0.597058605724,0.219451655724,97.53138349058392,32.601623715642496,88.69871560450127,1.0054781803152981,0.3360992135633247,0.9144197485000132,AlphaSparse 248af573c867cf4c7e05d40c611c7c34ebac4715,CUDA,13040,13000,2026-10-08T08:00:11.947851+00:00,derived,csr-alg5,0,0,,,,5,20,4,true
3,A100-SXM4-80GB-suitesparse_all-fp64-n2-row-major-AlphaSparse-SpMM-CSR-pre-plus-solve,AlphaSparse-SpMM-CSR-best-pre-plus-solve,AlphaSparseLib CSR PER MATRIX BEST,per-matrix-best,AlphaSparse-SpMM-CSR,best,pre-plus-solve,"csr-alg1,csr-alg2,csr-alg3,csr-alg4,csr-alg5",manual-selection,csr,ALPHASPARSE_SPMM_CSR_ALG2,workspace-setup,spmm.csr.fp64,fp64,A100-SXM4-80GB,A100-SXM4-80GB,,9700.0,152f8cc9-7213-5fba-8430-8cd9341fa530,suitesparse_all,Rajat/rajat30,rajat30,643994,643994,6175377,2,row-major,N,N,1.0,0.0,20260922,main,pass,pass,0,0,24701508.0,0.35946,1.71678714752,2.07624714752,1.73476014752,14.388218152543127,11.897190577482565,14.239148873297031,0.14833214590250646,0.12265144925239757,0.14679534920924775,AlphaSparse 248af573c867cf4c7e05d40c611c7c34ebac4715,CUDA,13040,13000,2026-10-07T23:25:35.360419+00:00,derived,csr-alg2,0,0,,,,5,20,4,true
3,A100-SXM4-80GB-suitesparse_all-fp64-n2-row-major-AlphaSparse-SpMM-CSR-pre-plus-solve,AlphaSparse-SpMM-CSR-best-pre-plus-solve,AlphaSparseLib CSR PER MATRIX BEST,per-matrix-best,AlphaSparse-SpMM-CSR,best,pre-plus-solve,"csr-alg1,csr-alg2,csr-alg3,csr-alg4,csr-alg5",manual-selection,csr,ALPHASPARSE_SPMM_CSR_ALG4,workspace-setup,spmm.csr.fp64,fp64,A100-SXM4-80GB,A100-SXM4-80GB,,9700.0,a0827285-e98d-55a9-b486-73107367c8f5,suitesparse_all,Rajat/rajat31,rajat31,4690002,4690002,20316253,2,row-major,N,N,1.0,0.0,20260922,main,pass,pass,0,0,81265012.0,0.44146,1.51511039734,1.95657039734,1.53718339734,53.636363490523685,41.53441762713039,52.866178583911356,0.5529522009332339,0.4281898724446432,0.5450121503496016,AlphaSparse 248af573c867cf4c7e05d40c611c7c34ebac4715,CUDA,13040,13000,2026-10-06T08:30:59.675103+00:00,derived,csr-alg4,0,0,,,,5,20,4,true
3,A100-SXM4-80GB-suitesparse_all-fp64-n2-row-major-AlphaSparse-SpMM-CSR-pre-plus-solve,AlphaSparse-SpMM-CSR-best-pre-plus-solve,AlphaSparseLib CSR PER MATRIX BEST,per-matrix-best,AlphaSparse-SpMM-CSR,best,pre-plus-solve,"csr-alg1,csr-alg2,csr-alg3,csr-alg4,csr-alg5",manual-selection,csr,ALPHASPARSE_SPMM_CSR_ALG1,workspace-setup,spmm.csr.fp64,fp64,A100-SXM4-80GB,A100-SXM4-80GB,,9700.0,dd6a9a30-d69d-5ea7-834e-7b0f3242a57c,suitesparse_all,Raju/laminar_duct3D,laminar_duct3D,67173,67173,3833077,2,row-major,N,N,1.0,0.0,20260922,main,pass,pass,0,0,15332308.0,0.01858,0.067584002018,0.086164002018,0.068513002018,226.86297854803666,177.94331322722243,223.78683678131395,2.3387935932787283,1.834467146672396,2.3070807915599376,AlphaSparse 248af573c867cf4c7e05d40c611c7c34ebac4715,CUDA,13040,13000,2026-10-06T19:52:11.722577+00:00,derived,csr-alg1,0,0,,,,5,20,4,true
3,A100-SXM4-80GB-suitesparse_all-fp64-n2-row-major-AlphaSparse-SpMM-CSR-pre-plus-solve,AlphaSparse-SpMM-CSR-best-pre-plus-solve,AlphaSparseLib CSR PER MATRIX BEST,per-matrix-best,AlphaSparse-SpMM-CSR,best,pre-plus-solve,"csr-alg1,csr-alg2,csr-alg3,csr-alg4,csr-alg5",manual-selection,csr,ALPHASPARSE_SPMM_CSR_ALG5,workspace-setup,spmm.csr.fp64,fp64,A100-SXM4-80GB,A100-SXM4-80GB,,9700.0,d94c6f41-d28e-5f45-abb9-189a8a3b4f78,suitesparse_all,Rommes/bauru5727,bauru5727,40366,40366,145019,2,row-major,N,N,1.0,0.0,20260922,main,pass,pass,0,0,580076.0,0.0149,0.0133120000362,0.0282120000362,0.0140570000362,43.575420554580056,20.561321397124633,41.26598836922325,0.4492311397379387,0.21197238553736733,0.4254225605074562,AlphaSparse 248af573c867cf4c7e05d40c611c7c34ebac4715,CUDA,13040,13000,2026-10-06T03:43:49.506227+00:00,derived,csr-alg5,0,0,,,,5,20,4,true
3,A100-SXM4-80GB-suitesparse_all-fp64-n2-row-major-AlphaSparse-SpMM-CSR-pre-plus-solve,AlphaSparse-SpMM-CSR-best-pre-plus-solve,AlphaSparseLib CSR PER MATRIX BEST,per-matrix-best,AlphaSparse-SpMM-CSR,best,pre-plus-solve,"csr-alg1,csr-alg2,csr-alg3,csr-alg4,csr-alg5",manual-selection,csr,ALPHASPARSE_SPMM_CSR_ALG5,workspace-setup,spmm.csr.fp64,fp64,A100-SXM4-80GB,A100-SXM4-80GB,,9700.0,d94c6f41-d28e-5f45-abb9-189a8a3b4f78,suitesparse_all,Rommes/bips07_1693,bips07_1693,13275,13275,49044,2,row-major,N,N,1.0,0.0,20260922,main,pass,pass,0,0,196176.0,0.012889,0.0117760002613,0.0246650002613,0.0124204502613,16.658967021655222,7.9536184034753505,15.794596481840186,0.17174192805830124,0.0819960660152098,0.16283089156536273,AlphaSparse 248af573c867cf4c7e05d40c611c7c34ebac4715,CUDA,13040,13000,2026-10-06T03:43:50.138241+00:00,derived,csr-alg5,0,0,,,,5,20,4,true
3,A100-SXM4-80GB-suitesparse_all-fp64-n2-row-major-AlphaSparse-SpMM-CSR-pre-plus-solve,AlphaSparse-SpMM-CSR-best-pre-plus-solve,AlphaSparseLib CSR PER MATRIX BEST,per-matrix-best,AlphaSparse-SpMM-CSR,best,pre-plus-solve,"csr-alg1,csr-alg2,csr-alg3,csr-alg4,csr-alg5",manual-selection,csr,ALPHASPARSE_SPMM_CSR_ALG5,workspace-setup,spmm.csr.fp64,fp64,A100-SXM4-80GB,A100-SXM4-80GB,,9700.0,018f64fd-81d1-5f6a-986f-7d386c913e5c,suitesparse_all,Rommes/bips07_1998,bips07_1998,15066,15066,62198,2,row-major,N,N,1.0,0.0,20260922,main,pass,pass,0,0,248792.0,0.01309,0.014899200201,0.027989200201,0.015553700201,16.69834599465961,8.888857066773603,15.995679277912553,0.17214789685216095,0.0916377017193155,0.1649039100815727,AlphaSparse 248af573c867cf4c7e05d40c611c7c34ebac4715,CUDA,13040,13000,2026-10-06T23:14:28.607734+00:00,derived,csr-alg5,0,0,,,,5,20,4,true
3,A100-SXM4-80GB-suitesparse_all-fp64-n2-row-major-AlphaSparse-SpMM-CSR-pre-plus-solve,AlphaSparse-SpMM-CSR-best-pre-plus-solve,AlphaSparseLib CSR PER MATRIX BEST,per-matrix-best,AlphaSparse-SpMM-CSR,best,pre-plus-solve,"csr-alg1,csr-alg2,csr-alg3,csr-alg4,csr-alg5",manual-selection,csr,ALPHASPARSE_SPMM_CSR_ALG5,workspace-setup,spmm.csr.fp64,fp64,A100-SXM4-80GB,A100-SXM4-80GB,,9700.0,752b02ae-c4ef-54eb-ad5c-0957985c94ee,suitesparse_all,Rommes/bips07_3078,bips07_3078,21128,21128,75729,2,row-major,N,N,1.0,0.0,20260922,main,pass,pass,0,0,302916.0,0.01358,0.0153600007296,0.0289400007296,0.0160390007296,19.72109281324809,10.46703498145305,18.886213992182697,0.20331023518812466,0.10790757712838196,0.1947032370328113,AlphaSparse 248af573c867cf4c7e05d40c611c7c34ebac4715,CUDA,13040,13000,2026-10-08T08:03:45.644059+00:00,derived,csr-alg5,0,0,,,,5,20,4,true
3,A100-SXM4-80GB-suitesparse_all-fp64-n2-row-major-AlphaSparse-SpMM-CSR-pre-plus-solve,AlphaSparse-SpMM-CSR-best-pre-plus-solve,AlphaSparseLib CSR PER MATRIX BEST,per-matrix-best,AlphaSparse-SpMM-CSR,best,pre-plus-solve,"csr-alg1,csr-alg2,csr-alg3,csr-alg4,csr-alg5",manual-selection,csr,ALPHASPARSE_SPMM_CSR_ALG1,workspace-setup,spmm.csr.fp64,fp64,A100-SXM4-80GB,A100-SXM4-80GB,,9700.0,dd6a9a30-d69d-5ea7-834e-7b0f3242a57c,suitesparse_all,Rommes/bips98_1142,bips98_1142,9735,9735,40983,2,row-major,N,N,1.0,0.0,20260922,main,pass,pass,0,0,163932.0,0.01437,0.0132607996464,0.0276307996464,0.0139792996464,12.362150426162554,5.932944471310609,11.726767731330257,0.12744484975425313,0.06116437599289287,0.12089451269412636,AlphaSparse 248af573c867cf4c7e05d40c611c7c34ebac4715,CUDA,13040,13000,2026-10-06T19:57:07.748129+00:00,derived,csr-alg1,0,0,,,,5,20,4,true
3,A100-SXM4-80GB-suitesparse_all-fp64-n2-row-major-AlphaSparse-SpMM-CSR-pre-plus-solve,AlphaSparse-SpMM-CSR-best-pre-plus-solve,AlphaSparseLib CSR PER MATRIX BEST,per-matrix-best,AlphaSparse-SpMM-CSR,best,pre-plus-solve,"csr-alg1,csr-alg2,csr-alg3,csr-alg4,csr-alg5",manual-selection,csr,ALPHASPARSE_SPMM_CSR_ALG1,workspace-setup,spmm.csr.fp64,fp64,A100-SXM4-80GB,A100-SXM4-80GB,,9700.0,005fdebf-9ece-5bc0-9d3c-6fda0356699d,suitesparse_all,Rommes/bips98_1450,bips98_1450,11305,11305,44678,2,row-major,N,N,1.0,0.0,20260922,main,pass,pass,0,0,178712.0,0.01468,0.0110592000186,0.0257392000186,0.0117932000186,16.159577519118187,6.943183932323334,15.153817430225807,0.16659358267132152,0.07157921579714777,0.1562249219610908,AlphaSparse 248af573c867cf4c7e05d40c611c7c34ebac4715,CUDA,13040,13000,2026-10-08T14:01:00.136800+00:00,derived,csr-alg1,0,0,,,,5,20,4,true
3,A100-SXM4-80GB-suitesparse_all-fp64-n2-row-major-AlphaSparse-SpMM-CSR-pre-plus-solve,AlphaSparse-SpMM-CSR-best-pre-plus-solve,AlphaSparseLib CSR PER MATRIX BEST,per-matrix-best,AlphaSparse-SpMM-CSR,best,pre-plus-solve,"csr-alg1,csr-alg2,csr-alg3,csr-alg4,csr-alg5",manual-selection,csr,ALPHASPARSE_SPMM_CSR_ALG2,workspace-setup,spmm.csr.fp64,fp64,A100-SXM4-80GB,A100-SXM4-80GB,,9700.0,a0827285-e98d-55a9-b486-73107367c8f5,suitesparse_all,Rommes/bips98_606,bips98_606,7135,7135,34738,2,row-major,N,N,1.0,0.0,20260922,main,pass,pass,0,0,138952.0,0.01921,0.0133632004261,0.0325732004261,0.0143237004261,10.398107905993042,4.265838117910625,9.700845163363507,0.10719698872157775,0.04397771255577964,0.10000871302436605,AlphaSparse 248af573c867cf4c7e05d40c611c7c34ebac4715,CUDA,13040,13000,2026-10-06T07:38:37.612623+00:00,derived,csr-alg2,0,0,,,,5,20,4,true
3,A100-SXM4-80GB-suitesparse_all-fp64-n2-row-major-AlphaSparse-SpMM-CSR-pre-plus-solve,AlphaSparse-SpMM-CSR-best-pre-plus-solve,AlphaSparseLib CSR PER MATRIX BEST,per-matrix-best,AlphaSparse-SpMM-CSR,best,pre-plus-solve,"csr-alg1,csr-alg2,csr-alg3,csr-alg4,csr-alg5",manual-selection,csr,ALPHASPARSE_SPMM_CSR_ALG1,workspace-setup,spmm.csr.fp64,fp64,A100-SXM4-80GB,A100-SXM4-80GB,,9700.0,005fdebf-9ece-5bc0-9d3c-6fda0356699d,suitesparse_all,Rommes/juba40k,juba40k,40337,40337,144945,2,row-major,N,N,1.0,0.0,20260922,main,pass,pass,0,0,579780.0,0.01437,0.0129536002874,0.0273236002874,0.0136721002874,44.758212939761115,21.219019232518917,42.406066940155235,0.46142487566764034,0.2187527755929785,0.4371759478366519,AlphaSparse 248af573c867cf4c7e05d40c611c7c34ebac4715,CUDA,13040,13000,2026-10-08T14:00:59.334050+00:00,derived,csr-alg1,0,0,,,,5,20,4,true
3,A100-SXM4-80GB-suitesparse_all-fp64-n2-row-major-AlphaSparse-SpMM-CSR-pre-plus-solve,AlphaSparse-SpMM-CSR-best-pre-plus-solve,AlphaSparseLib CSR PER MATRIX BEST,per-matrix-best,AlphaSparse-SpMM-CSR,best,pre-plus-solve,"csr-alg1,csr-alg2,csr-alg3,csr-alg4,csr-alg5",manual-selection,csr,ALPHASPARSE_SPMM_CSR_ALG1,workspace-setup,spmm.csr.fp64,fp64,A100-SXM4-80GB,A100-SXM4-80GB,,9700.0,d94c6f41-d28e-5f45-abb9-189a8a3b4f78,suitesparse_all,Rommes/M10PI_n,M10PI_n,682,682,1633,2,row-major,N,N,1.0,0.0,20260922,main,pass,pass,0,0,6532.0,0.0147,0.00640000030398,0.021100000304,0.00713500030398,1.0206249515235042,0.30957345525543456,0.9154869967358463,0.010521906716737157,0.003191478920159119,0.009438010275627282,AlphaSparse 248af573c867cf4c7e05d40c611c7c34ebac4715,CUDA,13040,13000,2026-10-06T02:00:58.135139+00:00,derived,csr-alg1,0,0,,,,5,20,4,true
3,A100-SXM4-80GB-suitesparse_all-fp64-n2-row-major-AlphaSparse-SpMM-CSR-pre-plus-solve,AlphaSparse-SpMM-CSR-best-pre-plus-solve,AlphaSparseLib CSR PER MATRIX BEST,per-matrix-best,AlphaSparse-SpMM-CSR,best,pre-plus-solve,"csr-alg1,csr-alg2,csr-alg3,csr-alg4,csr-alg5",manual-selection,csr,ALPHASPARSE_SPMM_CSR_ALG1,workspace-setup,spmm.csr.fp64,fp64,A100-SXM4-80GB,A100-SXM4-80GB,,9700.0,152f8cc9-7213-5fba-8430-8cd9341fa530,suitesparse_all,Rommes/M10PI_n1,M10PI_n1,528,528,1317,2,row-major,N,N,1.0,0.0,20260922,main,pass,pass,0,0,5268.0,0.0181,0.00629760026932,0.0243976002693,0.00720260026932,0.8365091105677348,0.21592287527674728,0.7314025217308572,0.008623805263584895,0.0022260090234716215,0.007540232182792342,AlphaSparse 248af573c867cf4c7e05d40c611c7c34ebac4715,CUDA,13040,13000,2026-10-07T22:30:46.455090+00:00,derived,csr-alg1,0,0,,,,5,20,4,true
3,A100-SXM4-80GB-suitesparse_all-fp64-n2-row-major-AlphaSparse-SpMM-CSR-pre-plus-solve,AlphaSparse-SpMM-CSR-best-pre-plus-solve,AlphaSparseLib CSR PER MATRIX BEST,per-matrix-best,AlphaSparse-SpMM-CSR,best,pre-plus-solve,"csr-alg1,csr-alg2,csr-alg3,csr-alg4,csr-alg5",manual-selection,csr,ALPHASPARSE_SPMM_CSR_ALG1,workspace-setup,spmm.csr.fp64,fp64,A100-SXM4-80GB,A100-SXM4-80GB,,9700.0,018f64fd-81d1-5f6a-986f-7d386c913e5c,suitesparse_all,Rommes/M20PI_n,M20PI_n,1182,1182,2881,2,row-major,N,N,1.0,0.0,20260922,main,pass,pass,0,0,11524.0,0.01431,0.00778239965439,0.0220923996544,0.00849789965439,1.4807772039179956,0.5216273551209653,1.356099797441915,0.015265744370288615,0.005377601599185209,0.01398041028290634,AlphaSparse 248af573c867cf4c7e05d40c611c7c34ebac4715,CUDA,13040,13000,2026-10-06T20:34:10.335087+00:00,derived,csr-alg1,0,0,,,,5,20,4,true
3,A100-SXM4-80GB-suitesparse_all-fp64-n2-row-major-AlphaSparse-SpMM-CSR-pre-plus-solve,AlphaSparse-SpMM-CSR-best-pre-plus-solve,AlphaSparseLib CSR PER MATRIX BEST,per-matrix-best,AlphaSparse-SpMM-CSR,best,pre-plus-solve,"csr-alg1,csr-alg2,csr-alg3,csr-alg4,csr-alg5",manual-selection,csr,ALPHASPARSE_SPMM_CSR_ALG1,workspace-setup,spmm.csr.fp64,fp64,A100-SXM4-80GB,A100-SXM4-80GB,,9700.0,a0827285-e98d-55a9-b486-73107367c8f5,suitesparse_all,Rommes/M20PI_n1,M20PI_n1,1028,1028,2547,2,row-major,N,N,1.0,0.0,20260922,main,pass,pass,0,0,10188.0,0.016071,0.00624639987946,0.0223173998795,0.00704994987946,1.6310194986877387,0.4565047924493368,1.4451166567414466,0.01681463400709009,0.0047062349737045026,0.014898109863313884,AlphaSparse 248af573c867cf4c7e05d40c611c7c34ebac4715,CUDA,13040,13000,2026-10-06T07:10:36.880930+00:00,derived,csr-alg1,0,0,,,,5,20,4,true
3,A100-SXM4-80GB-suitesparse_all-fp64-n2-row-major-AlphaSparse-SpMM-CSR-pre-plus-solve,AlphaSparse-SpMM-CSR-best-pre-plus-solve,AlphaSparseLib CSR PER MATRIX BEST,per-matrix-best,AlphaSparse-SpMM-CSR,best,pre-plus-solve,"csr-alg1,csr-alg2,csr-alg3,csr-alg4,csr-alg5",manual-selection,csr,ALPHASPARSE_SPMM_CSR_ALG1,workspace-setup,spmm.csr.fp64,fp64,A100-SXM4-80GB,A100-SXM4-80GB,,9700.0,dd6a9a30-d69d-5ea7-834e-7b0f3242a57c,suitesparse_all,Rommes/M40PI_n1,M40PI_n1,2028,2028,5007,2,row-major,N,N,1.0,0.0,20260922,main,pass,pass,0,0,20028.0,0.0125,0.00645119994879,0.0189511999488,0.00707619994879,3.104538715120199,1.0568196237762868,2.8303326849073427,0.03200555376412576,0.01089504766779677,0.029178687473271573,AlphaSparse 248af573c867cf4c7e05d40c611c7c34ebac4715,CUDA,13040,13000,2026-10-06T19:57:08.593037+00:00,derived,csr-alg1,0,0,,,,5,20,4,true
3,A100-SXM4-80GB-suitesparse_all-fp64-n2-row-major-AlphaSparse-SpMM-CSR-pre-plus-solve,AlphaSparse-SpMM-CSR-best-pre-plus-solve,AlphaSparseLib CSR PER MATRIX BEST,per-matrix-best,AlphaSparse-SpMM-CSR,best,pre-plus-solve,"csr-alg1,csr-alg2,csr-alg3,csr-alg4,csr-alg5",manual-selection,csr,ALPHASPARSE_SPMM_CSR_ALG5,workspace-setup,spmm.csr.fp64,fp64,A100-SXM4-80GB,A100-SXM4-80GB,,9700.0,752b02ae-c4ef-54eb-ad5c-0957985c94ee,suitesparse_all,Rommes/M80PI_n,M80PI_n,4182,4182,10261,2,row-major,N,N,1.0,0.0,20260922,main,pass,pass,0,0,41044.0,0.01193,0.0139264002442,0.0258564002442,0.0145229002442,2.9472081284676426,1.5873826059451885,2.826157262657761,0.030383588953274664,0.016364769133455553,0.0291356418830697,AlphaSparse 248af573c867cf4c7e05d40c611c7c34ebac4715,CUDA,13040,13000,2026-10-08T08:03:46.235991+00:00,derived,csr-alg5,0,0,,,,5,20,4,true
3,A100-SXM4-80GB-suitesparse_all-fp64-n2-row-major-AlphaSparse-SpMM-CSR-pre-plus-solve,AlphaSparse-SpMM-CSR-best-pre-plus-solve,AlphaSparseLib CSR PER MATRIX BEST,per-matrix-best,AlphaSparse-SpMM-CSR,best,pre-plus-solve,"csr-alg1,csr-alg2,csr-alg3,csr-alg4,csr-alg5",manual-selection,csr,ALPHASPARSE_SPMM_CSR_ALG1,workspace-setup,spmm.csr.fp64,fp64,A100-SXM4-80GB,A100-SXM4-80GB,,9700.0,005fdebf-9ece-5bc0-9d3c-6fda0356699d,suitesparse_all,Rommes/M80PI_n1,M80PI_n1,4028,4028,9927,2,row-major,N,N,1.0,0.0,20260922,main,pass,pass,0,0,39708.0,0.01357,0.00522239990532,0.0187923999053,0.00590089990532,7.6034008731407,2.112981854371947,6.729143120052072,0.0783855760117598,0.021783318086308734,0.0693726094850729,AlphaSparse 248af573c867cf4c7e05d40c611c7c34ebac4715,CUDA,13040,13000,2026-10-08T14:01:00.764258+00:00,derived,csr-alg1,0,0,,,,5,20,4,true
3,A100-SXM4-80GB-suitesparse_all-fp64-n2-row-major-AlphaSparse-SpMM-CSR-pre-plus-solve,AlphaSparse-SpMM-CSR-best-pre-plus-solve,AlphaSparseLib CSR PER MATRIX BEST,per-matrix-best,AlphaSparse-SpMM-CSR,best,pre-plus-solve,"csr-alg1,csr-alg2,csr-alg3,csr-alg4,csr-alg5",manual-selection,csr,ALPHASPARSE_SPMM_CSR_ALG5,workspace-setup,spmm.csr.fp64,fp64,A100-SXM4-80GB,A100-SXM4-80GB,,9700.0,a0827285-e98d-55a9-b486-73107367c8f5,suitesparse_all,Rommes/mimo28x28_system,mimo28x28_system,13251,13251,48737,2,row-major,N,N,1.0,0.0,20260922,main,pass,pass,0,0,194948.0,0.01633,0.0120832003653,0.0284132003653,0.0128997003653,16.13380512664865,6.861177111117789,15.112599089852287,0.16632788790359432,0.07073378465069886,0.1557999906170339,AlphaSparse 248af573c867cf4c7e05d40c611c7c34ebac4715,CUDA,13040,13000,2026-10-06T09:02:34.638997+00:00,derived,csr-alg5,0,0,,,,5,20,4,true
3,A100-SXM4-80GB-suitesparse_all-fp64-n2-row-major-AlphaSparse-SpMM-CSR-pre-plus-solve,AlphaSparse-SpMM-CSR-best-pre-plus-solve,AlphaSparseLib CSR PER MATRIX BEST,per-matrix-best,AlphaSparse-SpMM-CSR,best,pre-plus-solve,"csr-alg1,csr-alg2,csr-alg3,csr-alg4,csr-alg5",manual-selection,csr,ALPHASPARSE_SPMM_CSR_ALG1,workspace-setup,spmm.csr.fp64,fp64,A100-SXM4-80GB,A100-SXM4-80GB,,9700.0,dd6a9a30-d69d-5ea7-834e-7b0f3242a57c,suitesparse_all,Rommes/mimo46x46_system,mimo46x46_system,13250,13250,48735,2,row-major,N,N,1.0,0.0,20260922,main,pass,pass,0,0,194940.0,0.01302,0.0138239994645,0.0268439994645,0.0144749994645,14.101563046251956,7.261958124302584,13.467358011175834,0.1453769386211542,0.07486554767322252,0.13883874238325603,AlphaSparse 248af573c867cf4c7e05d40c611c7c34ebac4715,CUDA,13040,13000,2026-10-06T19:57:06.562279+00:00,derived,csr-alg1,0,0,,,,5,20,4,true
3,A100-SXM4-80GB-suitesparse_all-fp64-n2-row-major-AlphaSparse-SpMM-CSR-pre-plus-solve,AlphaSparse-SpMM-CSR-best-pre-plus-solve,AlphaSparseLib CSR PER MATRIX BEST,per-matrix-best,AlphaSparse-SpMM-CSR,best,pre-plus-solve,"csr-alg1,csr-alg2,csr-alg3,csr-alg4,csr-alg5",manual-selection,csr,ALPHASPARSE_SPMM_CSR_ALG1,workspace-setup,spmm.csr.fp64,fp64,A100-SXM4-80GB,A100-SXM4-80GB,,9700.0,152f8cc9-7213-5fba-8430-8cd9341fa530,suitesparse_all,Rommes/mimo8x8_system,mimo8x8_system,13309,13309,48872,2,row-major,N,N,1.0,0.0,20260922,main,pass,pass,0,0,195488.0,0.01861,0.0147967994213,0.0334067994213,0.0157272994213,13.211505707010863,5.851742860327944,12.429851735082005,0.13620108976299858,0.06032724598276231,0.128142801392598,AlphaSparse 248af573c867cf4c7e05d40c611c7c34ebac4715,CUDA,13040,13000,2026-10-07T22:30:44.981418+00:00,derived,csr-alg1,0,0,,,,5,20,4,true
3,A100-SXM4-80GB-suitesparse_all-fp64-n2-row-major-AlphaSparse-SpMM-CSR-pre-plus-solve,AlphaSparse-SpMM-CSR-best-pre-plus-solve,AlphaSparseLib CSR PER MATRIX BEST,per-matrix-best,AlphaSparse-SpMM-CSR,best,pre-plus-solve,"csr-alg1,csr-alg2,csr-alg3,csr-alg4,csr-alg5",manual-selection,csr,ALPHASPARSE_SPMM_CSR_ALG5,workspace-setup,spmm.csr.fp64,fp64,A100-SXM4-80GB,A100-SXM4-80GB,,9700.0,752b02ae-c4ef-54eb-ad5c-0957985c94ee,suitesparse_all,Rommes/nopss_11k,nopss_11k,11685,11685,44941,2,row-major,N,N,1.0,0.0,20260922,main,pass,pass,0,0,179764.0,0.013069,0.0146431997418,0.0277121997418,0.0152966497418,12.276278625555557,6.486818140562512,11.751854362512628,0.12655957345933563,0.06687441382023208,0.12115313775786214,AlphaSparse 248af573c867cf4c7e05d40c611c7c34ebac4715,CUDA,13040,13000,2026-10-08T08:03:44.999409+00:00,derived,csr-alg5,0,0,,,,5,20,4,true
3,A100-SXM4-80GB-suitesparse_all-fp64-n2-row-major-AlphaSparse-SpMM-CSR-pre-plus-solve,AlphaSparse-SpMM-CSR-best-pre-plus-solve,AlphaSparseLib CSR PER MATRIX BEST,per-matrix-best,AlphaSparse-SpMM-CSR,best,pre-plus-solve,"csr-alg1,csr-alg2,csr-alg3,csr-alg4,csr-alg5",manual-selection,csr,ALPHASPARSE_SPMM_CSR_ALG5,workspace-setup,spmm.csr.fp64,fp64,A100-SXM4-80GB,A100-SXM4-80GB,,9700.0,d94c6f41-d28e-5f45-abb9-189a8a3b4f78,suitesparse_all,Rommes/S10PI_n,S10PI_n,682,682,1633,2,row-major,N,N,1.0,0.0,20260922,main,pass,pass,0,0,6532.0,0.0122,0.0128511995077,0.0250511995077,0.0134611995077,0.5082794019411377,0.2607459973320741,0.48524650394369395,0.005239993834444719,0.0026881030652791144,0.0050025412777700414,AlphaSparse 248af573c867cf4c7e05d40c611c7c34ebac4715,CUDA,13040,13000,2026-10-06T03:43:51.421513+00:00,derived,csr-alg5,0,0,,,,5,20,4,true
3,A100-SXM4-80GB-suitesparse_all-fp64-n2-row-major-AlphaSparse-SpMM-CSR-pre-plus-solve,AlphaSparse-SpMM-CSR-best-pre-plus-solve,AlphaSparseLib CSR PER MATRIX BEST,per-matrix-best,AlphaSparse-SpMM-CSR,best,pre-plus-solve,"csr-alg1,csr-alg2,csr-alg3,csr-alg4,csr-alg5",manual-selection,csr,ALPHASPARSE_SPMM_CSR_ALG1,workspace-setup,spmm.csr.fp64,fp64,A100-SXM4-80GB,A100-SXM4-80GB,,9700.0,152f8cc9-7213-5fba-8430-8cd9341fa530,suitesparse_all,Rommes/S10PI_n1,S10PI_n1,528,528,1317,2,row-major,N,N,1.0,0.0,20260922,main,pass,pass,0,0,5268.0,0.018109,0.00629760026932,0.0244066002693,0.00720305026932,0.8365091105677348,0.21584325313126007,0.7313568284311477,0.008623805263584895,0.002225188176610929,0.007539761117846883,AlphaSparse 248af573c867cf4c7e05d40c611c7c34ebac4715,CUDA,13040,13000,2026-10-07T22:30:47.074962+00:00,derived,csr-alg1,0,0,,,,5,20,4,true
3,A100-SXM4-80GB-suitesparse_all-fp64-n2-row-major-AlphaSparse-SpMM-CSR-pre-plus-solve,AlphaSparse-SpMM-CSR-best-pre-plus-solve,AlphaSparseLib CSR PER MATRIX BEST,per-matrix-best,AlphaSparse-SpMM-CSR,best,pre-plus-solve,"csr-alg1,csr-alg2,csr-alg3,csr-alg4,csr-alg5",manual-selection,csr,ALPHASPARSE_SPMM_CSR_ALG1,workspace-setup,spmm.csr.fp64,fp64,A100-SXM4-80GB,A100-SXM4-80GB,,9700.0,018f64fd-81d1-5f6a-986f-7d386c913e5c,suitesparse_all,Rommes/S20PI_n,S20PI_n,1182,1182,2881,2,row-major,N,N,1.0,0.0,20260922,main,pass,pass,0,0,11524.0,0.01552,0.00778239965439,0.0233023996544,0.00855839965439,1.4807772039179956,0.4945413421327197,1.3465134213601262,0.015265744370288615,0.005098364351883708,0.013881581663506457,AlphaSparse 248af573c867cf4c7e05d40c611c7c34ebac4715,CUDA,13040,13000,2026-10-06T20:34:11.090634+00:00,derived,csr-alg1,0,0,,,,5,20,4,true
3,A100-SXM4-80GB-suitesparse_all-fp64-n2-row-major-AlphaSparse-SpMM-CSR-pre-plus-solve,AlphaSparse-SpMM-CSR-best-pre-plus-solve,AlphaSparseLib CSR PER MATRIX BEST,per-matrix-best,AlphaSparse-SpMM-CSR,best,pre-plus-solve,"csr-alg1,csr-alg2,csr-alg3,csr-alg4,csr-alg5",manual-selection,csr,ALPHASPARSE_SPMM_CSR_ALG1,workspace-setup,spmm.csr.fp64,fp64,A100-SXM4-80GB,A100-SXM4-80GB,,9700.0,a0827285-e98d-55a9-b486-73107367c8f5,suitesparse_all,Rommes/S20PI_n1,S20PI_n1,1028,1028,2547,2,row-major,N,N,1.0,0.0,20260922,main,pass,pass,0,0,10188.0,0.017709,0.00609279982746,0.0238017998275,0.00697824982746,1.672137652394733,0.42803485760892085,1.4599649270092572,0.01723853249891477,0.0044127304908136164,0.015051184814528424,AlphaSparse 248af573c867cf4c7e05d40c611c7c34ebac4715,CUDA,13040,13000,2026-10-06T07:10:37.562164+00:00,derived,csr-alg1,0,0,,,,5,20,4,true
3,A100-SXM4-80GB-suitesparse_all-fp64-n2-row-major-AlphaSparse-SpMM-CSR-pre-plus-solve,AlphaSparse-SpMM-CSR-best-pre-plus-solve,AlphaSparseLib CSR PER MATRIX BEST,per-matrix-best,AlphaSparse-SpMM-CSR,best,pre-plus-solve,"csr-alg1,csr-alg2,csr-alg3,csr-alg4,csr-alg5",manual-selection,csr,ALPHASPARSE_SPMM_CSR_ALG1,workspace-setup,spmm.csr.fp64,fp64,A100-SXM4-80GB,A100-SXM4-80GB,,9700.0,dd6a9a30-d69d-5ea7-834e-7b0f3242a57c,suitesparse_all,Rommes/S40PI_n1,S40PI_n1,2028,2028,5007,2,row-major,N,N,1.0,0.0,20260922,main,pass,pass,0,0,20028.0,0.01392,0.00640000030398,0.020320000304,0.00709600030398,3.1293748513644735,0.9856299065141982,2.822435053838246,0.03226159640581931,0.010161133056847405,0.029097268596270577,AlphaSparse 248af573c867cf4c7e05d40c611c7c34ebac4715,CUDA,13040,13000,2026-10-06T19:57:09.688830+00:00,derived,csr-alg1,0,0,,,,5,20,4,true
3,A100-SXM4-80GB-suitesparse_all-fp64-n2-row-major-AlphaSparse-SpMM-CSR-pre-plus-solve,AlphaSparse-SpMM-CSR-best-pre-plus-solve,AlphaSparseLib CSR PER MATRIX BEST,per-matrix-best,AlphaSparse-SpMM-CSR,best,pre-plus-solve,"csr-alg1,csr-alg2,csr-alg3,csr-alg4,csr-alg5",manual-selection,csr,ALPHASPARSE_SPMM_CSR_ALG1,workspace-setup,spmm.csr.fp64,fp64,A100-SXM4-80GB,A100-SXM4-80GB,,9700.0,752b02ae-c4ef-54eb-ad5c-0957985c94ee,suitesparse_all,Rommes/S80PI_n,S80PI_n,4182,4182,10261,2,row-major,N,N,1.0,0.0,20260922,main,pass,pass,0,0,41044.0,0.0165,0.00788479968905,0.0243847996891,0.00870979968905,5.205458809181896,1.6831797071659629,4.712393104929922,0.053664523805998926,0.01735236811511302,0.0485813722157724,AlphaSparse 248af573c867cf4c7e05d40c611c7c34ebac4715,CUDA,13040,13000,2026-10-08T03:39:59.803327+00:00,derived,csr-alg1,0,0,,,,5,20,4,true
3,A100-SXM4-80GB-suitesparse_all-fp64-n2-row-major-AlphaSparse-SpMM-CSR-pre-plus-solve,AlphaSparse-SpMM-CSR-best-pre-plus-solve,AlphaSparseLib CSR PER MATRIX BEST,per-matrix-best,AlphaSparse-SpMM-CSR,best,pre-plus-solve,"csr-alg1,csr-alg2,csr-alg3,csr-alg4,csr-alg5",manual-selection,csr,ALPHASPARSE_SPMM_CSR_ALG1,workspace-setup,spmm.csr.fp64,fp64,A100-SXM4-80GB,A100-SXM4-80GB,,9700.0,005fdebf-9ece-5bc0-9d3c-6fda0356699d,suitesparse_all,Rommes/S80PI_n1,S80PI_n1,4028,4028,9927,2,row-major,N,N,1.0,0.0,20260922,main,pass,pass,0,0,39708.0,0.01353,0.00640000030398,0.019930000304,0.00707650030398,6.20437470531159,1.9923732761825654,5.611248257513283,0.06396262582795453,0.02053993068229449,0.05784792018054931,AlphaSparse 248af573c867cf4c7e05d40c611c7c34ebac4715,CUDA,13040,13000,2026-10-08T14:01:01.539506+00:00,derived,csr-alg1,0,0,,,,5,20,4,true
3,A100-SXM4-80GB-suitesparse_all-fp64-n2-row-major-AlphaSparse-SpMM-CSR-pre-plus-solve,AlphaSparse-SpMM-CSR-best-pre-plus-solve,AlphaSparseLib CSR PER MATRIX BEST,per-matrix-best,AlphaSparse-SpMM-CSR,best,pre-plus-solve,"csr-alg1,csr-alg2,csr-alg3,csr-alg4,csr-alg5",manual-selection,csr,ALPHASPARSE_SPMM_CSR_ALG3,workspace-setup,spmm.csr.fp64,fp64,A100-SXM4-80GB,A100-SXM4-80GB,,9700.0,018f64fd-81d1-5f6a-986f-7d386c913e5c,suitesparse_all,Rommes/ww_36_pmec_36,ww_36_pmec_36,66,66,1194,2,row-major,N,N,1.0,0.0,20260922,main,pass,pass,0,0,4776.0,0.0112,0.0119808003306,0.0231808003306,0.0125408003306,0.3986378095127487,0.20603257574741296,0.3808369381614657,0.004109668139306688,0.002124047172653742,0.003926154001664595,AlphaSparse 248af573c867cf4c7e05d40c611c7c34ebac4715,CUDA,13040,13000,2026-10-06T21:59:13.572480+00:00,derived,csr-alg3,0,0,,,,5,20,4,true
3,A100-SXM4-80GB-suitesparse_all-fp64-n2-row-major-AlphaSparse-SpMM-CSR-pre-plus-solve,AlphaSparse-SpMM-CSR-best-pre-plus-solve,AlphaSparseLib CSR PER MATRIX BEST,per-matrix-best,AlphaSparse-SpMM-CSR,best,pre-plus-solve,"csr-alg1,csr-alg2,csr-alg3,csr-alg4,csr-alg5",manual-selection,csr,ALPHASPARSE_SPMM_CSR_ALG5,workspace-setup,spmm.csr.fp64,fp64,A100-SXM4-80GB,A100-SXM4-80GB,,9700.0,752b02ae-c4ef-54eb-ad5c-0957985c94ee,suitesparse_all,Rommes/xingo_afonso_itaipu,xingo_afonso_itaipu,13250,13250,48735,2,row-major,N,N,1.0,0.0,20260922,main,pass,pass,0,0,194940.0,0.01272,0.0149504005909,0.0276704005909,0.0155864005909,13.039115494915631,7.045073285426527,12.507056960528413,0.13442387108160445,0.07262962149924256,0.1289387315518393,AlphaSparse 248af573c867cf4c7e05d40c611c7c34ebac4715,CUDA,13040,13000,2026-10-08T08:03:44.356233+00:00,derived,csr-alg5,0,0,,,,5,20,4,true
3,A100-SXM4-80GB-suitesparse_all-fp64-n2-row-major-AlphaSparse-SpMM-CSR-pre-plus-solve,AlphaSparse-SpMM-CSR-best-pre-plus-solve,AlphaSparseLib CSR PER MATRIX BEST,per-matrix-best,AlphaSparse-SpMM-CSR,best,pre-plus-solve,"csr-alg1,csr-alg2,csr-alg3,csr-alg4,csr-alg5",manual-selection,csr,ALPHASPARSE_SPMM_CSR_ALG5,workspace-setup,spmm.csr.fp64,fp64,A100-SXM4-80GB,A100-SXM4-80GB,,9700.0,152f8cc9-7213-5fba-8430-8cd9341fa530,suitesparse_all,Rommes/xingo3012,xingo3012,20944,20944,74386,2,row-major,N,N,1.0,0.0,20260922,main,pass,pass,0,0,297544.0,0.02103,0.0156672000885,0.0366972000885,0.0167187000885,18.991523585532203,8.108084520956217,17.797077429761806,0.19578890294363097,0.08358850021604347,0.1834750250490908,AlphaSparse 248af573c867cf4c7e05d40c611c7c34ebac4715,CUDA,13040,13000,2026-10-08T02:25:25.531110+00:00,derived,csr-alg5,0,0,,,,5,20,4,true
3,A100-SXM4-80GB-suitesparse_all-fp64-n2-row-major-AlphaSparse-SpMM-CSR-pre-plus-solve,AlphaSparse-SpMM-CSR-best-pre-plus-solve,AlphaSparseLib CSR PER MATRIX BEST,per-matrix-best,AlphaSparse-SpMM-CSR,best,pre-plus-solve,"csr-alg1,csr-alg2,csr-alg3,csr-alg4,csr-alg5",manual-selection,csr,ALPHASPARSE_SPMM_CSR_ALG3,workspace-setup,spmm.csr.fp64,fp64,A100-SXM4-80GB,A100-SXM4-80GB,,9700.0,018f64fd-81d1-5f6a-986f-7d386c913e5c,suitesparse_all,Rommes/zeros_nopss_13k,zeros_nopss_13k,13296,13296,48827,2,row-major,N,N,1.0,0.0,20260922,main,pass,pass,0,0,195308.0,0.01188,0.0160768002272,0.0279568002272,0.0166708002272,12.148437328316271,6.986064156583237,11.715574377847583,0.12524162194140487,0.07202127996477563,0.12077911729739775,AlphaSparse 248af573c867cf4c7e05d40c611c7c34ebac4715,CUDA,13040,13000,2026-10-06T21:59:14.587191+00:00,derived,csr-alg3,0,0,,,,5,20,4,true
3,A100-SXM4-80GB-suitesparse_all-fp64-n2-row-major-AlphaSparse-SpMM-CSR-pre-plus-solve,AlphaSparse-SpMM-CSR-best-pre-plus-solve,AlphaSparseLib CSR PER MATRIX BEST,per-matrix-best,AlphaSparse-SpMM-CSR,best,pre-plus-solve,"csr-alg1,csr-alg2,csr-alg3,csr-alg4,csr-alg5",manual-selection,csr,ALPHASPARSE_SPMM_CSR_ALG1,workspace-setup,spmm.csr.fp64,fp64,A100-SXM4-80GB,A100-SXM4-80GB,,9700.0,d94c6f41-d28e-5f45-abb9-189a8a3b4f78,suitesparse_all,Ronis/xenon1,xenon1,48600,48600,1181120,2,row-major,N,N,1.0,0.0,20260922,main,pass,pass,0,0,4724480.0,0.01693,0.019763199985,0.036693199985,0.020609699985,239.05440432651676,128.75628187051944,229.23574838248672,2.4644783951187295,1.3273843491806128,2.3632551379637805,AlphaSparse 248af573c867cf4c7e05d40c611c7c34ebac4715,CUDA,13040,13000,2026-10-06T01:50:25.820497+00:00,derived,csr-alg1,0,0,,,,5,20,4,true
3,A100-SXM4-80GB-suitesparse_all-fp64-n2-row-major-AlphaSparse-SpMM-CSR-pre-plus-solve,AlphaSparse-SpMM-CSR-best-pre-plus-solve,AlphaSparseLib CSR PER MATRIX BEST,per-matrix-best,AlphaSparse-SpMM-CSR,best,pre-plus-solve,"csr-alg1,csr-alg2,csr-alg3,csr-alg4,csr-alg5",manual-selection,csr,ALPHASPARSE_SPMM_CSR_ALG1,workspace-setup,spmm.csr.fp64,fp64,A100-SXM4-80GB,A100-SXM4-80GB,,9700.0,018f64fd-81d1-5f6a-986f-7d386c913e5c,suitesparse_all,Ronis/xenon2,xenon2,157464,157464,3866688,2,row-major,N,N,1.0,0.0,20260922,main,pass,pass,0,0,15466752.0,0.02828,0.0727551996708,0.101035199671,0.0741691996708,212.5862078584538,153.08280728265242,208.53335439305235,2.191610390293338,1.5781732709551795,2.1498283958046636,AlphaSparse 248af573c867cf4c7e05d40c611c7c34ebac4715,CUDA,13040,13000,2026-10-06T20:26:54.570709+00:00,derived,csr-alg1,0,0,,,,5,20,4,true
3,A100-SXM4-80GB-suitesparse_all-fp64-n2-row-major-AlphaSparse-SpMM-CSR-pre-plus-solve,AlphaSparse-SpMM-CSR-best-pre-plus-solve,AlphaSparseLib CSR PER MATRIX BEST,per-matrix-best,AlphaSparse-SpMM-CSR,best,pre-plus-solve,"csr-alg1,csr-alg2,csr-alg3,csr-alg4,csr-alg5",manual-selection,csr,ALPHASPARSE_SPMM_CSR_ALG3,workspace-setup,spmm.csr.fp64,fp64,A100-SXM4-80GB,A100-SXM4-80GB,,9700.0,152f8cc9-7213-5fba-8430-8cd9341fa530,suitesparse_all,Rost/RFdevice,RFdevice,74104,74104,365580,2,row-major,N,N,1.0,0.0,20260922,main,pass,pass,0,0,1462320.0,0.01964,0.0270175993443,0.0466575993443,0.0279995993443,54.12472001545581,31.34151822105367,52.22646160105469,0.5579868042830495,0.3231084352685945,0.5384171299077802,AlphaSparse 248af573c867cf4c7e05d40c611c7c34ebac4715,CUDA,13040,13000,2026-10-08T00:25:56.478302+00:00,derived,csr-alg3,0,0,,,,5,20,4,true
3,A100-SXM4-80GB-suitesparse_all-fp64-n2-row-major-AlphaSparse-SpMM-CSR-pre-plus-solve,AlphaSparse-SpMM-CSR-best-pre-plus-solve,AlphaSparseLib CSR PER MATRIX BEST,per-matrix-best,AlphaSparse-SpMM-CSR,best,pre-plus-solve,"csr-alg1,csr-alg2,csr-alg3,csr-alg4,csr-alg5",manual-selection,csr,ALPHASPARSE_SPMM_CSR_ALG1,workspace-setup,spmm.csr.fp64,fp64,A100-SXM4-80GB,A100-SXM4-80GB,,9700.0,752b02ae-c4ef-54eb-ad5c-0957985c94ee,suitesparse_all,Rothberg/cfd1,cfd1,70656,70656,1828364,2,row-major,N,N,1.0,0.0,20260922,main,pass,pass,0,0,7313456.0,0.01888,0.0308223992586,0.0497023992586,0.0317663992586,237.2773105247287,147.14492879807113,230.2261562748587,2.4461578404611206,1.5169580288460942,2.3734655286067907,AlphaSparse 248af573c867cf4c7e05d40c611c7c34ebac4715,CUDA,13040,13000,2026-10-08T03:32:13.558883+00:00,derived,csr-alg1,0,0,,,,5,20,4,true
3,A100-SXM4-80GB-suitesparse_all-fp64-n2-row-major-AlphaSparse-SpMM-CSR-pre-plus-solve,AlphaSparse-SpMM-CSR-best-pre-plus-solve,AlphaSparseLib CSR PER MATRIX BEST,per-matrix-best,AlphaSparse-SpMM-CSR,best,pre-plus-solve,"csr-alg1,csr-alg2,csr-alg3,csr-alg4,csr-alg5",manual-selection,csr,ALPHASPARSE_SPMM_CSR_ALG1,workspace-setup,spmm.csr.fp64,fp64,A100-SXM4-80GB,A100-SXM4-80GB,,9700.0,152f8cc9-7213-5fba-8430-8cd9341fa530,suitesparse_all,Rothberg/cfd2,cfd2,123440,123440,3087898,2,row-major,N,N,1.0,0.0,20260922,main,pass,pass,0,0,12351592.0,0.02677,0.0609791994095,0.0877491994095,0.0623176994095,202.55418437119945,140.7601674216845,198.20359411594495,2.088187467744324,1.4511357466153043,2.0433360218138654,AlphaSparse 248af573c867cf4c7e05d40c611c7c34ebac4715,CUDA,13040,13000,2026-10-07T22:25:43.464928+00:00,derived,csr-alg1,0,0,,,,5,20,4,true
3,A100-SXM4-80GB-suitesparse_all-fp64-n2-row-major-AlphaSparse-SpMM-CSR-pre-plus-solve,AlphaSparse-SpMM-CSR-best-pre-plus-solve,AlphaSparseLib CSR PER MATRIX BEST,per-matrix-best,AlphaSparse-SpMM-CSR,best,pre-plus-solve,"csr-alg1,csr-alg2,csr-alg3,csr-alg4,csr-alg5",manual-selection,csr,ALPHASPARSE_SPMM_CSR_ALG1,workspace-setup,spmm.csr.fp64,fp64,A100-SXM4-80GB,A100-SXM4-80GB,,9700.0,a0827285-e98d-55a9-b486-73107367c8f5,suitesparse_all,Rothberg/gearbox,gearbox,153746,153746,9080404,2,row-major,N,N,1.0,0.0,20260922,main,pass,pass,0,0,36321616.0,0.05068,0.162201595306,0.212881595306,0.164735595306,223.92884565332278,170.61886419908976,220.48432175530615,2.3085448005497193,1.758957362877214,2.273034244900064,AlphaSparse 248af573c867cf4c7e05d40c611c7c34ebac4715,CUDA,13040,13000,2026-10-06T07:04:36.581356+00:00,derived,csr-alg1,0,0,,,,5,20,4,true
3,A100-SXM4-80GB-suitesparse_all-fp64-n2-row-major-AlphaSparse-SpMM-CSR-pre-plus-solve,AlphaSparse-SpMM-CSR-best-pre-plus-solve,AlphaSparseLib CSR PER MATRIX BEST,per-matrix-best,AlphaSparse-SpMM-CSR,best,pre-plus-solve,"csr-alg1,csr-alg2,csr-alg3,csr-alg4,csr-alg5",manual-selection,csr,ALPHASPARSE_SPMM_CSR_ALG1,workspace-setup,spmm.csr.fp64,fp64,A100-SXM4-80GB,A100-SXM4-80GB,,9700.0,dd6a9a30-d69d-5ea7-834e-7b0f3242a57c,suitesparse_all,Rothberg/struct3,struct3,53570,53570,1173694,2,row-major,N,N,1.0,0.0,20260922,main,pass,pass,0,0,4694776.0,0.02615,0.0215552002192,0.0477052002192,0.0228627002192,217.80247700126637,98.41224810771227,205.34652315728422,2.2453863608377977,1.0145592588423946,2.1169744655390126,AlphaSparse 248af573c867cf4c7e05d40c611c7c34ebac4715,CUDA,13040,13000,2026-10-06T19:49:53.700741+00:00,derived,csr-alg1,0,0,,,,5,20,4,true
3,A100-SXM4-80GB-suitesparse_all-fp64-n2-row-major-AlphaSparse-SpMM-CSR-pre-plus-solve,AlphaSparse-SpMM-CSR-best-pre-plus-solve,AlphaSparseLib CSR PER MATRIX BEST,per-matrix-best,AlphaSparse-SpMM-CSR,best,pre-plus-solve,"csr-alg1,csr-alg2,csr-alg3,csr-alg4,csr-alg5",manual-selection,csr,ALPHASPARSE_SPMM_CSR_ALG2,workspace-setup,spmm.csr.fp64,fp64,A100-SXM4-80GB,A100-SXM4-80GB,,9700.0,005fdebf-9ece-5bc0-9d3c-6fda0356699d,suitesparse_all,Rothberg/struct4,struct4,4350,4350,237798,2,row-major,N,N,1.0,0.0,20260922,main,pass,pass,0,0,951192.0,0.01408,0.0171519994736,0.0312319994736,0.0178559994736,55.45662483630873,30.45568698872546,53.27016286074225,0.5717177818176158,0.3139761545229429,0.5491769367086831,AlphaSparse 248af573c867cf4c7e05d40c611c7c34ebac4715,CUDA,13040,13000,2026-10-08T14:20:11.685583+00:00,derived,csr-alg2,0,0,,,,5,20,4,true
3,A100-SXM4-80GB-suitesparse_all-fp64-n2-row-major-AlphaSparse-SpMM-CSR-pre-plus-solve,AlphaSparse-SpMM-CSR-best-pre-plus-solve,AlphaSparseLib CSR PER MATRIX BEST,per-matrix-best,AlphaSparse-SpMM-CSR,best,pre-plus-solve,"csr-alg1,csr-alg2,csr-alg3,csr-alg4,csr-alg5",manual-selection,csr,ALPHASPARSE_SPMM_CSR_ALG1,workspace-setup,spmm.csr.fp64,fp64,A100-SXM4-80GB,A100-SXM4-80GB,,9700.0,d94c6f41-d28e-5f45-abb9-189a8a3b4f78,suitesparse_all,Rucci/Rucci1,Rucci1,1977885,109900,7791168,2,row-major,N,N,1.0,0.0,20260922,main,pass,pass,0,0,31164672.0,0.04402,0.173004794121,0.217024794121,0.175205794121,180.13762080028457,143.599592508423,177.87466536909827,1.8570888742297378,1.4804081701899279,1.8337594367948276,AlphaSparse 248af573c867cf4c7e05d40c611c7c34ebac4715,CUDA,13040,13000,2026-10-06T01:53:48.588939+00:00,derived,csr-alg1,0,0,,,,5,20,4,true
3,A100-SXM4-80GB-suitesparse_all-fp64-n2-row-major-AlphaSparse-SpMM-CSR-pre-plus-solve,AlphaSparse-SpMM-CSR-best-pre-plus-solve,AlphaSparseLib CSR PER MATRIX BEST,per-matrix-best,AlphaSparse-SpMM-CSR,best,pre-plus-solve,"csr-alg1,csr-alg2,csr-alg3,csr-alg4,csr-alg5",manual-selection,csr,ALPHASPARSE_SPMM_CSR_ALG1,workspace-setup,spmm.csr.fp64,fp64,A100-SXM4-80GB,A100-SXM4-80GB,,9700.0,005fdebf-9ece-5bc0-9d3c-6fda0356699d,suitesparse_all,Rudnyi/water_tank,water_tank,60740,60740,2035281,2,row-major,N,N,1.0,0.0,20260922,main,pass,pass,0,0,8141124.0,0.013989,0.0419328004122,0.0559218004122,0.0426322504122,194.14691887907887,145.58050599214823,190.9616293131518,2.0015146276193696,1.5008299586819405,1.968676590857235,AlphaSparse 248af573c867cf4c7e05d40c611c7c34ebac4715,CUDA,13040,13000,2026-10-08T13:56:46.795620+00:00,derived,csr-alg1,0,0,,,,5,20,4,true
3,A100-SXM4-80GB-suitesparse_all-fp64-n2-row-major-AlphaSparse-SpMM-CSR-pre-plus-solve,AlphaSparse-SpMM-CSR-best-pre-plus-solve,AlphaSparseLib CSR PER MATRIX BEST,per-matrix-best,AlphaSparse-SpMM-CSR,best,pre-plus-solve,"csr-alg1,csr-alg2,csr-alg3,csr-alg4,csr-alg5",manual-selection,csr,ALPHASPARSE_SPMM_CSR_ALG5,workspace-setup,spmm.csr.fp64,fp64,A100-SXM4-80GB,A100-SXM4-80GB,,9700.0,005fdebf-9ece-5bc0-9d3c-6fda0356699d,suitesparse_all,Sandia/adder_dcop_01,adder_dcop_01,1813,1813,11156,2,row-major,N,N,1.0,0.0,20260922,main,pass,pass,0,0,44624.0,0.01368,0.0144383996725,0.0281183996725,0.0151223996725,3.0906472332243857,1.5870035464231131,2.9508544256470417,0.03186234261056068,0.016360861303331063,0.030421179645845793,AlphaSparse 248af573c867cf4c7e05d40c611c7c34ebac4715,CUDA,13040,13000,2026-10-08T15:32:09.933920+00:00,derived,csr-alg5,0,0,,,,5,20,4,true
3,A100-SXM4-80GB-suitesparse_all-fp64-n2-row-major-AlphaSparse-SpMM-CSR-pre-plus-solve,AlphaSparse-SpMM-CSR-best-pre-plus-solve,AlphaSparseLib CSR PER MATRIX BEST,per-matrix-best,AlphaSparse-SpMM-CSR,best,pre-plus-solve,"csr-alg1,csr-alg2,csr-alg3,csr-alg4,csr-alg5",manual-selection,csr,ALPHASPARSE_SPMM_CSR_ALG5,workspace-setup,spmm.csr.fp64,fp64,A100-SXM4-80GB,A100-SXM4-80GB,,9700.0,d94c6f41-d28e-5f45-abb9-189a8a3b4f78,suitesparse_all,Sandia/adder_dcop_02,adder_dcop_02,1813,1813,11246,2,row-major,N,N,1.0,0.0,20260922,main,pass,pass,0,0,44984.0,0.01259,0.0144383996725,0.0270283996725,0.0150678996725,3.1155807444282395,1.6643234725350347,2.9854194000308505,0.0321193891178169,0.01715797394366015,0.03077751958794691,AlphaSparse 248af573c867cf4c7e05d40c611c7c34ebac4715,CUDA,13040,13000,2026-10-06T03:33:53.520545+00:00,derived,csr-alg5,0,0,,,,5,20,4,true
3,A100-SXM4-80GB-suitesparse_all-fp64-n2-row-major-AlphaSparse-SpMM-CSR-pre-plus-solve,AlphaSparse-SpMM-CSR-best-pre-plus-solve,AlphaSparseLib CSR PER MATRIX BEST,per-matrix-best,AlphaSparse-SpMM-CSR,best,pre-plus-solve,"csr-alg1,csr-alg2,csr-alg3,csr-alg4,csr-alg5",manual-selection,csr,ALPHASPARSE_SPMM_CSR_ALG3,workspace-setup,spmm.csr.fp64,fp64,A100-SXM4-80GB,A100-SXM4-80GB,,9700.0,018f64fd-81d1-5f6a-986f-7d386c913e5c,suitesparse_all,Sandia/adder_dcop_03,adder_dcop_03,1813,1813,11148,2,row-major,N,N,1.0,0.0,20260922,main,pass,pass,0,0,44592.0,0.01187,0.0145408004522,0.0264108004522,0.0151343004522,3.0666812426583645,1.688400171009793,2.9464196340517264,0.031615270542869736,0.017406187329997866,0.030375460144863156,AlphaSparse 248af573c867cf4c7e05d40c611c7c34ebac4715,CUDA,13040,13000,2026-10-06T21:53:06.873424+00:00,derived,csr-alg3,0,0,,,,5,20,4,true
3,A100-SXM4-80GB-suitesparse_all-fp64-n2-row-major-AlphaSparse-SpMM-CSR-pre-plus-solve,AlphaSparse-SpMM-CSR-best-pre-plus-solve,AlphaSparseLib CSR PER MATRIX BEST,per-matrix-best,AlphaSparse-SpMM-CSR,best,pre-plus-solve,"csr-alg1,csr-alg2,csr-alg3,csr-alg4,csr-alg5",manual-selection,csr,ALPHASPARSE_SPMM_CSR_ALG3,workspace-setup,spmm.csr.fp64,fp64,A100-SXM4-80GB,A100-SXM4-80GB,,9700.0,752b02ae-c4ef-54eb-ad5c-0957985c94ee,suitesparse_all,Sandia/adder_dcop_05,adder_dcop_05,1813,1813,11097,2,row-major,N,N,1.0,0.0,20260922,main,pass,pass,0,0,44388.0,0.012649,0.0144896000624,0.0271386000624,0.0151220500624,3.0634385910474706,1.6356038962193449,2.9353162975149707,0.03158184114481928,0.016861895837312832,0.030260992757886296,AlphaSparse 248af573c867cf4c7e05d40c611c7c34ebac4715,CUDA,13040,13000,2026-10-08T05:55:41.077080+00:00,derived,csr-alg3,0,0,,,,5,20,4,true
3,A100-SXM4-80GB-suitesparse_all-fp64-n2-row-major-AlphaSparse-SpMM-CSR-pre-plus-solve,AlphaSparse-SpMM-CSR-best-pre-plus-solve,AlphaSparseLib CSR PER MATRIX BEST,per-matrix-best,AlphaSparse-SpMM-CSR,best,pre-plus-solve,"csr-alg1,csr-alg2,csr-alg3,csr-alg4,csr-alg5",manual-selection,csr,ALPHASPARSE_SPMM_CSR_ALG3,workspace-setup,spmm.csr.fp64,fp64,A100-SXM4-80GB,A100-SXM4-80GB,,9700.0,152f8cc9-7213-5fba-8430-8cd9341fa530,suitesparse_all,Sandia/adder_dcop_06,adder_dcop_06,1813,1813,11224,2,row-major,N,N,1.0,0.0,20260922,main,pass,pass,0,0,44896.0,0.0138,0.0144383996725,0.0282383996725,0.0151283996725,3.1094858861339643,1.5898917970100843,2.9676635316299014,0.03205655552715427,0.016390637082578187,0.030594469398246404,AlphaSparse 248af573c867cf4c7e05d40c611c7c34ebac4715,CUDA,13040,13000,2026-10-08T00:22:58.665598+00:00,derived,csr-alg3,0,0,,,,5,20,4,true
3,A100-SXM4-80GB-suitesparse_all-fp64-n2-row-major-AlphaSparse-SpMM-CSR-pre-plus-solve,AlphaSparse-SpMM-CSR-best-pre-plus-solve,AlphaSparseLib CSR PER MATRIX BEST,per-matrix-best,AlphaSparse-SpMM-CSR,best,pre-plus-solve,"csr-alg1,csr-alg2,csr-alg3,csr-alg4,csr-alg5",manual-selection,csr,ALPHASPARSE_SPMM_CSR_ALG2,workspace-setup,spmm.csr.fp64,fp64,A100-SXM4-80GB,A100-SXM4-80GB,,9700.0,a0827285-e98d-55a9-b486-73107367c8f5,suitesparse_all,Sandia/adder_dcop_07,adder_dcop_07,1813,1813,11226,2,row-major,N,N,1.0,0.0,20260922,main,pass,pass,0,0,44904.0,0.01406,0.0151552006602,0.0292152006602,0.0158582006602,2.9629432830886326,1.5370080980197725,2.8315948928996386,0.03054580704215085,0.01584544430948219,0.0291916999268004,AlphaSparse 248af573c867cf4c7e05d40c611c7c34ebac4715,CUDA,13040,13000,2026-10-06T07:33:38.976479+00:00,derived,csr-alg2,0,0,,,,5,20,4,true
3,A100-SXM4-80GB-suitesparse_all-fp64-n2-row-major-AlphaSparse-SpMM-CSR-pre-plus-solve,AlphaSparse-SpMM-CSR-best-pre-plus-solve,AlphaSparseLib CSR PER MATRIX BEST,per-matrix-best,AlphaSparse-SpMM-CSR,best,pre-plus-solve,"csr-alg1,csr-alg2,csr-alg3,csr-alg4,csr-alg5",manual-selection,csr,ALPHASPARSE_SPMM_CSR_ALG5,workspace-setup,spmm.csr.fp64,fp64,A100-SXM4-80GB,A100-SXM4-80GB,,9700.0,dd6a9a30-d69d-5ea7-834e-7b0f3242a57c,suitesparse_all,Sandia/adder_dcop_08,adder_dcop_08,1813,1813,11242,2,row-major,N,N,1.0,0.0,20260922,main,pass,pass,0,0,44968.0,0.01307,0.0132607996464,0.0263307996464,0.0139142996464,3.3910473877197727,1.7078098881872776,3.2317832117144625,0.03495925141979147,0.017606287507085337,0.03331735269808724,AlphaSparse 248af573c867cf4c7e05d40c611c7c34ebac4715,CUDA,13040,13000,2026-10-06T22:21:48.990470+00:00,derived,csr-alg5,0,0,,,,5,20,4,true
3,A100-SXM4-80GB-suitesparse_all-fp64-n2-row-major-AlphaSparse-SpMM-CSR-pre-plus-solve,AlphaSparse-SpMM-CSR-best-pre-plus-solve,AlphaSparseLib CSR PER MATRIX BEST,per-matrix-best,AlphaSparse-SpMM-CSR,best,pre-plus-solve,"csr-alg1,csr-alg2,csr-alg3,csr-alg4,csr-alg5",manual-selection,csr,ALPHASPARSE_SPMM_CSR_ALG5,workspace-setup,spmm.csr.fp64,fp64,A100-SXM4-80GB,A100-SXM4-80GB,,9700.0,005fdebf-9ece-5bc0-9d3c-6fda0356699d,suitesparse_all,Sandia/adder_dcop_09,adder_dcop_09,1813,1813,11239,2,row-major,N,N,1.0,0.0,20260922,main,pass,pass,0,0,44956.0,0.01286,0.0145408004522,0.0274008004522,0.0151838004522,3.0917142524432504,1.6406819968060642,2.960787066553306,0.0318733428086933,0.016914247389753237,0.030523578005704186,AlphaSparse 248af573c867cf4c7e05d40c611c7c34ebac4715,CUDA,13040,13000,2026-10-08T15:32:11.189454+00:00,derived,csr-alg5,0,0,,,,5,20,4,true
3,A100-SXM4-80GB-suitesparse_all-fp64-n2-row-major-AlphaSparse-SpMM-CSR-pre-plus-solve,AlphaSparse-SpMM-CSR-best-pre-plus-solve,AlphaSparseLib CSR PER MATRIX BEST,per-matrix-best,AlphaSparse-SpMM-CSR,best,pre-plus-solve,"csr-alg1,csr-alg2,csr-alg3,csr-alg4,csr-alg5",manual-selection,csr,ALPHASPARSE_SPMM_CSR_ALG3,workspace-setup,spmm.csr.fp64,fp64,A100-SXM4-80GB,A100-SXM4-80GB,,9700.0,d94c6f41-d28e-5f45-abb9-189a8a3b4f78,suitesparse_all,Sandia/adder_dcop_10,adder_dcop_10,1813,1813,11232,2,row-major,N,N,1.0,0.0,20260922,main,pass,pass,0,0,44928.0,0.01325,0.0127488002181,0.0259988002181,0.0134113002181,3.5240963252537174,1.7280797430306711,3.3500107572988935,0.03633088995106925,0.017815255082790422,0.0345361933742154,AlphaSparse 248af573c867cf4c7e05d40c611c7c34ebac4715,CUDA,13040,13000,2026-10-06T02:45:55.668496+00:00,derived,csr-alg3,0,0,,,,5,20,4,true
3,A100-SXM4-80GB-suitesparse_all-fp64-n2-row-major-AlphaSparse-SpMM-CSR-pre-plus-solve,AlphaSparse-SpMM-CSR-best-pre-plus-solve,AlphaSparseLib CSR PER MATRIX BEST,per-matrix-best,AlphaSparse-SpMM-CSR,best,pre-plus-solve,"csr-alg1,csr-alg2,csr-alg3,csr-alg4,csr-alg5",manual-selection,csr,ALPHASPARSE_SPMM_CSR_ALG2,workspace-setup,spmm.csr.fp64,fp64,A100-SXM4-80GB,A100-SXM4-80GB,,9700.0,018f64fd-81d1-5f6a-986f-7d386c913e5c,suitesparse_all,Sandia/adder_dcop_11,adder_dcop_11,1813,1813,11243,2,row-major,N,N,1.0,0.0,20260922,main,pass,pass,0,0,44972.0,0.01305,0.0151040002704,0.0281540002704,0.0157565002704,2.9774893534750317,1.5973573761481341,2.8541871118730557,0.03069576653067043,0.016467601815960145,0.029424609400753154,AlphaSparse 248af573c867cf4c7e05d40c611c7c34ebac4715,CUDA,13040,13000,2026-10-06T21:15:26.684813+00:00,derived,csr-alg2,0,0,,,,5,20,4,true
3,A100-SXM4-80GB-suitesparse_all-fp64-n2-row-major-AlphaSparse-SpMM-CSR-pre-plus-solve,AlphaSparse-SpMM-CSR-best-pre-plus-solve,AlphaSparseLib CSR PER MATRIX BEST,per-matrix-best,AlphaSparse-SpMM-CSR,best,pre-plus-solve,"csr-alg1,csr-alg2,csr-alg3,csr-alg4,csr-alg5",manual-selection,csr,ALPHASPARSE_SPMM_CSR_ALG3,workspace-setup,spmm.csr.fp64,fp64,A100-SXM4-80GB,A100-SXM4-80GB,,9700.0,752b02ae-c4ef-54eb-ad5c-0957985c94ee,suitesparse_all,Sandia/adder_dcop_13,adder_dcop_13,1813,1813,11245,2,row-major,N,N,1.0,0.0,20260922,main,pass,pass,0,0,44980.0,0.01247,0.0145055994391,0.0269755994391,0.0151290994391,3.100871507505986,1.6674328257856386,2.973078482368398,0.03196774750006171,0.017190029131810707,0.030650293632663896,AlphaSparse 248af573c867cf4c7e05d40c611c7c34ebac4715,CUDA,13040,13000,2026-10-08T05:55:41.806721+00:00,derived,csr-alg3,0,0,,,,5,20,4,true
3,A100-SXM4-80GB-suitesparse_all-fp64-n2-row-major-AlphaSparse-SpMM-CSR-pre-plus-solve,AlphaSparse-SpMM-CSR-best-pre-plus-solve,AlphaSparseLib CSR PER MATRIX BEST,per-matrix-best,AlphaSparse-SpMM-CSR,best,pre-plus-solve,"csr-alg1,csr-alg2,csr-alg3,csr-alg4,csr-alg5",manual-selection,csr,ALPHASPARSE_SPMM_CSR_ALG2,workspace-setup,spmm.csr.fp64,fp64,A100-SXM4-80GB,A100-SXM4-80GB,,9700.0,152f8cc9-7213-5fba-8430-8cd9341fa530,suitesparse_all,Sandia/adder_dcop_14,adder_dcop_14,1813,1813,11246,2,row-major,N,N,1.0,0.0,20260922,main,pass,pass,0,0,44984.0,0.01882,0.015171200037,0.033991200037,0.016112200037,2.9650917455634103,1.323401349497345,2.7919216430219893,0.03056795613982897,0.013643312881415928,0.028782697350742157,AlphaSparse 248af573c867cf4c7e05d40c611c7c34ebac4715,CUDA,13040,13000,2026-10-07T23:24:32.025842+00:00,derived,csr-alg2,0,0,,,,5,20,4,true
3,A100-SXM4-80GB-suitesparse_all-fp64-n2-row-major-AlphaSparse-SpMM-CSR-pre-plus-solve,AlphaSparse-SpMM-CSR-best-pre-plus-solve,AlphaSparseLib CSR PER MATRIX BEST,per-matrix-best,AlphaSparse-SpMM-CSR,best,pre-plus-solve,"csr-alg1,csr-alg2,csr-alg3,csr-alg4,csr-alg5",manual-selection,csr,ALPHASPARSE_SPMM_CSR_ALG3,workspace-setup,spmm.csr.fp64,fp64,A100-SXM4-80GB,A100-SXM4-80GB,,9700.0,a0827285-e98d-55a9-b486-73107367c8f5,suitesparse_all,Sandia/adder_dcop_15,adder_dcop_15,1813,1813,11246,2,row-major,N,N,1.0,0.0,20260922,main,pass,pass,0,0,44984.0,0.01688,0.0140992000699,0.0309792000699,0.0149432000699,3.190535617409609,1.4520710637621446,3.0103324448296056,0.03289211976710937,0.014969804781053036,0.031034355101336137,AlphaSparse 248af573c867cf4c7e05d40c611c7c34ebac4715,CUDA,13040,13000,2026-10-06T08:02:07.143244+00:00,derived,csr-alg3,0,0,,,,5,20,4,true
3,A100-SXM4-80GB-suitesparse_all-fp64-n2-row-major-AlphaSparse-SpMM-CSR-pre-plus-solve,AlphaSparse-SpMM-CSR-best-pre-plus-solve,AlphaSparseLib CSR PER MATRIX BEST,per-matrix-best,AlphaSparse-SpMM-CSR,best,pre-plus-solve,"csr-alg1,csr-alg2,csr-alg3,csr-alg4,csr-alg5",manual-selection,csr,ALPHASPARSE_SPMM_CSR_ALG5,workspace-setup,spmm.csr.fp64,fp64,A100-SXM4-80GB,A100-SXM4-80GB,,9700.0,dd6a9a30-d69d-5ea7-834e-7b0f3242a57c,suitesparse_all,Sandia/adder_dcop_16,adder_dcop_16,1813,1813,11246,2,row-major,N,N,1.0,0.0,20260922,main,pass,pass,0,0,44984.0,0.01293,0.0132607996464,0.0261907996464,0.0139072996464,3.3922539514585095,1.717549697119812,3.234560349150485,0.03497169022122174,0.017706697908451672,0.03334598298093284,AlphaSparse 248af573c867cf4c7e05d40c611c7c34ebac4715,CUDA,13040,13000,2026-10-06T22:21:49.611331+00:00,derived,csr-alg5,0,0,,,,5,20,4,true
3,A100-SXM4-80GB-suitesparse_all-fp64-n2-row-major-AlphaSparse-SpMM-CSR-pre-plus-solve,AlphaSparse-SpMM-CSR-best-pre-plus-solve,AlphaSparseLib CSR PER MATRIX BEST,per-matrix-best,AlphaSparse-SpMM-CSR,best,pre-plus-solve,"csr-alg1,csr-alg2,csr-alg3,csr-alg4,csr-alg5",manual-selection,csr,ALPHASPARSE_SPMM_CSR_ALG3,workspace-setup,spmm.csr.fp64,fp64,A100-SXM4-80GB,A100-SXM4-80GB,,9700.0,005fdebf-9ece-5bc0-9d3c-6fda0356699d,suitesparse_all,Sandia/adder_dcop_17,adder_dcop_17,1813,1813,11246,2,row-major,N,N,1.0,0.0,20260922,main,pass,pass,0,0,44984.0,0.01412,0.0141312003136,0.0282512003136,0.0148372003136,3.1833106177616757,1.5922863276837445,3.031838827353904,0.032817635234656445,0.016415322965811798,0.031256070385091796,AlphaSparse 248af573c867cf4c7e05d40c611c7c34ebac4715,CUDA,13040,13000,2026-10-08T14:44:49.213213+00:00,derived,csr-alg3,0,0,,,,5,20,4,true
3,A100-SXM4-80GB-suitesparse_all-fp64-n2-row-major-AlphaSparse-SpMM-CSR-pre-plus-solve,AlphaSparse-SpMM-CSR-best-pre-plus-solve,AlphaSparseLib CSR PER MATRIX BEST,per-matrix-best,AlphaSparse-SpMM-CSR,best,pre-plus-solve,"csr-alg1,csr-alg2,csr-alg3,csr-alg4,csr-alg5",manual-selection,csr,ALPHASPARSE_SPMM_CSR_ALG3,workspace-setup,spmm.csr.fp64,fp64,A100-SXM4-80GB,A100-SXM4-80GB,,9700.0,d94c6f41-d28e-5f45-abb9-189a8a3b4f78,suitesparse_all,Sandia/adder_dcop_18,adder_dcop_18,1813,1813,11246,2,row-major,N,N,1.0,0.0,20260922,main,pass,pass,0,0,44984.0,0.01496,0.0127488002181,0.0277088002181,0.0134968002181,3.528488895459696,1.6234553515823273,3.332938124080241,0.03637617417999687,0.01673665310909616,0.03436018684618806,AlphaSparse 248af573c867cf4c7e05d40c611c7c34ebac4715,CUDA,13040,13000,2026-10-06T02:45:56.318823+00:00,derived,csr-alg3,0,0,,,,5,20,4,true
3,A100-SXM4-80GB-suitesparse_all-fp64-n2-row-major-AlphaSparse-SpMM-CSR-pre-plus-solve,AlphaSparse-SpMM-CSR-best-pre-plus-solve,AlphaSparseLib CSR PER MATRIX BEST,per-matrix-best,AlphaSparse-SpMM-CSR,best,pre-plus-solve,"csr-alg1,csr-alg2,csr-alg3,csr-alg4,csr-alg5",manual-selection,csr,ALPHASPARSE_SPMM_CSR_ALG3,workspace-setup,spmm.csr.fp64,fp64,A100-SXM4-80GB,A100-SXM4-80GB,,9700.0,018f64fd-81d1-5f6a-986f-7d386c913e5c,suitesparse_all,Sandia/adder_dcop_19,adder_dcop_19,1813,1813,11245,2,row-major,N,N,1.0,0.0,20260922,main,pass,pass,0,0,44980.0,0.01229,0.0145408004522,0.0268308004522,0.0151553004522,3.0933647805609352,1.6764315354710877,2.967938520378891,0.03189035856248387,0.01728279933475348,0.030597304333802998,AlphaSparse 248af573c867cf4c7e05d40c611c7c34ebac4715,CUDA,13040,13000,2026-10-06T21:53:08.926079+00:00,derived,csr-alg3,0,0,,,,5,20,4,true
3,A100-SXM4-80GB-suitesparse_all-fp64-n2-row-major-AlphaSparse-SpMM-CSR-pre-plus-solve,AlphaSparse-SpMM-CSR-best-pre-plus-solve,AlphaSparseLib CSR PER MATRIX BEST,per-matrix-best,AlphaSparse-SpMM-CSR,best,pre-plus-solve,"csr-alg1,csr-alg2,csr-alg3,csr-alg4,csr-alg5",manual-selection,csr,ALPHASPARSE_SPMM_CSR_ALG3,workspace-setup,spmm.csr.fp64,fp64,A100-SXM4-80GB,A100-SXM4-80GB,,9700.0,752b02ae-c4ef-54eb-ad5c-0957985c94ee,suitesparse_all,Sandia/adder_dcop_21,adder_dcop_21,1813,1813,11246,2,row-major,N,N,1.0,0.0,20260922,main,pass,pass,0,0,44984.0,0.013229,0.0144943997264,0.0277233997264,0.0151558497264,3.103543496048784,1.6226004185613407,2.9680948816510297,0.0319952937736988,0.016727839366611763,0.03059891630568072,AlphaSparse 248af573c867cf4c7e05d40c611c7c34ebac4715,CUDA,13040,13000,2026-10-08T05:55:42.441903+00:00,derived,csr-alg3,0,0,,,,5,20,4,true
3,A100-SXM4-80GB-suitesparse_all-fp64-n2-row-major-AlphaSparse-SpMM-CSR-pre-plus-solve,AlphaSparse-SpMM-CSR-best-pre-plus-solve,AlphaSparseLib CSR PER MATRIX BEST,per-matrix-best,AlphaSparse-SpMM-CSR,best,pre-plus-solve,"csr-alg1,csr-alg2,csr-alg3,csr-alg4,csr-alg5",manual-selection,csr,ALPHASPARSE_SPMM_CSR_ALG3,workspace-setup,spmm.csr.fp64,fp64,A100-SXM4-80GB,A100-SXM4-80GB,,9700.0,152f8cc9-7213-5fba-8430-8cd9341fa530,suitesparse_all,Sandia/adder_dcop_22,adder_dcop_22,1813,1813,11246,2,row-major,N,N,1.0,0.0,20260922,main,pass,pass,0,0,44984.0,0.02078,0.0141824007034,0.0349624007034,0.0152214007034,3.171818434746088,1.2866393352566725,2.955312778143469,0.03269915912109369,0.013264323043883221,0.030467142042716173,AlphaSparse 248af573c867cf4c7e05d40c611c7c34ebac4715,CUDA,13040,13000,2026-10-08T00:23:00.438200+00:00,derived,csr-alg3,0,0,,,,5,20,4,true
3,A100-SXM4-80GB-suitesparse_all-fp64-n2-row-major-AlphaSparse-SpMM-CSR-pre-plus-solve,AlphaSparse-SpMM-CSR-best-pre-plus-solve,AlphaSparseLib CSR PER MATRIX BEST,per-matrix-best,AlphaSparse-SpMM-CSR,best,pre-plus-solve,"csr-alg1,csr-alg2,csr-alg3,csr-alg4,csr-alg5",manual-selection,csr,ALPHASPARSE_SPMM_CSR_ALG3,workspace-setup,spmm.csr.fp64,fp64,A100-SXM4-80GB,A100-SXM4-80GB,,9700.0,a0827285-e98d-55a9-b486-73107367c8f5,suitesparse_all,Sandia/adder_dcop_23,adder_dcop_23,1813,1813,11246,2,row-major,N,N,1.0,0.0,20260922,main,pass,pass,0,0,44984.0,0.01604,0.0139743998647,0.0300143998647,0.0147763998647,3.2190291129160924,1.4987472747341444,3.0443139338333878,0.033185867143464866,0.015451002832310767,0.03138467973024111,AlphaSparse 248af573c867cf4c7e05d40c611c7c34ebac4715,CUDA,13040,13000,2026-10-06T08:02:07.757300+00:00,derived,csr-alg3,0,0,,,,5,20,4,true
3,A100-SXM4-80GB-suitesparse_all-fp64-n2-row-major-AlphaSparse-SpMM-CSR-pre-plus-solve,AlphaSparse-SpMM-CSR-best-pre-plus-solve,AlphaSparseLib CSR PER MATRIX BEST,per-matrix-best,AlphaSparse-SpMM-CSR,best,pre-plus-solve,"csr-alg1,csr-alg2,csr-alg3,csr-alg4,csr-alg5",manual-selection,csr,ALPHASPARSE_SPMM_CSR_ALG5,workspace-setup,spmm.csr.fp64,fp64,A100-SXM4-80GB,A100-SXM4-80GB,,9700.0,dd6a9a30-d69d-5ea7-834e-7b0f3242a57c,suitesparse_all,Sandia/adder_dcop_24,adder_dcop_24,1813,1813,11246,2,row-major,N,N,1.0,0.0,20260922,main,pass,pass,0,0,44984.0,0.01368,0.0143360003829,0.0280160003829,0.0150200003829,3.1378347376201927,1.60565389010548,2.994940003544439,0.03234881172804323,0.01655313288768536,0.030875670139633396,AlphaSparse 248af573c867cf4c7e05d40c611c7c34ebac4715,CUDA,13040,13000,2026-10-06T22:21:50.463177+00:00,derived,csr-alg5,0,0,,,,5,20,4,true
3,A100-SXM4-80GB-suitesparse_all-fp64-n2-row-major-AlphaSparse-SpMM-CSR-pre-plus-solve,AlphaSparse-SpMM-CSR-best-pre-plus-solve,AlphaSparseLib CSR PER MATRIX BEST,per-matrix-best,AlphaSparse-SpMM-CSR,best,pre-plus-solve,"csr-alg1,csr-alg2,csr-alg3,csr-alg4,csr-alg5",manual-selection,csr,ALPHASPARSE_SPMM_CSR_ALG3,workspace-setup,spmm.csr.fp64,fp64,A100-SXM4-80GB,A100-SXM4-80GB,,9700.0,005fdebf-9ece-5bc0-9d3c-6fda0356699d,suitesparse_all,Sandia/adder_dcop_25,adder_dcop_25,1813,1813,11246,2,row-major,N,N,1.0,0.0,20260922,main,pass,pass,0,0,44984.0,0.01489,0.0140799999237,0.0289699999237,0.0148244999237,3.194886380949562,1.552778740713739,3.0344362529277538,0.03293697299948002,0.016008028254780815,0.03128284796832736,AlphaSparse 248af573c867cf4c7e05d40c611c7c34ebac4715,CUDA,13040,13000,2026-10-08T14:44:50.130778+00:00,derived,csr-alg3,0,0,,,,5,20,4,true
3,A100-SXM4-80GB-suitesparse_all-fp64-n2-row-major-AlphaSparse-SpMM-CSR-pre-plus-solve,AlphaSparse-SpMM-CSR-best-pre-plus-solve,AlphaSparseLib CSR PER MATRIX BEST,per-matrix-best,AlphaSparse-SpMM-CSR,best,pre-plus-solve,"csr-alg1,csr-alg2,csr-alg3,csr-alg4,csr-alg5",manual-selection,csr,ALPHASPARSE_SPMM_CSR_ALG5,workspace-setup,spmm.csr.fp64,fp64,A100-SXM4-80GB,A100-SXM4-80GB,,9700.0,d94c6f41-d28e-5f45-abb9-189a8a3b4f78,suitesparse_all,Sandia/adder_dcop_26,adder_dcop_26,1813,1813,11246,2,row-major,N,N,1.0,0.0,20260922,main,pass,pass,0,0,44984.0,0.012751,0.0129023998976,0.0256533998976,0.0135399498976,3.4864831625911363,1.7535297535438361,3.322316577255102,0.03594312538753749,0.018077626325194187,0.03425068636345466,AlphaSparse 248af573c867cf4c7e05d40c611c7c34ebac4715,CUDA,13040,13000,2026-10-06T03:33:55.587391+00:00,derived,csr-alg5,0,0,,,,5,20,4,true
3,A100-SXM4-80GB-suitesparse_all-fp64-n2-row-major-AlphaSparse-SpMM-CSR-pre-plus-solve,AlphaSparse-SpMM-CSR-best-pre-plus-solve,AlphaSparseLib CSR PER MATRIX BEST,per-matrix-best,AlphaSparse-SpMM-CSR,best,pre-plus-solve,"csr-alg1,csr-alg2,csr-alg3,csr-alg4,csr-alg5",manual-selection,csr,ALPHASPARSE_SPMM_CSR_ALG3,workspace-setup,spmm.csr.fp64,fp64,A100-SXM4-80GB,A100-SXM4-80GB,,9700.0,018f64fd-81d1-5f6a-986f-7d386c913e5c,suitesparse_all,Sandia/adder_dcop_27,adder_dcop_27,1813,1813,11246,2,row-major,N,N,1.0,0.0,20260922,main,pass,pass,0,0,44984.0,0.012021,0.0145408004522,0.0265618004522,0.0151418504522,3.0936398685805493,1.6935598955707902,2.9708390095389006,0.03189319452144896,0.017459380366709177,0.030627206283906194,AlphaSparse 248af573c867cf4c7e05d40c611c7c34ebac4715,CUDA,13040,13000,2026-10-06T21:53:09.841207+00:00,derived,csr-alg3,0,0,,,,5,20,4,true
3,A100-SXM4-80GB-suitesparse_all-fp64-n2-row-major-AlphaSparse-SpMM-CSR-pre-plus-solve,AlphaSparse-SpMM-CSR-best-pre-plus-solve,AlphaSparseLib CSR PER MATRIX BEST,per-matrix-best,AlphaSparse-SpMM-CSR,best,pre-plus-solve,"csr-alg1,csr-alg2,csr-alg3,csr-alg4,csr-alg5",manual-selection,csr,ALPHASPARSE_SPMM_CSR_ALG3,workspace-setup,spmm.csr.fp64,fp64,A100-SXM4-80GB,A100-SXM4-80GB,,9700.0,752b02ae-c4ef-54eb-ad5c-0957985c94ee,suitesparse_all,Sandia/adder_dcop_29,adder_dcop_29,1813,1813,11246,2,row-major,N,N,1.0,0.0,20260922,main,pass,pass,0,0,44984.0,0.01268,0.0144383996725,0.0271183996725,0.0150723996725,3.1155807444282395,1.6587999492321444,2.984528076313855,0.0321193891178169,0.017101030404455098,0.03076833068364799,AlphaSparse 248af573c867cf4c7e05d40c611c7c34ebac4715,CUDA,13040,13000,2026-10-08T05:55:43.231561+00:00,derived,csr-alg3,0,0,,,,5,20,4,true
3,A100-SXM4-80GB-suitesparse_all-fp64-n2-row-major-AlphaSparse-SpMM-CSR-pre-plus-solve,AlphaSparse-SpMM-CSR-best-pre-plus-solve,AlphaSparseLib CSR PER MATRIX BEST,per-matrix-best,AlphaSparse-SpMM-CSR,best,pre-plus-solve,"csr-alg1,csr-alg2,csr-alg3,csr-alg4,csr-alg5",manual-selection,csr,ALPHASPARSE_SPMM_CSR_ALG2,workspace-setup,spmm.csr.fp64,fp64,A100-SXM4-80GB,A100-SXM4-80GB,,9700.0,152f8cc9-7213-5fba-8430-8cd9341fa530,suitesparse_all,Sandia/adder_dcop_30,adder_dcop_30,1813,1813,11246,2,row-major,N,N,1.0,0.0,20260922,main,pass,pass,0,0,44984.0,0.01887,0.0150864005089,0.0339564005089,0.0160299005089,2.9817583043392193,1.3247576105191023,2.8062557203660945,0.03073977633339401,0.01365729495380518,0.028930471343980354,AlphaSparse 248af573c867cf4c7e05d40c611c7c34ebac4715,CUDA,13040,13000,2026-10-07T23:24:33.696981+00:00,derived,csr-alg2,0,0,,,,5,20,4,true
3,A100-SXM4-80GB-suitesparse_all-fp64-n2-row-major-AlphaSparse-SpMM-CSR-pre-plus-solve,AlphaSparse-SpMM-CSR-best-pre-plus-solve,AlphaSparseLib CSR PER MATRIX BEST,per-matrix-best,AlphaSparse-SpMM-CSR,best,pre-plus-solve,"csr-alg1,csr-alg2,csr-alg3,csr-alg4,csr-alg5",manual-selection,csr,ALPHASPARSE_SPMM_CSR_ALG5,workspace-setup,spmm.csr.fp64,fp64,A100-SXM4-80GB,A100-SXM4-80GB,,9700.0,a0827285-e98d-55a9-b486-73107367c8f5,suitesparse_all,Sandia/adder_dcop_31,adder_dcop_31,1813,1813,11246,2,row-major,N,N,1.0,0.0,20260922,main,pass,pass,0,0,44984.0,0.01812,0.0122528001666,0.0303728001666,0.0131588001666,3.67132405559198,1.4810619947207724,3.4185487605609763,0.03784870160404103,0.015268680357946108,0.035242770727432746,AlphaSparse 248af573c867cf4c7e05d40c611c7c34ebac4715,CUDA,13040,13000,2026-10-06T08:57:46.866671+00:00,derived,csr-alg5,0,0,,,,5,20,4,true
3,A100-SXM4-80GB-suitesparse_all-fp64-n2-row-major-AlphaSparse-SpMM-CSR-pre-plus-solve,AlphaSparse-SpMM-CSR-best-pre-plus-solve,AlphaSparseLib CSR PER MATRIX BEST,per-matrix-best,AlphaSparse-SpMM-CSR,best,pre-plus-solve,"csr-alg1,csr-alg2,csr-alg3,csr-alg4,csr-alg5",manual-selection,csr,ALPHASPARSE_SPMM_CSR_ALG3,workspace-setup,spmm.csr.fp64,fp64,A100-SXM4-80GB,A100-SXM4-80GB,,9700.0,dd6a9a30-d69d-5ea7-834e-7b0f3242a57c,suitesparse_all,Sandia/adder_dcop_32,adder_dcop_32,1813,1813,11246,2,row-major,N,N,1.0,0.0,20260922,main,pass,pass,0,0,44984.0,0.01284,0.0144383996725,0.0272783996725,0.0150803996725,3.1155807444282395,1.649070346503847,2.982944814256547,0.0321193891178169,0.017000725221689144,0.030752008394397387,AlphaSparse 248af573c867cf4c7e05d40c611c7c34ebac4715,CUDA,13040,13000,2026-10-06T21:07:19.674042+00:00,derived,csr-alg3,0,0,,,,5,20,4,true
3,A100-SXM4-80GB-suitesparse_all-fp64-n2-row-major-AlphaSparse-SpMM-CSR-pre-plus-solve,AlphaSparse-SpMM-CSR-best-pre-plus-solve,AlphaSparseLib CSR PER MATRIX BEST,per-matrix-best,AlphaSparse-SpMM-CSR,best,pre-plus-solve,"csr-alg1,csr-alg2,csr-alg3,csr-alg4,csr-alg5",manual-selection,csr,ALPHASPARSE_SPMM_CSR_ALG5,workspace-setup,spmm.csr.fp64,fp64,A100-SXM4-80GB,A100-SXM4-80GB,,9700.0,005fdebf-9ece-5bc0-9d3c-6fda0356699d,suitesparse_all,Sandia/adder_dcop_33,adder_dcop_33,1813,1813,11246,2,row-major,N,N,1.0,0.0,20260922,main,pass,pass,0,0,44984.0,0.01382,0.0122879996896,0.0261079996896,0.0129789996896,3.660807384140187,1.7229968030802134,3.465906547177548,0.03774028231072358,0.0177628536400022,0.0357309953317273,AlphaSparse 248af573c867cf4c7e05d40c611c7c34ebac4715,CUDA,13040,13000,2026-10-08T15:32:14.013954+00:00,derived,csr-alg5,0,0,,,,5,20,4,true
3,A100-SXM4-80GB-suitesparse_all-fp64-n2-row-major-AlphaSparse-SpMM-CSR-pre-plus-solve,AlphaSparse-SpMM-CSR-best-pre-plus-solve,AlphaSparseLib CSR PER MATRIX BEST,per-matrix-best,AlphaSparse-SpMM-CSR,best,pre-plus-solve,"csr-alg1,csr-alg2,csr-alg3,csr-alg4,csr-alg5",manual-selection,csr,ALPHASPARSE_SPMM_CSR_ALG3,workspace-setup,spmm.csr.fp64,fp64,A100-SXM4-80GB,A100-SXM4-80GB,,9700.0,d94c6f41-d28e-5f45-abb9-189a8a3b4f78,suitesparse_all,Sandia/adder_dcop_34,adder_dcop_34,1813,1813,11246,2,row-major,N,N,1.0,0.0,20260922,main,pass,pass,0,0,44984.0,0.01332,0.0144896000624,0.0278096000624,0.0151556000624,3.1045715414003654,1.617570907135075,2.968143776213929,0.03200589217938521,0.01667598873335129,0.030599420373339476,AlphaSparse 248af573c867cf4c7e05d40c611c7c34ebac4715,CUDA,13040,13000,2026-10-06T02:45:57.621536+00:00,derived,csr-alg3,0,0,,,,5,20,4,true
3,A100-SXM4-80GB-suitesparse_all-fp64-n2-row-major-AlphaSparse-SpMM-CSR-pre-plus-solve,AlphaSparse-SpMM-CSR-best-pre-plus-solve,AlphaSparseLib CSR PER MATRIX BEST,per-matrix-best,AlphaSparse-SpMM-CSR,best,pre-plus-solve,"csr-alg1,csr-alg2,csr-alg3,csr-alg4,csr-alg5",manual-selection,csr,ALPHASPARSE_SPMM_CSR_ALG3,workspace-setup,spmm.csr.fp64,fp64,A100-SXM4-80GB,A100-SXM4-80GB,,9700.0,018f64fd-81d1-5f6a-986f-7d386c913e5c,suitesparse_all,Sandia/adder_dcop_35,adder_dcop_35,1813,1813,11246,2,row-major,N,N,1.0,0.0,20260922,main,pass,pass,0,0,44984.0,0.01206,0.0144896000624,0.0265496000624,0.0150926000624,3.1045715414003654,1.6943381404719204,2.980533494163677,0.03200589217938521,0.0174674035100198,0.0307271494243678,AlphaSparse 248af573c867cf4c7e05d40c611c7c34ebac4715,CUDA,13040,13000,2026-10-06T21:53:10.693249+00:00,derived,csr-alg3,0,0,,,,5,20,4,true
3,A100-SXM4-80GB-suitesparse_all-fp64-n2-row-major-AlphaSparse-SpMM-CSR-pre-plus-solve,AlphaSparse-SpMM-CSR-best-pre-plus-solve,AlphaSparseLib CSR PER MATRIX BEST,per-matrix-best,AlphaSparse-SpMM-CSR,best,pre-plus-solve,"csr-alg1,csr-alg2,csr-alg3,csr-alg4,csr-alg5",manual-selection,csr,ALPHASPARSE_SPMM_CSR_ALG3,workspace-setup,spmm.csr.fp64,fp64,A100-SXM4-80GB,A100-SXM4-80GB,,9700.0,752b02ae-c4ef-54eb-ad5c-0957985c94ee,suitesparse_all,Sandia/adder_dcop_37,adder_dcop_37,1813,1813,11246,2,row-major,N,N,1.0,0.0,20260922,main,pass,pass,0,0,44984.0,0.01185,0.0144896000624,0.0263396000624,0.0150821000624,3.1045715414003654,1.7078467362234189,2.9826085103457234,0.03200589217938521,0.017606667383746586,0.030748541343770343,AlphaSparse 248af573c867cf4c7e05d40c611c7c34ebac4715,CUDA,13040,13000,2026-10-08T05:55:43.853650+00:00,derived,csr-alg3,0,0,,,,5,20,4,true
3,A100-SXM4-80GB-suitesparse_all-fp64-n2-row-major-AlphaSparse-SpMM-CSR-pre-plus-solve,AlphaSparse-SpMM-CSR-best-pre-plus-solve,AlphaSparseLib CSR PER MATRIX BEST,per-matrix-best,AlphaSparse-SpMM-CSR,best,pre-plus-solve,"csr-alg1,csr-alg2,csr-alg3,csr-alg4,csr-alg5",manual-selection,csr,ALPHASPARSE_SPMM_CSR_ALG2,workspace-setup,spmm.csr.fp64,fp64,A100-SXM4-80GB,A100-SXM4-80GB,,9700.0,152f8cc9-7213-5fba-8430-8cd9341fa530,suitesparse_all,Sandia/adder_dcop_38,adder_dcop_38,1813,1813,11246,2,row-major,N,N,1.0,0.0,20260922,main,pass,pass,0,0,44984.0,0.01895,0.0151040002704,0.0340540002704,0.0160515002704,2.978283844986232,1.3209608164330826,2.802479471838118,0.030703957164806516,0.013618152746732809,0.02889154094678472,AlphaSparse 248af573c867cf4c7e05d40c611c7c34ebac4715,CUDA,13040,13000,2026-10-07T23:24:34.706205+00:00,derived,csr-alg2,0,0,,,,5,20,4,true
3,A100-SXM4-80GB-suitesparse_all-fp64-n2-row-major-AlphaSparse-SpMM-CSR-pre-plus-solve,AlphaSparse-SpMM-CSR-best-pre-plus-solve,AlphaSparseLib CSR PER MATRIX BEST,per-matrix-best,AlphaSparse-SpMM-CSR,best,pre-plus-solve,"csr-alg1,csr-alg2,csr-alg3,csr-alg4,csr-alg5",manual-selection,csr,ALPHASPARSE_SPMM_CSR_ALG3,workspace-setup,spmm.csr.fp64,fp64,A100-SXM4-80GB,A100-SXM4-80GB,,9700.0,a0827285-e98d-55a9-b486-73107367c8f5,suitesparse_all,Sandia/adder_dcop_39,adder_dcop_39,1813,1813,11246,2,row-major,N,N,1.0,0.0,20260922,main,pass,pass,0,0,44984.0,0.01691,0.0140303999186,0.0309403999186,0.0148758999186,3.206180883009973,1.4538920026356095,3.023951508557442,0.03305341116505127,0.01498857734675886,0.031174757820179814,AlphaSparse 248af573c867cf4c7e05d40c611c7c34ebac4715,CUDA,13040,13000,2026-10-06T08:02:09.174102+00:00,derived,csr-alg3,0,0,,,,5,20,4,true
3,A100-SXM4-80GB-suitesparse_all-fp64-n2-row-major-AlphaSparse-SpMM-CSR-pre-plus-solve,AlphaSparse-SpMM-CSR-best-pre-plus-solve,AlphaSparseLib CSR PER MATRIX BEST,per-matrix-best,AlphaSparse-SpMM-CSR,best,pre-plus-solve,"csr-alg1,csr-alg2,csr-alg3,csr-alg4,csr-alg5",manual-selection,csr,ALPHASPARSE_SPMM_CSR_ALG2,workspace-setup,spmm.csr.fp64,fp64,A100-SXM4-80GB,A100-SXM4-80GB,,9700.0,dd6a9a30-d69d-5ea7-834e-7b0f3242a57c,suitesparse_all,Sandia/adder_dcop_40,adder_dcop_40,1813,1813,11246,2,row-major,N,N,1.0,0.0,20260922,main,pass,pass,0,0,44984.0,0.01417,0.0120832003653,0.0262532003653,0.0127917003653,3.7228547603317956,1.7134672868096232,3.5166552307641554,0.03837994598280202,0.01766461120422292,0.036254177636743865,AlphaSparse 248af573c867cf4c7e05d40c611c7c34ebac4715,CUDA,13040,13000,2026-10-06T20:29:30.649228+00:00,derived,csr-alg2,0,0,,,,5,20,4,true
3,A100-SXM4-80GB-suitesparse_all-fp64-n2-row-major-AlphaSparse-SpMM-CSR-pre-plus-solve,AlphaSparse-SpMM-CSR-best-pre-plus-solve,AlphaSparseLib CSR PER MATRIX BEST,per-matrix-best,AlphaSparse-SpMM-CSR,best,pre-plus-solve,"csr-alg1,csr-alg2,csr-alg3,csr-alg4,csr-alg5",manual-selection,csr,ALPHASPARSE_SPMM_CSR_ALG3,workspace-setup,spmm.csr.fp64,fp64,A100-SXM4-80GB,A100-SXM4-80GB,,9700.0,005fdebf-9ece-5bc0-9d3c-6fda0356699d,suitesparse_all,Sandia/adder_dcop_41,adder_dcop_41,1813,1813,11246,2,row-major,N,N,1.0,0.0,20260922,main,pass,pass,0,0,44984.0,0.013571,0.0133632004261,0.0269342004261,0.0140417504261,3.3662594712072584,1.6701442511138824,3.203589198992337,0.03470370588873462,0.01721798197024621,0.03302669277311687,AlphaSparse 248af573c867cf4c7e05d40c611c7c34ebac4715,CUDA,13040,13000,2026-10-08T14:44:51.852687+00:00,derived,csr-alg3,0,0,,,,5,20,4,true
3,A100-SXM4-80GB-suitesparse_all-fp64-n2-row-major-AlphaSparse-SpMM-CSR-pre-plus-solve,AlphaSparse-SpMM-CSR-best-pre-plus-solve,AlphaSparseLib CSR PER MATRIX BEST,per-matrix-best,AlphaSparse-SpMM-CSR,best,pre-plus-solve,"csr-alg1,csr-alg2,csr-alg3,csr-alg4,csr-alg5",manual-selection,csr,ALPHASPARSE_SPMM_CSR_ALG5,workspace-setup,spmm.csr.fp64,fp64,A100-SXM4-80GB,A100-SXM4-80GB,,9700.0,d94c6f41-d28e-5f45-abb9-189a8a3b4f78,suitesparse_all,Sandia/adder_dcop_42,adder_dcop_42,1813,1813,11246,2,row-major,N,N,1.0,0.0,20260922,main,pass,pass,0,0,44984.0,0.01245,0.0145408004522,0.0269908004522,0.0151633004522,3.0936398685805493,1.6666419389697422,2.966636461620293,0.03189319452144896,0.017181875659481878,0.03058388104763189,AlphaSparse 248af573c867cf4c7e05d40c611c7c34ebac4715,CUDA,13040,13000,2026-10-06T03:33:56.982192+00:00,derived,csr-alg5,0,0,,,,5,20,4,true
3,A100-SXM4-80GB-suitesparse_all-fp64-n2-row-major-AlphaSparse-SpMM-CSR-pre-plus-solve,AlphaSparse-SpMM-CSR-best-pre-plus-solve,AlphaSparseLib CSR PER MATRIX BEST,per-matrix-best,AlphaSparse-SpMM-CSR,best,pre-plus-solve,"csr-alg1,csr-alg2,csr-alg3,csr-alg4,csr-alg5",manual-selection,csr,ALPHASPARSE_SPMM_CSR_ALG3,workspace-setup,spmm.csr.fp64,fp64,A100-SXM4-80GB,A100-SXM4-80GB,,9700.0,018f64fd-81d1-5f6a-986f-7d386c913e5c,suitesparse_all,Sandia/adder_dcop_43,adder_dcop_43,1813,1813,11246,2,row-major,N,N,1.0,0.0,20260922,main,pass,pass,0,0,44984.0,0.01136,0.0144896000624,0.0258496000624,0.0150576000624,3.1045715414003654,1.7402203473713425,2.987461468865052,0.03200589217938521,0.017940415952281883,0.030798571843969606,AlphaSparse 248af573c867cf4c7e05d40c611c7c34ebac4715,CUDA,13040,13000,2026-10-06T21:53:11.948953+00:00,derived,csr-alg3,0,0,,,,5,20,4,true
3,A100-SXM4-80GB-suitesparse_all-fp64-n2-row-major-AlphaSparse-SpMM-CSR-pre-plus-solve,AlphaSparse-SpMM-CSR-best-pre-plus-solve,AlphaSparseLib CSR PER MATRIX BEST,per-matrix-best,AlphaSparse-SpMM-CSR,best,pre-plus-solve,"csr-alg1,csr-alg2,csr-alg3,csr-alg4,csr-alg5",manual-selection,csr,ALPHASPARSE_SPMM_CSR_ALG3,workspace-setup,spmm.csr.fp64,fp64,A100-SXM4-80GB,A100-SXM4-80GB,,9700.0,752b02ae-c4ef-54eb-ad5c-0957985c94ee,suitesparse_all,Sandia/adder_dcop_45,adder_dcop_45,1813,1813,11246,2,row-major,N,N,1.0,0.0,20260922,main,pass,pass,0,0,44984.0,0.01149,0.0144896000624,0.0259796000624,0.0150641000624,3.1045715414003654,1.7315124132763253,2.986172410808667,0.03200589217938521,0.017850643435838406,0.030785282585656357,AlphaSparse 248af573c867cf4c7e05d40c611c7c34ebac4715,CUDA,13040,13000,2026-10-08T05:55:44.496069+00:00,derived,csr-alg3,0,0,,,,5,20,4,true
3,A100-SXM4-80GB-suitesparse_all-fp64-n2-row-major-AlphaSparse-SpMM-CSR-pre-plus-solve,AlphaSparse-SpMM-CSR-best-pre-plus-solve,AlphaSparseLib CSR PER MATRIX BEST,per-matrix-best,AlphaSparse-SpMM-CSR,best,pre-plus-solve,"csr-alg1,csr-alg2,csr-alg3,csr-alg4,csr-alg5",manual-selection,csr,ALPHASPARSE_SPMM_CSR_ALG2,workspace-setup,spmm.csr.fp64,fp64,A100-SXM4-80GB,A100-SXM4-80GB,,9700.0,152f8cc9-7213-5fba-8430-8cd9341fa530,suitesparse_all,Sandia/adder_dcop_46,adder_dcop_46,1813,1813,11246,2,row-major,N,N,1.0,0.0,20260922,main,pass,pass,0,0,44984.0,0.017,0.0150015994906,0.0320015994906,0.0158515994906,2.998613583050725,1.405679738389745,2.8378208790018644,0.030913542093306445,0.014491543694739638,0.029255885350534687,AlphaSparse 248af573c867cf4c7e05d40c611c7c34ebac4715,CUDA,13040,13000,2026-10-07T23:24:35.384346+00:00,derived,csr-alg2,0,0,,,,5,20,4,true
3,A100-SXM4-80GB-suitesparse_all-fp64-n2-row-major-AlphaSparse-SpMM-CSR-pre-plus-solve,AlphaSparse-SpMM-CSR-best-pre-plus-solve,AlphaSparseLib CSR PER MATRIX BEST,per-matrix-best,AlphaSparse-SpMM-CSR,best,pre-plus-solve,"csr-alg1,csr-alg2,csr-alg3,csr-alg4,csr-alg5",manual-selection,csr,ALPHASPARSE_SPMM_CSR_ALG3,workspace-setup,spmm.csr.fp64,fp64,A100-SXM4-80GB,A100-SXM4-80GB,,9700.0,a0827285-e98d-55a9-b486-73107367c8f5,suitesparse_all,Sandia/adder_dcop_47,adder_dcop_47,1813,1813,11246,2,row-major,N,N,1.0,0.0,20260922,main,pass,pass,0,0,44984.0,0.01726,0.0140928000212,0.0313528000212,0.0149558000212,3.1919845546896237,1.4347681856032926,3.0077963021860894,0.03290705726484148,0.014791424593848376,0.03100820930088752,AlphaSparse 248af573c867cf4c7e05d40c611c7c34ebac4715,CUDA,13040,13000,2026-10-06T08:02:09.788153+00:00,derived,csr-alg3,0,0,,,,5,20,4,true
3,A100-SXM4-80GB-suitesparse_all-fp64-n2-row-major-AlphaSparse-SpMM-CSR-pre-plus-solve,AlphaSparse-SpMM-CSR-best-pre-plus-solve,AlphaSparseLib CSR PER MATRIX BEST,per-matrix-best,AlphaSparse-SpMM-CSR,best,pre-plus-solve,"csr-alg1,csr-alg2,csr-alg3,csr-alg4,csr-alg5",manual-selection,csr,ALPHASPARSE_SPMM_CSR_ALG2,workspace-setup,spmm.csr.fp64,fp64,A100-SXM4-80GB,A100-SXM4-80GB,,9700.0,dd6a9a30-d69d-5ea7-834e-7b0f3242a57c,suitesparse_all,Sandia/adder_dcop_48,adder_dcop_48,1813,1813,11246,2,row-major,N,N,1.0,0.0,20260922,main,pass,pass,0,0,44984.0,0.01343,0.0121344000101,0.0255644000101,0.0128059000101,3.707146621386951,1.7596344910198436,3.512755836334906,0.03821800640605104,0.01814056176309117,0.03621397769417429,AlphaSparse 248af573c867cf4c7e05d40c611c7c34ebac4715,CUDA,13040,13000,2026-10-06T20:29:32.020735+00:00,derived,csr-alg2,0,0,,,,5,20,4,true
3,A100-SXM4-80GB-suitesparse_all-fp64-n2-row-major-AlphaSparse-SpMM-CSR-pre-plus-solve,AlphaSparse-SpMM-CSR-best-pre-plus-solve,AlphaSparseLib CSR PER MATRIX BEST,per-matrix-best,AlphaSparse-SpMM-CSR,best,pre-plus-solve,"csr-alg1,csr-alg2,csr-alg3,csr-alg4,csr-alg5",manual-selection,csr,ALPHASPARSE_SPMM_CSR_ALG3,workspace-setup,spmm.csr.fp64,fp64,A100-SXM4-80GB,A100-SXM4-80GB,,9700.0,005fdebf-9ece-5bc0-9d3c-6fda0356699d,suitesparse_all,Sandia/adder_dcop_49,adder_dcop_49,1813,1813,11246,2,row-major,N,N,1.0,0.0,20260922,main,pass,pass,0,0,44984.0,0.01515,0.0134655997157,0.0286155997157,0.0142230997157,3.3406607169193983,1.5720096886636084,3.162742362717527,0.03443980120535462,0.01620628545014029,0.03260559136822192,AlphaSparse 248af573c867cf4c7e05d40c611c7c34ebac4715,CUDA,13040,13000,2026-10-08T14:44:52.493011+00:00,derived,csr-alg3,0,0,,,,5,20,4,true
3,A100-SXM4-80GB-suitesparse_all-fp64-n2-row-major-AlphaSparse-SpMM-CSR-pre-plus-solve,AlphaSparse-SpMM-CSR-best-pre-plus-solve,AlphaSparseLib CSR PER MATRIX BEST,per-matrix-best,AlphaSparse-SpMM-CSR,best,pre-plus-solve,"csr-alg1,csr-alg2,csr-alg3,csr-alg4,csr-alg5",manual-selection,csr,ALPHASPARSE_SPMM_CSR_ALG5,workspace-setup,spmm.csr.fp64,fp64,A100-SXM4-80GB,A100-SXM4-80GB,,9700.0,d94c6f41-d28e-5f45-abb9-189a8a3b4f78,suitesparse_all,Sandia/adder_dcop_50,adder_dcop_50,1813,1813,11246,2,row-major,N,N,1.0,0.0,20260922,main,pass,pass,0,0,44984.0,0.01255,0.0139264002442,0.0264764002442,0.0145539002442,3.2301240242419946,1.6990225100504108,3.0908553202380893,0.033300247672597885,0.01751569597990114,0.031864487837506075,AlphaSparse 248af573c867cf4c7e05d40c611c7c34ebac4715,CUDA,13040,13000,2026-10-06T03:33:57.612068+00:00,derived,csr-alg5,0,0,,,,5,20,4,true
3,A100-SXM4-80GB-suitesparse_all-fp64-n2-row-major-AlphaSparse-SpMM-CSR-pre-plus-solve,AlphaSparse-SpMM-CSR-best-pre-plus-solve,AlphaSparseLib CSR PER MATRIX BEST,per-matrix-best,AlphaSparse-SpMM-CSR,best,pre-plus-solve,"csr-alg1,csr-alg2,csr-alg3,csr-alg4,csr-alg5",manual-selection,csr,ALPHASPARSE_SPMM_CSR_ALG3,workspace-setup,spmm.csr.fp64,fp64,A100-SXM4-80GB,A100-SXM4-80GB,,9700.0,018f64fd-81d1-5f6a-986f-7d386c913e5c,suitesparse_all,Sandia/adder_dcop_51,adder_dcop_51,1813,1813,11246,2,row-major,N,N,1.0,0.0,20260922,main,pass,pass,0,0,44984.0,0.01237,0.0145408004522,0.0269108004522,0.0151593004522,3.0936398685805493,1.671596505644725,2.9674192514253965,0.03189319452144896,0.017232953666440464,0.030591951045622644,AlphaSparse 248af573c867cf4c7e05d40c611c7c34ebac4715,CUDA,13040,13000,2026-10-06T21:53:12.955890+00:00,derived,csr-alg3,0,0,,,,5,20,4,true
3,A100-SXM4-80GB-suitesparse_all-fp64-n2-row-major-AlphaSparse-SpMM-CSR-pre-plus-solve,AlphaSparse-SpMM-CSR-best-pre-plus-solve,AlphaSparseLib CSR PER MATRIX BEST,per-matrix-best,AlphaSparse-SpMM-CSR,best,pre-plus-solve,"csr-alg1,csr-alg2,csr-alg3,csr-alg4,csr-alg5",manual-selection,csr,ALPHASPARSE_SPMM_CSR_ALG2,workspace-setup,spmm.csr.fp64,fp64,A100-SXM4-80GB,A100-SXM4-80GB,,9700.0,752b02ae-c4ef-54eb-ad5c-0957985c94ee,suitesparse_all,Sandia/adder_dcop_53,adder_dcop_53,1813,1813,11246,2,row-major,N,N,1.0,0.0,20260922,main,pass,pass,0,0,44984.0,0.01185,0.0153088003397,0.0271588003397,0.0159013003397,2.938440570247945,1.6563323651024309,2.828951031614103,0.03029320175513345,0.017075591392808568,0.029164443624887657,AlphaSparse 248af573c867cf4c7e05d40c611c7c34ebac4715,CUDA,13040,13000,2026-10-08T04:53:43.598643+00:00,derived,csr-alg2,0,0,,,,5,20,4,true
3,A100-SXM4-80GB-suitesparse_all-fp64-n2-row-major-AlphaSparse-SpMM-CSR-pre-plus-solve,AlphaSparse-SpMM-CSR-best-pre-plus-solve,AlphaSparseLib CSR PER MATRIX BEST,per-matrix-best,AlphaSparse-SpMM-CSR,best,pre-plus-solve,"csr-alg1,csr-alg2,csr-alg3,csr-alg4,csr-alg5",manual-selection,csr,ALPHASPARSE_SPMM_CSR_ALG2,workspace-setup,spmm.csr.fp64,fp64,A100-SXM4-80GB,A100-SXM4-80GB,,9700.0,152f8cc9-7213-5fba-8430-8cd9341fa530,suitesparse_all,Sandia/adder_dcop_54,adder_dcop_54,1813,1813,11246,2,row-major,N,N,1.0,0.0,20260922,main,pass,pass,0,0,44984.0,0.01903,0.014899200201,0.033929200201,0.015850700201,3.01922246785977,1.3258196401185485,2.8379818827916523,0.0311260048232966,0.013668243712562355,0.029257545183419095,AlphaSparse 248af573c867cf4c7e05d40c611c7c34ebac4715,CUDA,13040,13000,2026-10-07T23:24:36.040376+00:00,derived,csr-alg2,0,0,,,,5,20,4,true
3,A100-SXM4-80GB-suitesparse_all-fp64-n2-row-major-AlphaSparse-SpMM-CSR-pre-plus-solve,AlphaSparse-SpMM-CSR-best-pre-plus-solve,AlphaSparseLib CSR PER MATRIX BEST,per-matrix-best,AlphaSparse-SpMM-CSR,best,pre-plus-solve,"csr-alg1,csr-alg2,csr-alg3,csr-alg4,csr-alg5",manual-selection,csr,ALPHASPARSE_SPMM_CSR_ALG5,workspace-setup,spmm.csr.fp64,fp64,A100-SXM4-80GB,A100-SXM4-80GB,,9700.0,a0827285-e98d-55a9-b486-73107367c8f5,suitesparse_all,Sandia/adder_dcop_55,adder_dcop_55,1813,1813,11246,2,row-major,N,N,1.0,0.0,20260922,main,pass,pass,0,0,44984.0,0.0171,0.0148384004831,0.0319384004831,0.0156934004831,3.0315936041242404,1.4084612666749856,2.8664278368759293,0.03125354231055918,0.014520219244072017,0.029550802442019887,AlphaSparse 248af573c867cf4c7e05d40c611c7c34ebac4715,CUDA,13040,13000,2026-10-06T08:57:50.082648+00:00,derived,csr-alg5,0,0,,,,5,20,4,true
3,A100-SXM4-80GB-suitesparse_all-fp64-n2-row-major-AlphaSparse-SpMM-CSR-pre-plus-solve,AlphaSparse-SpMM-CSR-best-pre-plus-solve,AlphaSparseLib CSR PER MATRIX BEST,per-matrix-best,AlphaSparse-SpMM-CSR,best,pre-plus-solve,"csr-alg1,csr-alg2,csr-alg3,csr-alg4,csr-alg5",manual-selection,csr,ALPHASPARSE_SPMM_CSR_ALG3,workspace-setup,spmm.csr.fp64,fp64,A100-SXM4-80GB,A100-SXM4-80GB,,9700.0,dd6a9a30-d69d-5ea7-834e-7b0f3242a57c,suitesparse_all,Sandia/adder_dcop_56,adder_dcop_56,1813,1813,11246,2,row-major,N,N,1.0,0.0,20260922,main,pass,pass,0,0,44984.0,0.01395,0.0116223998368,0.0255723998368,0.0123198998368,3.870457102806529,1.7590840236771876,3.6513283870726867,0.039901619616562155,0.018134886842032863,0.037642560691471,AlphaSparse 248af573c867cf4c7e05d40c611c7c34ebac4715,CUDA,13040,13000,2026-10-06T21:07:23.159146+00:00,derived,csr-alg3,0,0,,,,5,20,4,true
3,A100-SXM4-80GB-suitesparse_all-fp64-n2-row-major-AlphaSparse-SpMM-CSR-pre-plus-solve,AlphaSparse-SpMM-CSR-best-pre-plus-solve,AlphaSparseLib CSR PER MATRIX BEST,per-matrix-best,AlphaSparse-SpMM-CSR,best,pre-plus-solve,"csr-alg1,csr-alg2,csr-alg3,csr-alg4,csr-alg5",manual-selection,csr,ALPHASPARSE_SPMM_CSR_ALG2,workspace-setup,spmm.csr.fp64,fp64,A100-SXM4-80GB,A100-SXM4-80GB,,9700.0,005fdebf-9ece-5bc0-9d3c-6fda0356699d,suitesparse_all,Sandia/adder_dcop_57,adder_dcop_57,1813,1813,11246,2,row-major,N,N,1.0,0.0,20260922,main,pass,pass,0,0,44984.0,0.01384,0.0151552006602,0.0289952006602,0.0158472006602,2.968221999074894,1.5514291667498918,2.8386085949537208,0.030600226794586537,0.015994115121132906,0.029264006133543515,AlphaSparse 248af573c867cf4c7e05d40c611c7c34ebac4715,CUDA,13040,13000,2026-10-08T14:21:00.936529+00:00,derived,csr-alg2,0,0,,,,5,20,4,true
3,A100-SXM4-80GB-suitesparse_all-fp64-n2-row-major-AlphaSparse-SpMM-CSR-pre-plus-solve,AlphaSparse-SpMM-CSR-best-pre-plus-solve,AlphaSparseLib CSR PER MATRIX BEST,per-matrix-best,AlphaSparse-SpMM-CSR,best,pre-plus-solve,"csr-alg1,csr-alg2,csr-alg3,csr-alg4,csr-alg5",manual-selection,csr,ALPHASPARSE_SPMM_CSR_ALG5,workspace-setup,spmm.csr.fp64,fp64,A100-SXM4-80GB,A100-SXM4-80GB,,9700.0,d94c6f41-d28e-5f45-abb9-189a8a3b4f78,suitesparse_all,Sandia/adder_dcop_58,adder_dcop_58,1813,1813,11246,2,row-major,N,N,1.0,0.0,20260922,main,pass,pass,0,0,44984.0,0.01232,0.011878400296,0.024198400296,0.012494400296,3.7870419314920856,1.8589658593025202,3.60033286386713,0.03904166939682563,0.019164596487654846,0.037116833648114744,AlphaSparse 248af573c867cf4c7e05d40c611c7c34ebac4715,CUDA,13040,13000,2026-10-06T03:33:58.250202+00:00,derived,csr-alg5,0,0,,,,5,20,4,true
3,A100-SXM4-80GB-suitesparse_all-fp64-n2-row-major-AlphaSparse-SpMM-CSR-pre-plus-solve,AlphaSparse-SpMM-CSR-best-pre-plus-solve,AlphaSparseLib CSR PER MATRIX BEST,per-matrix-best,AlphaSparse-SpMM-CSR,best,pre-plus-solve,"csr-alg1,csr-alg2,csr-alg3,csr-alg4,csr-alg5",manual-selection,csr,ALPHASPARSE_SPMM_CSR_ALG3,workspace-setup,spmm.csr.fp64,fp64,A100-SXM4-80GB,A100-SXM4-80GB,,9700.0,018f64fd-81d1-5f6a-986f-7d386c913e5c,suitesparse_all,Sandia/adder_dcop_59,adder_dcop_59,1813,1813,11246,2,row-major,N,N,1.0,0.0,20260922,main,pass,pass,0,0,44984.0,0.01119,0.0145408004522,0.0257308004522,0.0151003004522,3.0936398685805493,1.7482549788362234,2.979013572769419,0.03189319452144896,0.018023247204497148,0.030711480131643498,AlphaSparse 248af573c867cf4c7e05d40c611c7c34ebac4715,CUDA,13040,13000,2026-10-06T21:53:13.768382+00:00,derived,csr-alg3,0,0,,,,5,20,4,true
3,A100-SXM4-80GB-suitesparse_all-fp64-n2-row-major-AlphaSparse-SpMM-CSR-pre-plus-solve,AlphaSparse-SpMM-CSR-best-pre-plus-solve,AlphaSparseLib CSR PER MATRIX BEST,per-matrix-best,AlphaSparse-SpMM-CSR,best,pre-plus-solve,"csr-alg1,csr-alg2,csr-alg3,csr-alg4,csr-alg5",manual-selection,csr,ALPHASPARSE_SPMM_CSR_ALG3,workspace-setup,spmm.csr.fp64,fp64,A100-SXM4-80GB,A100-SXM4-80GB,,9700.0,752b02ae-c4ef-54eb-ad5c-0957985c94ee,suitesparse_all,Sandia/adder_dcop_61,adder_dcop_61,1813,1813,11246,2,row-major,N,N,1.0,0.0,20260922,main,pass,pass,0,0,44984.0,0.01269,0.0144383996725,0.0271283996725,0.0150728996725,3.1155807444282395,1.6581884867171204,2.9844290731976275,0.0321193891178169,0.01709472666718681,0.03076731003296523,AlphaSparse 248af573c867cf4c7e05d40c611c7c34ebac4715,CUDA,13040,13000,2026-10-08T05:55:45.839463+00:00,derived,csr-alg3,0,0,,,,5,20,4,true
3,A100-SXM4-80GB-suitesparse_all-fp64-n2-row-major-AlphaSparse-SpMM-CSR-pre-plus-solve,AlphaSparse-SpMM-CSR-best-pre-plus-solve,AlphaSparseLib CSR PER MATRIX BEST,per-matrix-best,AlphaSparse-SpMM-CSR,best,pre-plus-solve,"csr-alg1,csr-alg2,csr-alg3,csr-alg4,csr-alg5",manual-selection,csr,ALPHASPARSE_SPMM_CSR_ALG3,workspace-setup,spmm.csr.fp64,fp64,A100-SXM4-80GB,A100-SXM4-80GB,,9700.0,152f8cc9-7213-5fba-8430-8cd9341fa530,suitesparse_all,Sandia/adder_dcop_62,adder_dcop_62,1813,1813,11246,2,row-major,N,N,1.0,0.0,20260922,main,pass,pass,0,0,44984.0,0.0152,0.0143871992826,0.0295871992826,0.0151471992826,3.1266683053736544,1.5203872313272564,2.969789936788799,0.032233693869831485,0.015674095168322234,0.030616391100915453,AlphaSparse 248af573c867cf4c7e05d40c611c7c34ebac4715,CUDA,13040,13000,2026-10-08T00:23:04.673516+00:00,derived,csr-alg3,0,0,,,,5,20,4,true
3,A100-SXM4-80GB-suitesparse_all-fp64-n2-row-major-AlphaSparse-SpMM-CSR-pre-plus-solve,AlphaSparse-SpMM-CSR-best-pre-plus-solve,AlphaSparseLib CSR PER MATRIX BEST,per-matrix-best,AlphaSparse-SpMM-CSR,best,pre-plus-solve,"csr-alg1,csr-alg2,csr-alg3,csr-alg4,csr-alg5",manual-selection,csr,ALPHASPARSE_SPMM_CSR_ALG3,workspace-setup,spmm.csr.fp64,fp64,A100-SXM4-80GB,A100-SXM4-80GB,,9700.0,a0827285-e98d-55a9-b486-73107367c8f5,suitesparse_all,Sandia/adder_dcop_63,adder_dcop_63,1813,1813,11246,2,row-major,N,N,1.0,0.0,20260922,main,pass,pass,0,0,44984.0,0.01772,0.0140543997288,0.0317743997288,0.0149403997288,3.2007058905418546,1.4157309149487078,3.0108966839278186,0.03299696794373046,0.014595164071636163,0.03104017199925586,AlphaSparse 248af573c867cf4c7e05d40c611c7c34ebac4715,CUDA,13040,13000,2026-10-06T08:02:11.099291+00:00,derived,csr-alg3,0,0,,,,5,20,4,true
3,A100-SXM4-80GB-suitesparse_all-fp64-n2-row-major-AlphaSparse-SpMM-CSR-pre-plus-solve,AlphaSparse-SpMM-CSR-best-pre-plus-solve,AlphaSparseLib CSR PER MATRIX BEST,per-matrix-best,AlphaSparse-SpMM-CSR,best,pre-plus-solve,"csr-alg1,csr-alg2,csr-alg3,csr-alg4,csr-alg5",manual-selection,csr,ALPHASPARSE_SPMM_CSR_ALG5,workspace-setup,spmm.csr.fp64,fp64,A100-SXM4-80GB,A100-SXM4-80GB,,9700.0,dd6a9a30-d69d-5ea7-834e-7b0f3242a57c,suitesparse_all,Sandia/adder_dcop_64,adder_dcop_64,1813,1813,11246,2,row-major,N,N,1.0,0.0,20260922,main,pass,pass,0,0,44984.0,0.01301,0.0142335996032,0.0272435996032,0.0148840996032,3.160409260766805,1.6511768141944148,3.022285606737588,0.032581538770791806,0.017022441383447575,0.031157583574614307,AlphaSparse 248af573c867cf4c7e05d40c611c7c34ebac4715,CUDA,13040,13000,2026-10-06T22:21:54.340571+00:00,derived,csr-alg5,0,0,,,,5,20,4,true
3,A100-SXM4-80GB-suitesparse_all-fp64-n2-row-major-AlphaSparse-SpMM-CSR-pre-plus-solve,AlphaSparse-SpMM-CSR-best-pre-plus-solve,AlphaSparseLib CSR PER MATRIX BEST,per-matrix-best,AlphaSparse-SpMM-CSR,best,pre-plus-solve,"csr-alg1,csr-alg2,csr-alg3,csr-alg4,csr-alg5",manual-selection,csr,ALPHASPARSE_SPMM_CSR_ALG3,workspace-setup,spmm.csr.fp64,fp64,A100-SXM4-80GB,A100-SXM4-80GB,,9700.0,005fdebf-9ece-5bc0-9d3c-6fda0356699d,suitesparse_all,Sandia/adder_dcop_65,adder_dcop_65,1813,1813,11246,2,row-major,N,N,1.0,0.0,20260922,main,pass,pass,0,0,44984.0,0.0152,0.0128511995077,0.0280511995077,0.0136111995077,3.500373640067382,1.6036390881485114,3.304925475124516,0.036086326186261675,0.01653236173348981,0.03407139665076821,AlphaSparse 248af573c867cf4c7e05d40c611c7c34ebac4715,CUDA,13040,13000,2026-10-08T14:44:54.249389+00:00,derived,csr-alg3,0,0,,,,5,20,4,true
3,A100-SXM4-80GB-suitesparse_all-fp64-n2-row-major-AlphaSparse-SpMM-CSR-pre-plus-solve,AlphaSparse-SpMM-CSR-best-pre-plus-solve,AlphaSparseLib CSR PER MATRIX BEST,per-matrix-best,AlphaSparse-SpMM-CSR,best,pre-plus-solve,"csr-alg1,csr-alg2,csr-alg3,csr-alg4,csr-alg5",manual-selection,csr,ALPHASPARSE_SPMM_CSR_ALG5,workspace-setup,spmm.csr.fp64,fp64,A100-SXM4-80GB,A100-SXM4-80GB,,9700.0,d94c6f41-d28e-5f45-abb9-189a8a3b4f78,suitesparse_all,Sandia/adder_dcop_66,adder_dcop_66,1813,1813,11246,2,row-major,N,N,1.0,0.0,20260922,main,pass,pass,0,0,44984.0,0.01373,0.0131584003568,0.0268884003568,0.0138449003568,3.4186526310360486,1.6729890734695072,3.249138588267691,0.035243841557072664,0.017247310035768116,0.033496274105852486,AlphaSparse 248af573c867cf4c7e05d40c611c7c34ebac4715,CUDA,13040,13000,2026-10-06T03:33:58.860762+00:00,derived,csr-alg5,0,0,,,,5,20,4,true
3,A100-SXM4-80GB-suitesparse_all-fp64-n2-row-major-AlphaSparse-SpMM-CSR-pre-plus-solve,AlphaSparse-SpMM-CSR-best-pre-plus-solve,AlphaSparseLib CSR PER MATRIX BEST,per-matrix-best,AlphaSparse-SpMM-CSR,best,pre-plus-solve,"csr-alg1,csr-alg2,csr-alg3,csr-alg4,csr-alg5",manual-selection,csr,ALPHASPARSE_SPMM_CSR_ALG3,workspace-setup,spmm.csr.fp64,fp64,A100-SXM4-80GB,A100-SXM4-80GB,,9700.0,018f64fd-81d1-5f6a-986f-7d386c913e5c,suitesparse_all,Sandia/adder_dcop_67,adder_dcop_67,1813,1813,11246,2,row-major,N,N,1.0,0.0,20260922,main,pass,pass,0,0,44984.0,0.01229,0.014591999352,0.026881999352,0.015206499352,3.0827852246193,1.6733874371086623,2.9582087868292697,0.0317812909754567,0.01725141687740889,0.030496997802363607,AlphaSparse 248af573c867cf4c7e05d40c611c7c34ebac4715,CUDA,13040,13000,2026-10-06T21:53:14.729087+00:00,derived,csr-alg3,0,0,,,,5,20,4,true
3,A100-SXM4-80GB-suitesparse_all-fp64-n2-row-major-AlphaSparse-SpMM-CSR-pre-plus-solve,AlphaSparse-SpMM-CSR-best-pre-plus-solve,AlphaSparseLib CSR PER MATRIX BEST,per-matrix-best,AlphaSparse-SpMM-CSR,best,pre-plus-solve,"csr-alg1,csr-alg2,csr-alg3,csr-alg4,csr-alg5",manual-selection,csr,ALPHASPARSE_SPMM_CSR_ALG3,workspace-setup,spmm.csr.fp64,fp64,A100-SXM4-80GB,A100-SXM4-80GB,,9700.0,752b02ae-c4ef-54eb-ad5c-0957985c94ee,suitesparse_all,Sandia/adder_dcop_69,adder_dcop_69,1813,1813,11246,2,row-major,N,N,1.0,0.0,20260922,main,pass,pass,0,0,44984.0,0.01136,0.0144383996725,0.0257983996725,0.0150063996725,3.1155807444282395,1.7436740484314242,2.9976543995716374,0.0321193891178169,0.01797602111784973,0.030903653603831314,AlphaSparse 248af573c867cf4c7e05d40c611c7c34ebac4715,CUDA,13040,13000,2026-10-08T05:55:46.471522+00:00,derived,csr-alg3,0,0,,,,5,20,4,true
3,A100-SXM4-80GB-suitesparse_all-fp64-n2-row-major-AlphaSparse-SpMM-CSR-pre-plus-solve,AlphaSparse-SpMM-CSR-best-pre-plus-solve,AlphaSparseLib CSR PER MATRIX BEST,per-matrix-best,AlphaSparse-SpMM-CSR,best,pre-plus-solve,"csr-alg1,csr-alg2,csr-alg3,csr-alg4,csr-alg5",manual-selection,csr,ALPHASPARSE_SPMM_CSR_ALG3,workspace-setup,spmm.csr.fp64,fp64,A100-SXM4-80GB,A100-SXM4-80GB,,9700.0,152f8cc9-7213-5fba-8430-8cd9341fa530,suitesparse_all,Sandia/adder_trans_01,adder_trans_01,1814,1814,14579,2,row-major,N,N,1.0,0.0,20260922,main,pass,pass,0,0,58316.0,0.01898,0.014591999352,0.033571999352,0.015540999352,3.9964365809821065,1.7370428072680728,3.7523970421178356,0.04120037712352687,0.01790765780688735,0.03868450558884366,AlphaSparse 248af573c867cf4c7e05d40c611c7c34ebac4715,CUDA,13040,13000,2026-10-08T00:23:05.505701+00:00,derived,csr-alg3,0,0,,,,5,20,4,true
3,A100-SXM4-80GB-suitesparse_all-fp64-n2-row-major-AlphaSparse-SpMM-CSR-pre-plus-solve,AlphaSparse-SpMM-CSR-best-pre-plus-solve,AlphaSparseLib CSR PER MATRIX BEST,per-matrix-best,AlphaSparse-SpMM-CSR,best,pre-plus-solve,"csr-alg1,csr-alg2,csr-alg3,csr-alg4,csr-alg5",manual-selection,csr,ALPHASPARSE_SPMM_CSR_ALG2,workspace-setup,spmm.csr.fp64,fp64,A100-SXM4-80GB,A100-SXM4-80GB,,9700.0,a0827285-e98d-55a9-b486-73107367c8f5,suitesparse_all,Sandia/adder_trans_02,adder_trans_02,1814,1814,14579,2,row-major,N,N,1.0,0.0,20260922,main,pass,pass,0,0,58316.0,0.01715,0.014899200201,0.032049200201,0.015756700201,3.9140356001180496,1.8195773883362125,3.701028721502169,0.04035088247544381,0.018758529776661988,0.03815493527321824,AlphaSparse 248af573c867cf4c7e05d40c611c7c34ebac4715,CUDA,13040,13000,2026-10-06T07:33:44.158568+00:00,derived,csr-alg2,0,0,,,,5,20,4,true
3,A100-SXM4-80GB-suitesparse_all-fp64-n2-row-major-AlphaSparse-SpMM-CSR-pre-plus-solve,AlphaSparse-SpMM-CSR-best-pre-plus-solve,AlphaSparseLib CSR PER MATRIX BEST,per-matrix-best,AlphaSparse-SpMM-CSR,best,pre-plus-solve,"csr-alg1,csr-alg2,csr-alg3,csr-alg4,csr-alg5",manual-selection,csr,ALPHASPARSE_SPMM_CSR_ALG5,workspace-setup,spmm.csr.fp64,fp64,A100-SXM4-80GB,A100-SXM4-80GB,,9700.0,dd6a9a30-d69d-5ea7-834e-7b0f3242a57c,suitesparse_all,Sandia/ASIC_100k,ASIC_100k,99340,99340,954163,2,row-major,N,N,1.0,0.0,20260922,main,pass,pass,0,0,3816652.0,0.01368,0.0396800011396,0.0533600011396,0.0403640011396,96.18578352789015,71.52646024153759,94.55583916966022,0.9916060157514448,0.7373861880570886,0.9748024656666002,AlphaSparse 248af573c867cf4c7e05d40c611c7c34ebac4715,CUDA,13040,13000,2026-10-06T22:22:47.166986+00:00,derived,csr-alg5,0,0,,,,5,20,4,true
3,A100-SXM4-80GB-suitesparse_all-fp64-n2-row-major-AlphaSparse-SpMM-CSR-pre-plus-solve,AlphaSparse-SpMM-CSR-best-pre-plus-solve,AlphaSparseLib CSR PER MATRIX BEST,per-matrix-best,AlphaSparse-SpMM-CSR,best,pre-plus-solve,"csr-alg1,csr-alg2,csr-alg3,csr-alg4,csr-alg5",manual-selection,csr,ALPHASPARSE_SPMM_CSR_ALG5,workspace-setup,spmm.csr.fp64,fp64,A100-SXM4-80GB,A100-SXM4-80GB,,9700.0,005fdebf-9ece-5bc0-9d3c-6fda0356699d,suitesparse_all,Sandia/ASIC_100ks,ASIC_100ks,99190,99190,578890,2,row-major,N,N,1.0,0.0,20260922,main,pass,pass,0,0,2315560.0,0.01716,0.0285695999861,0.0457295999861,0.0294275999861,81.04978722581316,50.635911984881545,78.68667513129664,0.8355648167609604,0.5220197111843459,0.8112028364051199,AlphaSparse 248af573c867cf4c7e05d40c611c7c34ebac4715,CUDA,13040,13000,2026-10-08T15:33:12.417950+00:00,derived,csr-alg5,0,0,,,,5,20,4,true
3,A100-SXM4-80GB-suitesparse_all-fp64-n2-row-major-AlphaSparse-SpMM-CSR-pre-plus-solve,AlphaSparse-SpMM-CSR-best-pre-plus-solve,AlphaSparseLib CSR PER MATRIX BEST,per-matrix-best,AlphaSparse-SpMM-CSR,best,pre-plus-solve,"csr-alg1,csr-alg2,csr-alg3,csr-alg4,csr-alg5",manual-selection,csr,ALPHASPARSE_SPMM_CSR_ALG5,workspace-setup,spmm.csr.fp64,fp64,A100-SXM4-80GB,A100-SXM4-80GB,,9700.0,d94c6f41-d28e-5f45-abb9-189a8a3b4f78,suitesparse_all,Sandia/ASIC_320k,ASIC_320k,321821,321821,2635364,2,row-major,N,N,1.0,0.0,20260922,main,pass,pass,0,0,10541456.0,0.02121,0.105727994442,0.126937994442,0.106788494442,99.70354640352897,83.04413541696974,98.71340592525515,1.0278716124075151,0.8561251073914407,1.0176639786108779,AlphaSparse 248af573c867cf4c7e05d40c611c7c34ebac4715,CUDA,13040,13000,2026-10-06T03:35:14.888142+00:00,derived,csr-alg5,0,0,,,,5,20,4,true
3,A100-SXM4-80GB-suitesparse_all-fp64-n2-row-major-AlphaSparse-SpMM-CSR-pre-plus-solve,AlphaSparse-SpMM-CSR-best-pre-plus-solve,AlphaSparseLib CSR PER MATRIX BEST,per-matrix-best,AlphaSparse-SpMM-CSR,best,pre-plus-solve,"csr-alg1,csr-alg2,csr-alg3,csr-alg4,csr-alg5",manual-selection,csr,ALPHASPARSE_SPMM_CSR_ALG5,workspace-setup,spmm.csr.fp64,fp64,A100-SXM4-80GB,A100-SXM4-80GB,,9700.0,018f64fd-81d1-5f6a-986f-7d386c913e5c,suitesparse_all,Sandia/ASIC_320ks,ASIC_320ks,321671,321671,1827807,2,row-major,N,N,1.0,0.0,20260922,main,pass,pass,0,0,7311228.0,0.02185,0.0764927983284,0.0983427983284,0.0775852983284,95.58060575338516,74.34431523481086,94.2347088626678,0.9853670696225274,0.7664362395341326,0.9714918439450289,AlphaSparse 248af573c867cf4c7e05d40c611c7c34ebac4715,CUDA,13040,13000,2026-10-06T23:09:33.351668+00:00,derived,csr-alg5,0,0,,,,5,20,4,true
3,A100-SXM4-80GB-suitesparse_all-fp64-n2-row-major-AlphaSparse-SpMM-CSR-pre-plus-solve,AlphaSparse-SpMM-CSR-best-pre-plus-solve,AlphaSparseLib CSR PER MATRIX BEST,per-matrix-best,AlphaSparse-SpMM-CSR,best,pre-plus-solve,"csr-alg1,csr-alg2,csr-alg3,csr-alg4,csr-alg5",manual-selection,csr,ALPHASPARSE_SPMM_CSR_ALG2,workspace-setup,spmm.csr.fp64,fp64,A100-SXM4-80GB,A100-SXM4-80GB,,9700.0,752b02ae-c4ef-54eb-ad5c-0957985c94ee,suitesparse_all,Sandia/ASIC_680ks,ASIC_680ks,682712,682712,2329176,2,row-major,N,N,1.0,0.0,20260922,main,pass,pass,0,0,9316704.0,0.24922,0.120934402943,0.370154402943,0.133395402943,77.03931861631831,25.169777600712955,69.84276665051972,0.7942197795496733,0.25948224330631914,0.7200285221703063,AlphaSparse 248af573c867cf4c7e05d40c611c7c34ebac4715,CUDA,13040,13000,2026-10-08T04:55:26.771188+00:00,derived,csr-alg2,0,0,,,,5,20,4,true
3,A100-SXM4-80GB-suitesparse_all-fp64-n2-row-major-AlphaSparse-SpMM-CSR-pre-plus-solve,AlphaSparse-SpMM-CSR-best-pre-plus-solve,AlphaSparseLib CSR PER MATRIX BEST,per-matrix-best,AlphaSparse-SpMM-CSR,best,pre-plus-solve,"csr-alg1,csr-alg2,csr-alg3,csr-alg4,csr-alg5",manual-selection,csr,ALPHASPARSE_SPMM_CSR_ALG3,workspace-setup,spmm.csr.fp64,fp64,A100-SXM4-80GB,A100-SXM4-80GB,,9700.0,dd6a9a30-d69d-5ea7-834e-7b0f3242a57c,suitesparse_all,Sandia/fpga_dcop_01,fpga_dcop_01,1220,1220,5892,2,row-major,N,N,1.0,0.0,20260922,main,pass,pass,0,0,23568.0,0.0131,0.011545599997,0.024645599997,0.012200599997,2.041297118047039,0.9562761711165007,1.9317082771171192,0.02104430018605195,0.00985851722800516,0.019914518320795042,AlphaSparse 248af573c867cf4c7e05d40c611c7c34ebac4715,CUDA,13040,13000,2026-10-06T21:07:25.052198+00:00,derived,csr-alg3,0,0,,,,5,20,4,true
3,A100-SXM4-80GB-suitesparse_all-fp64-n2-row-major-AlphaSparse-SpMM-CSR-pre-plus-solve,AlphaSparse-SpMM-CSR-best-pre-plus-solve,AlphaSparseLib CSR PER MATRIX BEST,per-matrix-best,AlphaSparse-SpMM-CSR,best,pre-plus-solve,"csr-alg1,csr-alg2,csr-alg3,csr-alg4,csr-alg5",manual-selection,csr,ALPHASPARSE_SPMM_CSR_ALG1,workspace-setup,spmm.csr.fp64,fp64,A100-SXM4-80GB,A100-SXM4-80GB,,9700.0,005fdebf-9ece-5bc0-9d3c-6fda0356699d,suitesparse_all,Sandia/fpga_dcop_02,fpga_dcop_02,1220,1220,5892,2,row-major,N,N,1.0,0.0,20260922,main,pass,pass,0,0,23568.0,0.01236,0.0121344000101,0.0244944000101,0.0127524000101,1.9422468338264196,0.9621791099305143,1.848122704850378,0.020023163235323913,0.009919372267324889,0.019052811390210082,AlphaSparse 248af573c867cf4c7e05d40c611c7c34ebac4715,CUDA,13040,13000,2026-10-08T13:54:50.789163+00:00,derived,csr-alg1,0,0,,,,5,20,4,true
3,A100-SXM4-80GB-suitesparse_all-fp64-n2-row-major-AlphaSparse-SpMM-CSR-pre-plus-solve,AlphaSparse-SpMM-CSR-best-pre-plus-solve,AlphaSparseLib CSR PER MATRIX BEST,per-matrix-best,AlphaSparse-SpMM-CSR,best,pre-plus-solve,"csr-alg1,csr-alg2,csr-alg3,csr-alg4,csr-alg5",manual-selection,csr,ALPHASPARSE_SPMM_CSR_ALG5,workspace-setup,spmm.csr.fp64,fp64,A100-SXM4-80GB,A100-SXM4-80GB,,9700.0,d94c6f41-d28e-5f45-abb9-189a8a3b4f78,suitesparse_all,Sandia/fpga_dcop_03,fpga_dcop_03,1220,1220,5892,2,row-major,N,N,1.0,0.0,20260922,main,pass,pass,0,0,23568.0,0.01298,0.0121344000101,0.0251144000101,0.0127834000101,1.9422468338264196,0.9384257633278876,1.8436409704287768,0.020023163235323913,0.009674492405442141,0.01900660794256471,AlphaSparse 248af573c867cf4c7e05d40c611c7c34ebac4715,CUDA,13040,13000,2026-10-06T03:33:59.467279+00:00,derived,csr-alg5,0,0,,,,5,20,4,true
3,A100-SXM4-80GB-suitesparse_all-fp64-n2-row-major-AlphaSparse-SpMM-CSR-pre-plus-solve,AlphaSparse-SpMM-CSR-best-pre-plus-solve,AlphaSparseLib CSR PER MATRIX BEST,per-matrix-best,AlphaSparse-SpMM-CSR,best,pre-plus-solve,"csr-alg1,csr-alg2,csr-alg3,csr-alg4,csr-alg5",manual-selection,csr,ALPHASPARSE_SPMM_CSR_ALG3,workspace-setup,spmm.csr.fp64,fp64,A100-SXM4-80GB,A100-SXM4-80GB,,9700.0,018f64fd-81d1-5f6a-986f-7d386c913e5c,suitesparse_all,Sandia/fpga_dcop_04,fpga_dcop_04,1220,1220,5884,2,row-major,N,N,1.0,0.0,20260922,main,pass,pass,0,0,23536.0,0.011529,0.0142335996032,0.0257625996032,0.0148100496032,1.65355220437061,0.9135724019511047,1.5891911661737168,0.01704692994196505,0.009418272185062936,0.01638341408426512,AlphaSparse 248af573c867cf4c7e05d40c611c7c34ebac4715,CUDA,13040,13000,2026-10-06T21:53:15.592237+00:00,derived,csr-alg3,0,0,,,,5,20,4,true
3,A100-SXM4-80GB-suitesparse_all-fp64-n2-row-major-AlphaSparse-SpMM-CSR-pre-plus-solve,AlphaSparse-SpMM-CSR-best-pre-plus-solve,AlphaSparseLib CSR PER MATRIX BEST,per-matrix-best,AlphaSparse-SpMM-CSR,best,pre-plus-solve,"csr-alg1,csr-alg2,csr-alg3,csr-alg4,csr-alg5",manual-selection,csr,ALPHASPARSE_SPMM_CSR_ALG2,workspace-setup,spmm.csr.fp64,fp64,A100-SXM4-80GB,A100-SXM4-80GB,,9700.0,752b02ae-c4ef-54eb-ad5c-0957985c94ee,suitesparse_all,Sandia/fpga_dcop_06,fpga_dcop_06,1220,1220,5860,2,row-major,N,N,1.0,0.0,20260922,main,pass,pass,0,0,23440.0,0.01144,0.014284799993,0.025724799993,0.014856799993,1.6409050187252419,0.9111829832060222,1.577728717559912,0.01691654658479631,0.00939363900212394,0.016265244510926927,AlphaSparse 248af573c867cf4c7e05d40c611c7c34ebac4715,CUDA,13040,13000,2026-10-08T04:53:45.492594+00:00,derived,csr-alg2,0,0,,,,5,20,4,true
3,A100-SXM4-80GB-suitesparse_all-fp64-n2-row-major-AlphaSparse-SpMM-CSR-pre-plus-solve,AlphaSparse-SpMM-CSR-best-pre-plus-solve,AlphaSparseLib CSR PER MATRIX BEST,per-matrix-best,AlphaSparse-SpMM-CSR,best,pre-plus-solve,"csr-alg1,csr-alg2,csr-alg3,csr-alg4,csr-alg5",manual-selection,csr,ALPHASPARSE_SPMM_CSR_ALG3,workspace-setup,spmm.csr.fp64,fp64,A100-SXM4-80GB,A100-SXM4-80GB,,9700.0,152f8cc9-7213-5fba-8430-8cd9341fa530,suitesparse_all,Sandia/fpga_dcop_07,fpga_dcop_07,1220,1220,5855,2,row-major,N,N,1.0,0.0,20260922,main,pass,pass,0,0,23420.0,0.01691,0.0139776006341,0.0308876006341,0.0148231006341,1.6755379276514852,0.7582330617854549,1.5799663362011553,0.017273586883005,0.007816835688509844,0.016288312744341806,AlphaSparse 248af573c867cf4c7e05d40c611c7c34ebac4715,CUDA,13040,13000,2026-10-08T00:23:06.563013+00:00,derived,csr-alg3,0,0,,,,5,20,4,true
3,A100-SXM4-80GB-suitesparse_all-fp64-n2-row-major-AlphaSparse-SpMM-CSR-pre-plus-solve,AlphaSparse-SpMM-CSR-best-pre-plus-solve,AlphaSparseLib CSR PER MATRIX BEST,per-matrix-best,AlphaSparse-SpMM-CSR,best,pre-plus-solve,"csr-alg1,csr-alg2,csr-alg3,csr-alg4,csr-alg5",manual-selection,csr,ALPHASPARSE_SPMM_CSR_ALG2,workspace-setup,spmm.csr.fp64,fp64,A100-SXM4-80GB,A100-SXM4-80GB,,9700.0,a0827285-e98d-55a9-b486-73107367c8f5,suitesparse_all,Sandia/fpga_dcop_08,fpga_dcop_08,1220,1220,5888,2,row-major,N,N,1.0,0.0,20260922,main,pass,pass,0,0,23552.0,0.0154,0.0128511995077,0.0282511995077,0.0136211995077,1.8326693929145248,0.833663717308031,1.729069454322739,0.01889349889602603,0.008594471312453928,0.017825458291987,AlphaSparse 248af573c867cf4c7e05d40c611c7c34ebac4715,CUDA,13040,13000,2026-10-06T07:33:44.761341+00:00,derived,csr-alg2,0,0,,,,5,20,4,true
3,A100-SXM4-80GB-suitesparse_all-fp64-n2-row-major-AlphaSparse-SpMM-CSR-pre-plus-solve,AlphaSparse-SpMM-CSR-best-pre-plus-solve,AlphaSparseLib CSR PER MATRIX BEST,per-matrix-best,AlphaSparse-SpMM-CSR,best,pre-plus-solve,"csr-alg1,csr-alg2,csr-alg3,csr-alg4,csr-alg5",manual-selection,csr,ALPHASPARSE_SPMM_CSR_ALG1,workspace-setup,spmm.csr.fp64,fp64,A100-SXM4-80GB,A100-SXM4-80GB,,9700.0,dd6a9a30-d69d-5ea7-834e-7b0f3242a57c,suitesparse_all,Sandia/fpga_dcop_09,fpga_dcop_09,1220,1220,5888,2,row-major,N,N,1.0,0.0,20260922,main,pass,pass,0,0,23552.0,0.01158,0.0119295999408,0.0235095999408,0.0125085999408,1.9742489368357312,1.0018035210852916,1.882864598073772,0.020353081823048777,0.01032787135139476,0.019410975237873936,AlphaSparse 248af573c867cf4c7e05d40c611c7c34ebac4715,CUDA,13040,13000,2026-10-06T19:50:58.758238+00:00,derived,csr-alg1,0,0,,,,5,20,4,true
3,A100-SXM4-80GB-suitesparse_all-fp64-n2-row-major-AlphaSparse-SpMM-CSR-pre-plus-solve,AlphaSparse-SpMM-CSR-best-pre-plus-solve,AlphaSparseLib CSR PER MATRIX BEST,per-matrix-best,AlphaSparse-SpMM-CSR,best,pre-plus-solve,"csr-alg1,csr-alg2,csr-alg3,csr-alg4,csr-alg5",manual-selection,csr,ALPHASPARSE_SPMM_CSR_ALG1,workspace-setup,spmm.csr.fp64,fp64,A100-SXM4-80GB,A100-SXM4-80GB,,9700.0,005fdebf-9ece-5bc0-9d3c-6fda0356699d,suitesparse_all,Sandia/fpga_dcop_10,fpga_dcop_10,1220,1220,5884,2,row-major,N,N,1.0,0.0,20260922,main,pass,pass,0,0,23536.0,0.01361,0.0120832003653,0.0256932003653,0.0127637003653,1.9478283309436497,0.9160400286990555,1.8439793575839563,0.02008070444271804,0.009443711636072737,0.019010096469937694,AlphaSparse 248af573c867cf4c7e05d40c611c7c34ebac4715,CUDA,13040,13000,2026-10-08T13:54:51.432358+00:00,derived,csr-alg1,0,0,,,,5,20,4,true
3,A100-SXM4-80GB-suitesparse_all-fp64-n2-row-major-AlphaSparse-SpMM-CSR-pre-plus-solve,AlphaSparse-SpMM-CSR-best-pre-plus-solve,AlphaSparseLib CSR PER MATRIX BEST,per-matrix-best,AlphaSparse-SpMM-CSR,best,pre-plus-solve,"csr-alg1,csr-alg2,csr-alg3,csr-alg4,csr-alg5",manual-selection,csr,ALPHASPARSE_SPMM_CSR_ALG3,workspace-setup,spmm.csr.fp64,fp64,A100-SXM4-80GB,A100-SXM4-80GB,,9700.0,d94c6f41-d28e-5f45-abb9-189a8a3b4f78,suitesparse_all,Sandia/fpga_dcop_11,fpga_dcop_11,1220,1220,5892,2,row-major,N,N,1.0,0.0,20260922,main,pass,pass,0,0,23568.0,0.01284,0.0119295999408,0.0247695999408,0.0125715999408,1.975590138559125,0.9514889241783535,1.874701717441085,0.02036690864493943,0.00980916416678715,0.019326821829289537,AlphaSparse 248af573c867cf4c7e05d40c611c7c34ebac4715,CUDA,13040,13000,2026-10-06T02:46:01.694480+00:00,derived,csr-alg3,0,0,,,,5,20,4,true
3,A100-SXM4-80GB-suitesparse_all-fp64-n2-row-major-AlphaSparse-SpMM-CSR-pre-plus-solve,AlphaSparse-SpMM-CSR-best-pre-plus-solve,AlphaSparseLib CSR PER MATRIX BEST,per-matrix-best,AlphaSparse-SpMM-CSR,best,pre-plus-solve,"csr-alg1,csr-alg2,csr-alg3,csr-alg4,csr-alg5",manual-selection,csr,ALPHASPARSE_SPMM_CSR_ALG3,workspace-setup,spmm.csr.fp64,fp64,A100-SXM4-80GB,A100-SXM4-80GB,,9700.0,018f64fd-81d1-5f6a-986f-7d386c913e5c,suitesparse_all,Sandia/fpga_dcop_12,fpga_dcop_12,1220,1220,5892,2,row-major,N,N,1.0,0.0,20260922,main,pass,pass,0,0,23568.0,0.01214,0.0140799999237,0.0262199999237,0.0146869999237,1.6738636454343605,0.8988558378559384,1.6046844231250372,0.017256326241591343,0.009266555029442665,0.01654313838273234,AlphaSparse 248af573c867cf4c7e05d40c611c7c34ebac4715,CUDA,13040,13000,2026-10-06T21:53:16.439391+00:00,derived,csr-alg3,0,0,,,,5,20,4,true
3,A100-SXM4-80GB-suitesparse_all-fp64-n2-row-major-AlphaSparse-SpMM-CSR-pre-plus-solve,AlphaSparse-SpMM-CSR-best-pre-plus-solve,AlphaSparseLib CSR PER MATRIX BEST,per-matrix-best,AlphaSparse-SpMM-CSR,best,pre-plus-solve,"csr-alg1,csr-alg2,csr-alg3,csr-alg4,csr-alg5",manual-selection,csr,ALPHASPARSE_SPMM_CSR_ALG2,workspace-setup,spmm.csr.fp64,fp64,A100-SXM4-80GB,A100-SXM4-80GB,,9700.0,752b02ae-c4ef-54eb-ad5c-0957985c94ee,suitesparse_all,Sandia/fpga_dcop_14,fpga_dcop_14,1220,1220,5892,2,row-major,N,N,1.0,0.0,20260922,main,pass,pass,0,0,23568.0,0.01168,0.0143360003829,0.0260160003829,0.0149200003829,1.6439731703768605,0.9059040457076161,1.5796246243405987,0.01694817701419444,0.009339216966057898,0.016284789941655657,AlphaSparse 248af573c867cf4c7e05d40c611c7c34ebac4715,CUDA,13040,13000,2026-10-08T04:53:46.093176+00:00,derived,csr-alg2,0,0,,,,5,20,4,true
3,A100-SXM4-80GB-suitesparse_all-fp64-n2-row-major-AlphaSparse-SpMM-CSR-pre-plus-solve,AlphaSparse-SpMM-CSR-best-pre-plus-solve,AlphaSparseLib CSR PER MATRIX BEST,per-matrix-best,AlphaSparse-SpMM-CSR,best,pre-plus-solve,"csr-alg1,csr-alg2,csr-alg3,csr-alg4,csr-alg5",manual-selection,csr,ALPHASPARSE_SPMM_CSR_ALG2,workspace-setup,spmm.csr.fp64,fp64,A100-SXM4-80GB,A100-SXM4-80GB,,9700.0,152f8cc9-7213-5fba-8430-8cd9341fa530,suitesparse_all,Sandia/fpga_dcop_15,fpga_dcop_15,1220,1220,5892,2,row-major,N,N,1.0,0.0,20260922,main,pass,pass,0,0,23568.0,0.01567,0.0141632005572,0.0298332005572,0.0149467005572,1.6640306620539225,0.7899923427529152,1.576802847545308,0.01715495527890642,0.008144250956215621,0.01625569945922998,AlphaSparse 248af573c867cf4c7e05d40c611c7c34ebac4715,CUDA,13040,13000,2026-10-07T23:24:39.857925+00:00,derived,csr-alg2,0,0,,,,5,20,4,true
3,A100-SXM4-80GB-suitesparse_all-fp64-n2-row-major-AlphaSparse-SpMM-CSR-pre-plus-solve,AlphaSparse-SpMM-CSR-best-pre-plus-solve,AlphaSparseLib CSR PER MATRIX BEST,per-matrix-best,AlphaSparse-SpMM-CSR,best,pre-plus-solve,"csr-alg1,csr-alg2,csr-alg3,csr-alg4,csr-alg5",manual-selection,csr,ALPHASPARSE_SPMM_CSR_ALG3,workspace-setup,spmm.csr.fp64,fp64,A100-SXM4-80GB,A100-SXM4-80GB,,9700.0,a0827285-e98d-55a9-b486-73107367c8f5,suitesparse_all,Sandia/fpga_dcop_16,fpga_dcop_16,1220,1220,5892,2,row-major,N,N,1.0,0.0,20260922,main,pass,pass,0,0,23568.0,0.01763,0.01369599998,0.03132599998,0.01457749998,1.7207943950362068,0.7523462942937792,1.616738126039085,0.01774014840243512,0.007756147363853393,0.01666740336122768,AlphaSparse 248af573c867cf4c7e05d40c611c7c34ebac4715,CUDA,13040,13000,2026-10-06T08:02:13.233736+00:00,derived,csr-alg3,0,0,,,,5,20,4,true
3,A100-SXM4-80GB-suitesparse_all-fp64-n2-row-major-AlphaSparse-SpMM-CSR-pre-plus-solve,AlphaSparse-SpMM-CSR-best-pre-plus-solve,AlphaSparseLib CSR PER MATRIX BEST,per-matrix-best,AlphaSparse-SpMM-CSR,best,pre-plus-solve,"csr-alg1,csr-alg2,csr-alg3,csr-alg4,csr-alg5",manual-selection,csr,ALPHASPARSE_SPMM_CSR_ALG2,workspace-setup,spmm.csr.fp64,fp64,A100-SXM4-80GB,A100-SXM4-80GB,,9700.0,dd6a9a30-d69d-5ea7-834e-7b0f3242a57c,suitesparse_all,Sandia/fpga_dcop_17,fpga_dcop_17,1220,1220,5892,2,row-major,N,N,1.0,0.0,20260922,main,pass,pass,0,0,23568.0,0.012789,0.0114688001573,0.0242578001573,0.0121082501573,2.0549664896723083,0.9715637793688223,1.9464414505667424,0.02118522154301349,0.010016121436791982,0.020066406706873634,AlphaSparse 248af573c867cf4c7e05d40c611c7c34ebac4715,CUDA,13040,13000,2026-10-06T20:29:38.242289+00:00,derived,csr-alg2,0,0,,,,5,20,4,true
3,A100-SXM4-80GB-suitesparse_all-fp64-n2-row-major-AlphaSparse-SpMM-CSR-pre-plus-solve,AlphaSparse-SpMM-CSR-best-pre-plus-solve,AlphaSparseLib CSR PER MATRIX BEST,per-matrix-best,AlphaSparse-SpMM-CSR,best,pre-plus-solve,"csr-alg1,csr-alg2,csr-alg3,csr-alg4,csr-alg5",manual-selection,csr,ALPHASPARSE_SPMM_CSR_ALG1,workspace-setup,spmm.csr.fp64,fp64,A100-SXM4-80GB,A100-SXM4-80GB,,9700.0,005fdebf-9ece-5bc0-9d3c-6fda0356699d,suitesparse_all,Sandia/fpga_dcop_18,fpga_dcop_18,1220,1220,5892,2,row-major,N,N,1.0,0.0,20260922,main,pass,pass,0,0,23568.0,0.01207,0.0121344000101,0.0242044000101,0.0127379000101,1.9422468338264196,0.9737072594307462,1.8502264879856736,0.020023163235323913,0.010038219169389137,0.019074499876140964,AlphaSparse 248af573c867cf4c7e05d40c611c7c34ebac4715,CUDA,13040,13000,2026-10-08T13:54:52.202696+00:00,derived,csr-alg1,0,0,,,,5,20,4,true
3,A100-SXM4-80GB-suitesparse_all-fp64-n2-row-major-AlphaSparse-SpMM-CSR-pre-plus-solve,AlphaSparse-SpMM-CSR-best-pre-plus-solve,AlphaSparseLib CSR PER MATRIX BEST,per-matrix-best,AlphaSparse-SpMM-CSR,best,pre-plus-solve,"csr-alg1,csr-alg2,csr-alg3,csr-alg4,csr-alg5",manual-selection,csr,ALPHASPARSE_SPMM_CSR_ALG3,workspace-setup,spmm.csr.fp64,fp64,A100-SXM4-80GB,A100-SXM4-80GB,,9700.0,d94c6f41-d28e-5f45-abb9-189a8a3b4f78,suitesparse_all,Sandia/fpga_dcop_19,fpga_dcop_19,1220,1220,5892,2,row-major,N,N,1.0,0.0,20260922,main,pass,pass,0,0,23568.0,0.01327,0.0121344000101,0.0254044000101,0.0127979000101,1.9422468338264196,0.92771330913661,1.841552128192932,0.020023163235323913,0.009564054733367112,0.018985073486525072,AlphaSparse 248af573c867cf4c7e05d40c611c7c34ebac4715,CUDA,13040,13000,2026-10-06T02:46:02.415762+00:00,derived,csr-alg3,0,0,,,,5,20,4,true
3,A100-SXM4-80GB-suitesparse_all-fp64-n2-row-major-AlphaSparse-SpMM-CSR-pre-plus-solve,AlphaSparse-SpMM-CSR-best-pre-plus-solve,AlphaSparseLib CSR PER MATRIX BEST,per-matrix-best,AlphaSparse-SpMM-CSR,best,pre-plus-solve,"csr-alg1,csr-alg2,csr-alg3,csr-alg4,csr-alg5",manual-selection,csr,ALPHASPARSE_SPMM_CSR_ALG3,workspace-setup,spmm.csr.fp64,fp64,A100-SXM4-80GB,A100-SXM4-80GB,,9700.0,018f64fd-81d1-5f6a-986f-7d386c913e5c,suitesparse_all,Sandia/fpga_dcop_20,fpga_dcop_20,1220,1220,5892,2,row-major,N,N,1.0,0.0,20260922,main,pass,pass,0,0,23568.0,0.01058,0.0142335996032,0.0248135996032,0.0147625996032,1.6558004058721336,0.9498017368250206,1.596466789960984,0.017070107277032304,0.00979177048273217,0.01645842051506169,AlphaSparse 248af573c867cf4c7e05d40c611c7c34ebac4715,CUDA,13040,13000,2026-10-06T21:53:17.399355+00:00,derived,csr-alg3,0,0,,,,5,20,4,true
3,A100-SXM4-80GB-suitesparse_all-fp64-n2-row-major-AlphaSparse-SpMM-CSR-pre-plus-solve,AlphaSparse-SpMM-CSR-best-pre-plus-solve,AlphaSparseLib CSR PER MATRIX BEST,per-matrix-best,AlphaSparse-SpMM-CSR,best,pre-plus-solve,"csr-alg1,csr-alg2,csr-alg3,csr-alg4,csr-alg5",manual-selection,csr,ALPHASPARSE_SPMM_CSR_ALG3,workspace-setup,spmm.csr.fp64,fp64,A100-SXM4-80GB,A100-SXM4-80GB,,9700.0,752b02ae-c4ef-54eb-ad5c-0957985c94ee,suitesparse_all,Sandia/fpga_dcop_22,fpga_dcop_22,1220,1220,5892,2,row-major,N,N,1.0,0.0,20260922,main,pass,pass,0,0,23568.0,0.01139,0.0140799999237,0.0254699999237,0.0146494999237,1.6738636454343605,0.9253239132548966,1.6087921173248807,0.017256326241591343,0.009539421786132955,0.016585485745617325,AlphaSparse 248af573c867cf4c7e05d40c611c7c34ebac4715,CUDA,13040,13000,2026-10-08T05:55:49.532655+00:00,derived,csr-alg3,0,0,,,,5,20,4,true
3,A100-SXM4-80GB-suitesparse_all-fp64-n2-row-major-AlphaSparse-SpMM-CSR-pre-plus-solve,AlphaSparse-SpMM-CSR-best-pre-plus-solve,AlphaSparseLib CSR PER MATRIX BEST,per-matrix-best,AlphaSparse-SpMM-CSR,best,pre-plus-solve,"csr-alg1,csr-alg2,csr-alg3,csr-alg4,csr-alg5",manual-selection,csr,ALPHASPARSE_SPMM_CSR_ALG3,workspace-setup,spmm.csr.fp64,fp64,A100-SXM4-80GB,A100-SXM4-80GB,,9700.0,152f8cc9-7213-5fba-8430-8cd9341fa530,suitesparse_all,Sandia/fpga_dcop_23,fpga_dcop_23,1220,1220,5892,2,row-major,N,N,1.0,0.0,20260922,main,pass,pass,0,0,23568.0,0.02268,0.0139776006341,0.0366576006341,0.0151116006341,1.6861262971345092,0.6429226024705048,1.5595965358439767,0.017382745331283603,0.006628068066706235,0.016078314802515224,AlphaSparse 248af573c867cf4c7e05d40c611c7c34ebac4715,CUDA,13040,13000,2026-10-08T00:23:08.243901+00:00,derived,csr-alg3,0,0,,,,5,20,4,true
3,A100-SXM4-80GB-suitesparse_all-fp64-n2-row-major-AlphaSparse-SpMM-CSR-pre-plus-solve,AlphaSparse-SpMM-CSR-best-pre-plus-solve,AlphaSparseLib CSR PER MATRIX BEST,per-matrix-best,AlphaSparse-SpMM-CSR,best,pre-plus-solve,"csr-alg1,csr-alg2,csr-alg3,csr-alg4,csr-alg5",manual-selection,csr,ALPHASPARSE_SPMM_CSR_ALG2,workspace-setup,spmm.csr.fp64,fp64,A100-SXM4-80GB,A100-SXM4-80GB,,9700.0,a0827285-e98d-55a9-b486-73107367c8f5,suitesparse_all,Sandia/fpga_dcop_24,fpga_dcop_24,1220,1220,5892,2,row-major,N,N,1.0,0.0,20260922,main,pass,pass,0,0,23568.0,0.01587,0.0117760002613,0.0276460002613,0.0125695002613,2.0013586512436294,0.8524922150489685,1.87501487808255,0.020632563414882777,0.008788579536587305,0.019330050289510823,AlphaSparse 248af573c867cf4c7e05d40c611c7c34ebac4715,CUDA,13040,13000,2026-10-06T07:33:46.171241+00:00,derived,csr-alg2,0,0,,,,5,20,4,true
3,A100-SXM4-80GB-suitesparse_all-fp64-n2-row-major-AlphaSparse-SpMM-CSR-pre-plus-solve,AlphaSparse-SpMM-CSR-best-pre-plus-solve,AlphaSparseLib CSR PER MATRIX BEST,per-matrix-best,AlphaSparse-SpMM-CSR,best,pre-plus-solve,"csr-alg1,csr-alg2,csr-alg3,csr-alg4,csr-alg5",manual-selection,csr,ALPHASPARSE_SPMM_CSR_ALG3,workspace-setup,spmm.csr.fp64,fp64,A100-SXM4-80GB,A100-SXM4-80GB,,9700.0,dd6a9a30-d69d-5ea7-834e-7b0f3242a57c,suitesparse_all,Sandia/fpga_dcop_25,fpga_dcop_25,1220,1220,5892,2,row-major,N,N,1.0,0.0,20260922,main,pass,pass,0,0,23568.0,0.01338,0.0115088000894,0.0248888000894,0.0121778000894,2.0478242576918975,0.9469319499270469,1.9353249213307784,0.02111159028548348,0.009762185050794299,0.019951803312688435,AlphaSparse 248af573c867cf4c7e05d40c611c7c34ebac4715,CUDA,13040,13000,2026-10-06T21:07:28.487843+00:00,derived,csr-alg3,0,0,,,,5,20,4,true
3,A100-SXM4-80GB-suitesparse_all-fp64-n2-row-major-AlphaSparse-SpMM-CSR-pre-plus-solve,AlphaSparse-SpMM-CSR-best-pre-plus-solve,AlphaSparseLib CSR PER MATRIX BEST,per-matrix-best,AlphaSparse-SpMM-CSR,best,pre-plus-solve,"csr-alg1,csr-alg2,csr-alg3,csr-alg4,csr-alg5",manual-selection,csr,ALPHASPARSE_SPMM_CSR_ALG1,workspace-setup,spmm.csr.fp64,fp64,A100-SXM4-80GB,A100-SXM4-80GB,,9700.0,005fdebf-9ece-5bc0-9d3c-6fda0356699d,suitesparse_all,Sandia/fpga_dcop_26,fpga_dcop_26,1220,1220,5892,2,row-major,N,N,1.0,0.0,20260922,main,pass,pass,0,0,23568.0,0.01293,0.0121855996549,0.0251155996549,0.0128320996549,1.9340861892277066,0.9383809394892123,1.8366440905094157,0.01993903287863615,0.009674030304012498,0.01893447515989088,AlphaSparse 248af573c867cf4c7e05d40c611c7c34ebac4715,CUDA,13040,13000,2026-10-08T13:54:52.871443+00:00,derived,csr-alg1,0,0,,,,5,20,4,true
3,A100-SXM4-80GB-suitesparse_all-fp64-n2-row-major-AlphaSparse-SpMM-CSR-pre-plus-solve,AlphaSparse-SpMM-CSR-best-pre-plus-solve,AlphaSparseLib CSR PER MATRIX BEST,per-matrix-best,AlphaSparse-SpMM-CSR,best,pre-plus-solve,"csr-alg1,csr-alg2,csr-alg3,csr-alg4,csr-alg5",manual-selection,csr,ALPHASPARSE_SPMM_CSR_ALG5,workspace-setup,spmm.csr.fp64,fp64,A100-SXM4-80GB,A100-SXM4-80GB,,9700.0,d94c6f41-d28e-5f45-abb9-189a8a3b4f78,suitesparse_all,Sandia/fpga_dcop_27,fpga_dcop_27,1220,1220,5892,2,row-major,N,N,1.0,0.0,20260922,main,pass,pass,0,0,23568.0,0.01227,0.0113151997328,0.0235851997328,0.0119286997328,2.0828620401354585,0.9992707404221776,1.9757392279055992,0.021472804537478952,0.010301760210537912,0.02036844564851133,AlphaSparse 248af573c867cf4c7e05d40c611c7c34ebac4715,CUDA,13040,13000,2026-10-06T03:34:02.093109+00:00,derived,csr-alg5,0,0,,,,5,20,4,true
3,A100-SXM4-80GB-suitesparse_all-fp64-n2-row-major-AlphaSparse-SpMM-CSR-pre-plus-solve,AlphaSparse-SpMM-CSR-best-pre-plus-solve,AlphaSparseLib CSR PER MATRIX BEST,per-matrix-best,AlphaSparse-SpMM-CSR,best,pre-plus-solve,"csr-alg1,csr-alg2,csr-alg3,csr-alg4,csr-alg5",manual-selection,csr,ALPHASPARSE_SPMM_CSR_ALG5,workspace-setup,spmm.csr.fp64,fp64,A100-SXM4-80GB,A100-SXM4-80GB,,9700.0,018f64fd-81d1-5f6a-986f-7d386c913e5c,suitesparse_all,Sandia/fpga_dcop_28,fpga_dcop_28,1220,1220,5892,2,row-major,N,N,1.0,0.0,20260922,main,pass,pass,0,0,23568.0,0.0131,0.0139776006341,0.0270776006341,0.0146326006341,1.6861262971345092,0.8703873108431843,1.610650122239845,0.017382745331283603,0.008973065060239014,0.01660464043546232,AlphaSparse 248af573c867cf4c7e05d40c611c7c34ebac4715,CUDA,13040,13000,2026-10-06T23:08:25.066056+00:00,derived,csr-alg5,0,0,,,,5,20,4,true
3,A100-SXM4-80GB-suitesparse_all-fp64-n2-row-major-AlphaSparse-SpMM-CSR-pre-plus-solve,AlphaSparse-SpMM-CSR-best-pre-plus-solve,AlphaSparseLib CSR PER MATRIX BEST,per-matrix-best,AlphaSparse-SpMM-CSR,best,pre-plus-solve,"csr-alg1,csr-alg2,csr-alg3,csr-alg4,csr-alg5",manual-selection,csr,ALPHASPARSE_SPMM_CSR_ALG3,workspace-setup,spmm.csr.fp64,fp64,A100-SXM4-80GB,A100-SXM4-80GB,,9700.0,752b02ae-c4ef-54eb-ad5c-0957985c94ee,suitesparse_all,Sandia/fpga_dcop_30,fpga_dcop_30,1220,1220,5892,2,row-major,N,N,1.0,0.0,20260922,main,pass,pass,0,0,23568.0,0.01257,0.0141312003136,0.0267012003136,0.0147597003136,1.6677988760316371,0.8826569488711661,1.5967803884394445,0.01719380284568698,0.009099556173929546,0.01646165348906644,AlphaSparse 248af573c867cf4c7e05d40c611c7c34ebac4715,CUDA,13040,13000,2026-10-08T05:55:50.204975+00:00,derived,csr-alg3,0,0,,,,5,20,4,true
3,A100-SXM4-80GB-suitesparse_all-fp64-n2-row-major-AlphaSparse-SpMM-CSR-pre-plus-solve,AlphaSparse-SpMM-CSR-best-pre-plus-solve,AlphaSparseLib CSR PER MATRIX BEST,per-matrix-best,AlphaSparse-SpMM-CSR,best,pre-plus-solve,"csr-alg1,csr-alg2,csr-alg3,csr-alg4,csr-alg5",manual-selection,csr,ALPHASPARSE_SPMM_CSR_ALG5,workspace-setup,spmm.csr.fp64,fp64,A100-SXM4-80GB,A100-SXM4-80GB,,9700.0,152f8cc9-7213-5fba-8430-8cd9341fa530,suitesparse_all,Sandia/fpga_dcop_31,fpga_dcop_31,1220,1220,5892,2,row-major,N,N,1.0,0.0,20260922,main,pass,pass,0,0,23568.0,0.01801,0.0137728005648,0.0317828005648,0.0146733005648,1.7111988145849,0.7415331431208729,1.6061825964730545,0.017641224892627837,0.0076446715785657,0.016558583468794377,AlphaSparse 248af573c867cf4c7e05d40c611c7c34ebac4715,CUDA,13040,13000,2026-10-08T02:20:43.920847+00:00,derived,csr-alg5,0,0,,,,5,20,4,true
3,A100-SXM4-80GB-suitesparse_all-fp64-n2-row-major-AlphaSparse-SpMM-CSR-pre-plus-solve,AlphaSparse-SpMM-CSR-best-pre-plus-solve,AlphaSparseLib CSR PER MATRIX BEST,per-matrix-best,AlphaSparse-SpMM-CSR,best,pre-plus-solve,"csr-alg1,csr-alg2,csr-alg3,csr-alg4,csr-alg5",manual-selection,csr,ALPHASPARSE_SPMM_CSR_ALG2,workspace-setup,spmm.csr.fp64,fp64,A100-SXM4-80GB,A100-SXM4-80GB,,9700.0,a0827285-e98d-55a9-b486-73107367c8f5,suitesparse_all,Sandia/fpga_dcop_32,fpga_dcop_32,1220,1220,5892,2,row-major,N,N,1.0,0.0,20260922,main,pass,pass,0,0,23568.0,0.01597,0.0143871992826,0.0303571992826,0.0151856992826,1.6381228574836895,0.7763562040292893,1.5519864815843263,0.016887864510141126,0.008003672206487518,0.01599986063488996,AlphaSparse 248af573c867cf4c7e05d40c611c7c34ebac4715,CUDA,13040,13000,2026-10-06T07:33:46.780607+00:00,derived,csr-alg2,0,0,,,,5,20,4,true
3,A100-SXM4-80GB-suitesparse_all-fp64-n2-row-major-AlphaSparse-SpMM-CSR-pre-plus-solve,AlphaSparse-SpMM-CSR-best-pre-plus-solve,AlphaSparseLib CSR PER MATRIX BEST,per-matrix-best,AlphaSparse-SpMM-CSR,best,pre-plus-solve,"csr-alg1,csr-alg2,csr-alg3,csr-alg4,csr-alg5",manual-selection,csr,ALPHASPARSE_SPMM_CSR_ALG3,workspace-setup,spmm.csr.fp64,fp64,A100-SXM4-80GB,A100-SXM4-80GB,,9700.0,dd6a9a30-d69d-5ea7-834e-7b0f3242a57c,suitesparse_all,Sandia/fpga_dcop_33,fpga_dcop_33,1220,1220,5892,2,row-major,N,N,1.0,0.0,20260922,main,pass,pass,0,0,23568.0,0.01261,0.0115312002599,0.0241412002599,0.0121617002599,2.0438462145140464,0.9762563479143943,1.9378869316249525,0.021070579531072643,0.010064498432107157,0.019978215789947965,AlphaSparse 248af573c867cf4c7e05d40c611c7c34ebac4715,CUDA,13040,13000,2026-10-06T21:07:29.246707+00:00,derived,csr-alg3,0,0,,,,5,20,4,true
3,A100-SXM4-80GB-suitesparse_all-fp64-n2-row-major-AlphaSparse-SpMM-CSR-pre-plus-solve,AlphaSparse-SpMM-CSR-best-pre-plus-solve,AlphaSparseLib CSR PER MATRIX BEST,per-matrix-best,AlphaSparse-SpMM-CSR,best,pre-plus-solve,"csr-alg1,csr-alg2,csr-alg3,csr-alg4,csr-alg5",manual-selection,csr,ALPHASPARSE_SPMM_CSR_ALG5,workspace-setup,spmm.csr.fp64,fp64,A100-SXM4-80GB,A100-SXM4-80GB,,9700.0,005fdebf-9ece-5bc0-9d3c-6fda0356699d,suitesparse_all,Sandia/fpga_dcop_34,fpga_dcop_34,1220,1220,5892,2,row-major,N,N,1.0,0.0,20260922,main,pass,pass,0,0,23568.0,0.01373,0.0112544000149,0.0249844000149,0.0119409000149,2.0941142991894455,0.9433086240191759,1.973720571363261,0.021588807208138612,0.009724831175455423,0.02034763475632228,AlphaSparse 248af573c867cf4c7e05d40c611c7c34ebac4715,CUDA,13040,13000,2026-10-08T15:32:24.990951+00:00,derived,csr-alg5,0,0,,,,5,20,4,true
3,A100-SXM4-80GB-suitesparse_all-fp64-n2-row-major-AlphaSparse-SpMM-CSR-pre-plus-solve,AlphaSparse-SpMM-CSR-best-pre-plus-solve,AlphaSparseLib CSR PER MATRIX BEST,per-matrix-best,AlphaSparse-SpMM-CSR,best,pre-plus-solve,"csr-alg1,csr-alg2,csr-alg3,csr-alg4,csr-alg5",manual-selection,csr,ALPHASPARSE_SPMM_CSR_ALG5,workspace-setup,spmm.csr.fp64,fp64,A100-SXM4-80GB,A100-SXM4-80GB,,9700.0,d94c6f41-d28e-5f45-abb9-189a8a3b4f78,suitesparse_all,Sandia/fpga_dcop_35,fpga_dcop_35,1220,1220,5892,2,row-major,N,N,1.0,0.0,20260922,main,pass,pass,0,0,23568.0,0.01343,0.0113664001226,0.0247964001226,0.0120379001226,2.073479707364811,0.9504605460257753,1.957816542750122,0.021376079457369183,0.009798562330162634,0.020183675698454865,AlphaSparse 248af573c867cf4c7e05d40c611c7c34ebac4715,CUDA,13040,13000,2026-10-06T03:34:02.741052+00:00,derived,csr-alg5,0,0,,,,5,20,4,true
3,A100-SXM4-80GB-suitesparse_all-fp64-n2-row-major-AlphaSparse-SpMM-CSR-pre-plus-solve,AlphaSparse-SpMM-CSR-best-pre-plus-solve,AlphaSparseLib CSR PER MATRIX BEST,per-matrix-best,AlphaSparse-SpMM-CSR,best,pre-plus-solve,"csr-alg1,csr-alg2,csr-alg3,csr-alg4,csr-alg5",manual-selection,csr,ALPHASPARSE_SPMM_CSR_ALG3,workspace-setup,spmm.csr.fp64,fp64,A100-SXM4-80GB,A100-SXM4-80GB,,9700.0,018f64fd-81d1-5f6a-986f-7d386c913e5c,suitesparse_all,Sandia/fpga_dcop_36,fpga_dcop_36,1220,1220,5892,2,row-major,N,N,1.0,0.0,20260922,main,pass,pass,0,0,23568.0,0.01224,0.0141312003136,0.0263712003136,0.0147432003136,1.6677988760316371,0.8937022099766027,1.5985674411721504,0.01719380284568698,0.009213424845119614,0.016480076713114952,AlphaSparse 248af573c867cf4c7e05d40c611c7c34ebac4715,CUDA,13040,13000,2026-10-06T21:53:19.225957+00:00,derived,csr-alg3,0,0,,,,5,20,4,true
3,A100-SXM4-80GB-suitesparse_all-fp64-n2-row-major-AlphaSparse-SpMM-CSR-pre-plus-solve,AlphaSparse-SpMM-CSR-best-pre-plus-solve,AlphaSparseLib CSR PER MATRIX BEST,per-matrix-best,AlphaSparse-SpMM-CSR,best,pre-plus-solve,"csr-alg1,csr-alg2,csr-alg3,csr-alg4,csr-alg5",manual-selection,csr,ALPHASPARSE_SPMM_CSR_ALG2,workspace-setup,spmm.csr.fp64,fp64,A100-SXM4-80GB,A100-SXM4-80GB,,9700.0,752b02ae-c4ef-54eb-ad5c-0957985c94ee,suitesparse_all,Sandia/fpga_dcop_38,fpga_dcop_38,1220,1220,5892,2,row-major,N,N,1.0,0.0,20260922,main,pass,pass,0,0,23568.0,0.010869,0.0141312003136,0.0250002003136,0.0146746503136,1.6677988760316371,0.9427124464750432,1.6060348625928025,0.01719380284568698,0.00971868501520663,0.016557060439101056,AlphaSparse 248af573c867cf4c7e05d40c611c7c34ebac4715,CUDA,13040,13000,2026-10-08T04:53:48.082042+00:00,derived,csr-alg2,0,0,,,,5,20,4,true
3,A100-SXM4-80GB-suitesparse_all-fp64-n2-row-major-AlphaSparse-SpMM-CSR-pre-plus-solve,AlphaSparse-SpMM-CSR-best-pre-plus-solve,AlphaSparseLib CSR PER MATRIX BEST,per-matrix-best,AlphaSparse-SpMM-CSR,best,pre-plus-solve,"csr-alg1,csr-alg2,csr-alg3,csr-alg4,csr-alg5",manual-selection,csr,ALPHASPARSE_SPMM_CSR_ALG3,workspace-setup,spmm.csr.fp64,fp64,A100-SXM4-80GB,A100-SXM4-80GB,,9700.0,152f8cc9-7213-5fba-8430-8cd9341fa530,suitesparse_all,Sandia/fpga_dcop_39,fpga_dcop_39,1220,1220,5892,2,row-major,N,N,1.0,0.0,20260922,main,pass,pass,0,0,23568.0,0.01924,0.0139776006341,0.0332176006341,0.0149396006341,1.6861262971345092,0.7095033822462762,1.577552210211394,0.017382745331283603,0.007314467858209033,0.016263424847540144,AlphaSparse 248af573c867cf4c7e05d40c611c7c34ebac4715,CUDA,13040,13000,2026-10-08T00:23:09.856059+00:00,derived,csr-alg3,0,0,,,,5,20,4,true
3,A100-SXM4-80GB-suitesparse_all-fp64-n2-row-major-AlphaSparse-SpMM-CSR-pre-plus-solve,AlphaSparse-SpMM-CSR-best-pre-plus-solve,AlphaSparseLib CSR PER MATRIX BEST,per-matrix-best,AlphaSparse-SpMM-CSR,best,pre-plus-solve,"csr-alg1,csr-alg2,csr-alg3,csr-alg4,csr-alg5",manual-selection,csr,ALPHASPARSE_SPMM_CSR_ALG1,workspace-setup,spmm.csr.fp64,fp64,A100-SXM4-80GB,A100-SXM4-80GB,,9700.0,a0827285-e98d-55a9-b486-73107367c8f5,suitesparse_all,Sandia/fpga_dcop_40,fpga_dcop_40,1220,1220,5892,2,row-major,N,N,1.0,0.0,20260922,main,pass,pass,0,0,23568.0,0.01548,0.0147200003266,0.0302000003266,0.0154940003266,1.6010869209976233,0.7803973425537161,1.5211049117856676,0.01650605073193426,0.008045333428388826,0.01568149393593472,AlphaSparse 248af573c867cf4c7e05d40c611c7c34ebac4715,CUDA,13040,13000,2026-10-06T07:05:21.278492+00:00,derived,csr-alg1,0,0,,,,5,20,4,true
3,A100-SXM4-80GB-suitesparse_all-fp64-n2-row-major-AlphaSparse-SpMM-CSR-pre-plus-solve,AlphaSparse-SpMM-CSR-best-pre-plus-solve,AlphaSparseLib CSR PER MATRIX BEST,per-matrix-best,AlphaSparse-SpMM-CSR,best,pre-plus-solve,"csr-alg1,csr-alg2,csr-alg3,csr-alg4,csr-alg5",manual-selection,csr,ALPHASPARSE_SPMM_CSR_ALG3,workspace-setup,spmm.csr.fp64,fp64,A100-SXM4-80GB,A100-SXM4-80GB,,9700.0,dd6a9a30-d69d-5ea7-834e-7b0f3242a57c,suitesparse_all,Sandia/fpga_dcop_41,fpga_dcop_41,1220,1220,5892,2,row-major,N,N,1.0,0.0,20260922,main,pass,pass,0,0,23568.0,0.01406,0.0115024000406,0.0255624000406,0.0122054000406,2.0489636873010917,0.9219791554223252,1.9309485900997496,0.02112333698248548,0.009504939746621909,0.019906686495873707,AlphaSparse 248af573c867cf4c7e05d40c611c7c34ebac4715,CUDA,13040,13000,2026-10-06T21:07:30.173610+00:00,derived,csr-alg3,0,0,,,,5,20,4,true
3,A100-SXM4-80GB-suitesparse_all-fp64-n2-row-major-AlphaSparse-SpMM-CSR-pre-plus-solve,AlphaSparse-SpMM-CSR-best-pre-plus-solve,AlphaSparseLib CSR PER MATRIX BEST,per-matrix-best,AlphaSparse-SpMM-CSR,best,pre-plus-solve,"csr-alg1,csr-alg2,csr-alg3,csr-alg4,csr-alg5",manual-selection,csr,ALPHASPARSE_SPMM_CSR_ALG5,workspace-setup,spmm.csr.fp64,fp64,A100-SXM4-80GB,A100-SXM4-80GB,,9700.0,005fdebf-9ece-5bc0-9d3c-6fda0356699d,suitesparse_all,Sandia/fpga_dcop_42,fpga_dcop_42,1220,1220,5892,2,row-major,N,N,1.0,0.0,20260922,main,pass,pass,0,0,23568.0,0.01315,0.0114015996456,0.0245515996456,0.0120590996456,2.0670783690510603,0.9599374517425273,1.954374762016271,0.02131008627887691,0.00989626238909822,0.020148193422848154,AlphaSparse 248af573c867cf4c7e05d40c611c7c34ebac4715,CUDA,13040,13000,2026-10-08T15:32:25.959218+00:00,derived,csr-alg5,0,0,,,,5,20,4,true
3,A100-SXM4-80GB-suitesparse_all-fp64-n2-row-major-AlphaSparse-SpMM-CSR-pre-plus-solve,AlphaSparse-SpMM-CSR-best-pre-plus-solve,AlphaSparseLib CSR PER MATRIX BEST,per-matrix-best,AlphaSparse-SpMM-CSR,best,pre-plus-solve,"csr-alg1,csr-alg2,csr-alg3,csr-alg4,csr-alg5",manual-selection,csr,ALPHASPARSE_SPMM_CSR_ALG3,workspace-setup,spmm.csr.fp64,fp64,A100-SXM4-80GB,A100-SXM4-80GB,,9700.0,d94c6f41-d28e-5f45-abb9-189a8a3b4f78,suitesparse_all,Sandia/fpga_dcop_43,fpga_dcop_43,1220,1220,5892,2,row-major,N,N,1.0,0.0,20260922,main,pass,pass,0,0,23568.0,0.01284,0.0129023998976,0.0257423998976,0.0135443998976,1.826636919259023,0.915532354937788,1.7400549436063337,0.01883130844596931,0.009438477885956578,0.01793871075882818,AlphaSparse 248af573c867cf4c7e05d40c611c7c34ebac4715,CUDA,13040,13000,2026-10-06T02:46:04.498841+00:00,derived,csr-alg3,0,0,,,,5,20,4,true
3,A100-SXM4-80GB-suitesparse_all-fp64-n2-row-major-AlphaSparse-SpMM-CSR-pre-plus-solve,AlphaSparse-SpMM-CSR-best-pre-plus-solve,AlphaSparseLib CSR PER MATRIX BEST,per-matrix-best,AlphaSparse-SpMM-CSR,best,pre-plus-solve,"csr-alg1,csr-alg2,csr-alg3,csr-alg4,csr-alg5",manual-selection,csr,ALPHASPARSE_SPMM_CSR_ALG2,workspace-setup,spmm.csr.fp64,fp64,A100-SXM4-80GB,A100-SXM4-80GB,,9700.0,018f64fd-81d1-5f6a-986f-7d386c913e5c,suitesparse_all,Sandia/fpga_dcop_44,fpga_dcop_44,1220,1220,5892,2,row-major,N,N,1.0,0.0,20260922,main,pass,pass,0,0,23568.0,0.01335,0.0143360003829,0.0276860003829,0.0150035003829,1.6439731703768605,0.851260553133437,1.570833432101035,0.01694817701419444,0.00877588199106636,0.016194159093825104,AlphaSparse 248af573c867cf4c7e05d40c611c7c34ebac4715,CUDA,13040,13000,2026-10-06T21:15:37.992289+00:00,derived,csr-alg2,0,0,,,,5,20,4,true
3,A100-SXM4-80GB-suitesparse_all-fp64-n2-row-major-AlphaSparse-SpMM-CSR-pre-plus-solve,AlphaSparse-SpMM-CSR-best-pre-plus-solve,AlphaSparseLib CSR PER MATRIX BEST,per-matrix-best,AlphaSparse-SpMM-CSR,best,pre-plus-solve,"csr-alg1,csr-alg2,csr-alg3,csr-alg4,csr-alg5",manual-selection,csr,ALPHASPARSE_SPMM_CSR_ALG2,workspace-setup,spmm.csr.fp64,fp64,A100-SXM4-80GB,A100-SXM4-80GB,,9700.0,752b02ae-c4ef-54eb-ad5c-0957985c94ee,suitesparse_all,Sandia/fpga_dcop_46,fpga_dcop_46,1220,1220,5892,2,row-major,N,N,1.0,0.0,20260922,main,pass,pass,0,0,23568.0,0.01123,0.014284799993,0.025514799993,0.014846299993,1.6498655922063352,0.9236991866080038,1.5874662381274973,0.01700892363099315,0.009522672026886638,0.016365631320902033,AlphaSparse 248af573c867cf4c7e05d40c611c7c34ebac4715,CUDA,13040,13000,2026-10-08T04:53:48.699528+00:00,derived,csr-alg2,0,0,,,,5,20,4,true
3,A100-SXM4-80GB-suitesparse_all-fp64-n2-row-major-AlphaSparse-SpMM-CSR-pre-plus-solve,AlphaSparse-SpMM-CSR-best-pre-plus-solve,AlphaSparseLib CSR PER MATRIX BEST,per-matrix-best,AlphaSparse-SpMM-CSR,best,pre-plus-solve,"csr-alg1,csr-alg2,csr-alg3,csr-alg4,csr-alg5",manual-selection,csr,ALPHASPARSE_SPMM_CSR_ALG3,workspace-setup,spmm.csr.fp64,fp64,A100-SXM4-80GB,A100-SXM4-80GB,,9700.0,152f8cc9-7213-5fba-8430-8cd9341fa530,suitesparse_all,Sandia/fpga_dcop_47,fpga_dcop_47,1220,1220,5892,2,row-major,N,N,1.0,0.0,20260922,main,pass,pass,0,0,23568.0,0.01891,0.0139776006341,0.0328876006341,0.0149231006341,1.6861262971345092,0.7166226646392431,1.5792964597548844,0.017382745331283603,0.007387862522054053,0.016281406801596746,AlphaSparse 248af573c867cf4c7e05d40c611c7c34ebac4715,CUDA,13040,13000,2026-10-08T00:23:10.596800+00:00,derived,csr-alg3,0,0,,,,5,20,4,true
3,A100-SXM4-80GB-suitesparse_all-fp64-n2-row-major-AlphaSparse-SpMM-CSR-pre-plus-solve,AlphaSparse-SpMM-CSR-best-pre-plus-solve,AlphaSparseLib CSR PER MATRIX BEST,per-matrix-best,AlphaSparse-SpMM-CSR,best,pre-plus-solve,"csr-alg1,csr-alg2,csr-alg3,csr-alg4,csr-alg5",manual-selection,csr,ALPHASPARSE_SPMM_CSR_ALG3,workspace-setup,spmm.csr.fp64,fp64,A100-SXM4-80GB,A100-SXM4-80GB,,9700.0,a0827285-e98d-55a9-b486-73107367c8f5,suitesparse_all,Sandia/fpga_dcop_48,fpga_dcop_48,1220,1220,5892,2,row-major,N,N,1.0,0.0,20260922,main,pass,pass,0,0,23568.0,0.01631,0.0122368000448,0.0285468000448,0.0130523000448,1.92599371679814,0.8255916587152848,1.8056587665856965,0.019855605327815877,0.008511254213559638,0.018615038830780375,AlphaSparse 248af573c867cf4c7e05d40c611c7c34ebac4715,CUDA,13040,13000,2026-10-06T08:02:16.137812+00:00,derived,csr-alg3,0,0,,,,5,20,4,true
3,A100-SXM4-80GB-suitesparse_all-fp64-n2-row-major-AlphaSparse-SpMM-CSR-pre-plus-solve,AlphaSparse-SpMM-CSR-best-pre-plus-solve,AlphaSparseLib CSR PER MATRIX BEST,per-matrix-best,AlphaSparse-SpMM-CSR,best,pre-plus-solve,"csr-alg1,csr-alg2,csr-alg3,csr-alg4,csr-alg5",manual-selection,csr,ALPHASPARSE_SPMM_CSR_ALG3,workspace-setup,spmm.csr.fp64,fp64,A100-SXM4-80GB,A100-SXM4-80GB,,9700.0,dd6a9a30-d69d-5ea7-834e-7b0f3242a57c,suitesparse_all,Sandia/fpga_dcop_49,fpga_dcop_49,1220,1220,5892,2,row-major,N,N,1.0,0.0,20260922,main,pass,pass,0,0,23568.0,0.012711,0.0114863999188,0.0241973999188,0.0121219499188,2.051817816427045,0.9739889442290455,1.9442416573135861,0.021152760994093245,0.010041123136381912,0.02004372842591326,AlphaSparse 248af573c867cf4c7e05d40c611c7c34ebac4715,CUDA,13040,13000,2026-10-06T21:07:30.899008+00:00,derived,csr-alg3,0,0,,,,5,20,4,true
3,A100-SXM4-80GB-suitesparse_all-fp64-n2-row-major-AlphaSparse-SpMM-CSR-pre-plus-solve,AlphaSparse-SpMM-CSR-best-pre-plus-solve,AlphaSparseLib CSR PER MATRIX BEST,per-matrix-best,AlphaSparse-SpMM-CSR,best,pre-plus-solve,"csr-alg1,csr-alg2,csr-alg3,csr-alg4,csr-alg5",manual-selection,csr,ALPHASPARSE_SPMM_CSR_ALG1,workspace-setup,spmm.csr.fp64,fp64,A100-SXM4-80GB,A100-SXM4-80GB,,9700.0,005fdebf-9ece-5bc0-9d3c-6fda0356699d,suitesparse_all,Sandia/fpga_dcop_50,fpga_dcop_50,1220,1220,5892,2,row-major,N,N,1.0,0.0,20260922,main,pass,pass,0,0,23568.0,0.01296,0.0121344000101,0.0250944000101,0.0127824000101,1.9422468338264196,0.9391736798056278,1.8437852031995376,0.020023163235323913,0.009682202884594102,0.019008094878345747,AlphaSparse 248af573c867cf4c7e05d40c611c7c34ebac4715,CUDA,13040,13000,2026-10-08T13:54:54.901436+00:00,derived,csr-alg1,0,0,,,,5,20,4,true
3,A100-SXM4-80GB-suitesparse_all-fp64-n2-row-major-AlphaSparse-SpMM-CSR-pre-plus-solve,AlphaSparse-SpMM-CSR-best-pre-plus-solve,AlphaSparseLib CSR PER MATRIX BEST,per-matrix-best,AlphaSparse-SpMM-CSR,best,pre-plus-solve,"csr-alg1,csr-alg2,csr-alg3,csr-alg4,csr-alg5",manual-selection,csr,ALPHASPARSE_SPMM_CSR_ALG3,workspace-setup,spmm.csr.fp64,fp64,A100-SXM4-80GB,A100-SXM4-80GB,,9700.0,d94c6f41-d28e-5f45-abb9-189a8a3b4f78,suitesparse_all,Sandia/fpga_dcop_51,fpga_dcop_51,1220,1220,5892,2,row-major,N,N,1.0,0.0,20260922,main,pass,pass,0,0,23568.0,0.01233,0.0127488002181,0.0250788002181,0.0133653002181,1.8486445466875805,0.9397578749796165,1.7633722860997139,0.019058191202964748,0.009688225515253779,0.01817909573298674,AlphaSparse 248af573c867cf4c7e05d40c611c7c34ebac4715,CUDA,13040,13000,2026-10-06T02:46:05.130030+00:00,derived,csr-alg3,0,0,,,,5,20,4,true
3,A100-SXM4-80GB-suitesparse_all-fp64-n2-row-major-AlphaSparse-SpMM-CSR-pre-plus-solve,AlphaSparse-SpMM-CSR-best-pre-plus-solve,AlphaSparseLib CSR PER MATRIX BEST,per-matrix-best,AlphaSparse-SpMM-CSR,best,pre-plus-solve,"csr-alg1,csr-alg2,csr-alg3,csr-alg4,csr-alg5",manual-selection,csr,ALPHASPARSE_SPMM_CSR_ALG3,workspace-setup,spmm.csr.fp64,fp64,A100-SXM4-80GB,A100-SXM4-80GB,,9700.0,018f64fd-81d1-5f6a-986f-7d386c913e5c,suitesparse_all,Sandia/fpga_trans_01,fpga_trans_01,1220,1220,7382,2,row-major,N,N,1.0,0.0,20260922,main,pass,pass,0,0,29528.0,0.01198,0.0141824007034,0.0261624007034,0.0147814007034,2.0820170447533006,1.128642601829832,1.997645594791839,0.021464093244879388,0.01163549074051373,0.020594284482390094,AlphaSparse 248af573c867cf4c7e05d40c611c7c34ebac4715,CUDA,13040,13000,2026-10-06T21:53:20.487286+00:00,derived,csr-alg3,0,0,,,,5,20,4,true
3,A100-SXM4-80GB-suitesparse_all-fp64-n2-row-major-AlphaSparse-SpMM-CSR-pre-plus-solve,AlphaSparse-SpMM-CSR-best-pre-plus-solve,AlphaSparseLib CSR PER MATRIX BEST,per-matrix-best,AlphaSparse-SpMM-CSR,best,pre-plus-solve,"csr-alg1,csr-alg2,csr-alg3,csr-alg4,csr-alg5",manual-selection,csr,ALPHASPARSE_SPMM_CSR_ALG3,workspace-setup,spmm.csr.fp64,fp64,A100-SXM4-80GB,A100-SXM4-80GB,,9700.0,752b02ae-c4ef-54eb-ad5c-0957985c94ee,suitesparse_all,Sandia/init_adder1,init_adder1,1813,1813,11156,2,row-major,N,N,1.0,0.0,20260922,main,pass,pass,0,0,44624.0,0.012571,0.0144383996725,0.0270093996725,0.0150669496725,3.0906472332243857,1.6521655623999134,2.9617142799280165,0.03186234261056068,0.017032634663916635,0.030533136906474398,AlphaSparse 248af573c867cf4c7e05d40c611c7c34ebac4715,CUDA,13040,13000,2026-10-08T05:55:52.417080+00:00,derived,csr-alg3,0,0,,,,5,20,4,true
3,A100-SXM4-80GB-suitesparse_all-fp64-n2-row-major-AlphaSparse-SpMM-CSR-pre-plus-solve,AlphaSparse-SpMM-CSR-best-pre-plus-solve,AlphaSparseLib CSR PER MATRIX BEST,per-matrix-best,AlphaSparse-SpMM-CSR,best,pre-plus-solve,"csr-alg1,csr-alg2,csr-alg3,csr-alg4,csr-alg5",manual-selection,csr,ALPHASPARSE_SPMM_CSR_ALG5,workspace-setup,spmm.csr.fp64,fp64,A100-SXM4-80GB,A100-SXM4-80GB,,9700.0,152f8cc9-7213-5fba-8430-8cd9341fa530,suitesparse_all,Sandia/mult_dcop_01,mult_dcop_01,25187,25187,193276,2,row-major,N,N,1.0,0.0,20260922,main,pass,pass,0,0,773104.0,0.021811,0.0188416004181,0.0406526004181,0.0199321504181,41.031758600364185,19.0173320291655,38.78678335168288,0.4230078206223111,0.19605496937284023,0.39986374589363793,AlphaSparse 248af573c867cf4c7e05d40c611c7c34ebac4715,CUDA,13040,13000,2026-10-08T02:20:46.623534+00:00,derived,csr-alg5,0,0,,,,5,20,4,true
3,A100-SXM4-80GB-suitesparse_all-fp64-n2-row-major-AlphaSparse-SpMM-CSR-pre-plus-solve,AlphaSparse-SpMM-CSR-best-pre-plus-solve,AlphaSparseLib CSR PER MATRIX BEST,per-matrix-best,AlphaSparse-SpMM-CSR,best,pre-plus-solve,"csr-alg1,csr-alg2,csr-alg3,csr-alg4,csr-alg5",manual-selection,csr,ALPHASPARSE_SPMM_CSR_ALG5,workspace-setup,spmm.csr.fp64,fp64,A100-SXM4-80GB,A100-SXM4-80GB,,9700.0,a0827285-e98d-55a9-b486-73107367c8f5,suitesparse_all,Sandia/mult_dcop_02,mult_dcop_02,25187,25187,193276,2,row-major,N,N,1.0,0.0,20260922,main,pass,pass,0,0,773104.0,0.01708,0.0186880007386,0.0357680007386,0.0195420007386,41.36900521430077,21.614403490147662,39.561148847617204,0.42648458983815224,0.2228289019602852,0.4078468953362598,AlphaSparse 248af573c867cf4c7e05d40c611c7c34ebac4715,CUDA,13040,13000,2026-10-06T08:58:00.655225+00:00,derived,csr-alg5,0,0,,,,5,20,4,true
3,A100-SXM4-80GB-suitesparse_all-fp64-n2-row-major-AlphaSparse-SpMM-CSR-pre-plus-solve,AlphaSparse-SpMM-CSR-best-pre-plus-solve,AlphaSparseLib CSR PER MATRIX BEST,per-matrix-best,AlphaSparse-SpMM-CSR,best,pre-plus-solve,"csr-alg1,csr-alg2,csr-alg3,csr-alg4,csr-alg5",manual-selection,csr,ALPHASPARSE_SPMM_CSR_ALG5,workspace-setup,spmm.csr.fp64,fp64,A100-SXM4-80GB,A100-SXM4-80GB,,9700.0,dd6a9a30-d69d-5ea7-834e-7b0f3242a57c,suitesparse_all,Sandia/mult_dcop_03,mult_dcop_03,25187,25187,193216,2,row-major,N,N,1.0,0.0,20260922,main,pass,pass,0,0,772864.0,0.01635,0.0183295994997,0.0346795994997,0.0191470994997,42.16480562014732,22.285839835223175,40.36454712172511,0.4346887177334775,0.22975092613632142,0.4161293517703619,AlphaSparse 248af573c867cf4c7e05d40c611c7c34ebac4715,CUDA,13040,13000,2026-10-06T22:22:00.414070+00:00,derived,csr-alg5,0,0,,,,5,20,4,true
3,A100-SXM4-80GB-suitesparse_all-fp64-n2-row-major-AlphaSparse-SpMM-CSR-pre-plus-solve,AlphaSparse-SpMM-CSR-best-pre-plus-solve,AlphaSparseLib CSR PER MATRIX BEST,per-matrix-best,AlphaSparse-SpMM-CSR,best,pre-plus-solve,"csr-alg1,csr-alg2,csr-alg3,csr-alg4,csr-alg5",manual-selection,csr,ALPHASPARSE_SPMM_CSR_ALG1,workspace-setup,spmm.csr.fp64,fp64,A100-SXM4-80GB,A100-SXM4-80GB,,9700.0,005fdebf-9ece-5bc0-9d3c-6fda0356699d,suitesparse_all,Sandia/oscil_dcop_01,oscil_dcop_01,430,430,1544,2,row-major,N,N,1.0,0.0,20260922,main,pass,pass,0,0,6176.0,0.01346,0.00650240033865,0.0199624003386,0.00717540033865,0.9498031001398223,0.3093816322307628,0.8607185255898865,0.00979178453752394,0.0031895013632037405,0.008873386861751407,AlphaSparse 248af573c867cf4c7e05d40c611c7c34ebac4715,CUDA,13040,13000,2026-10-08T13:54:55.587383+00:00,derived,csr-alg1,0,0,,,,5,20,4,true
3,A100-SXM4-80GB-suitesparse_all-fp64-n2-row-major-AlphaSparse-SpMM-CSR-pre-plus-solve,AlphaSparse-SpMM-CSR-best-pre-plus-solve,AlphaSparseLib CSR PER MATRIX BEST,per-matrix-best,AlphaSparse-SpMM-CSR,best,pre-plus-solve,"csr-alg1,csr-alg2,csr-alg3,csr-alg4,csr-alg5",manual-selection,csr,ALPHASPARSE_SPMM_CSR_ALG1,workspace-setup,spmm.csr.fp64,fp64,A100-SXM4-80GB,A100-SXM4-80GB,,9700.0,d94c6f41-d28e-5f45-abb9-189a8a3b4f78,suitesparse_all,Sandia/oscil_dcop_02,oscil_dcop_02,430,430,1544,2,row-major,N,N,1.0,0.0,20260922,main,pass,pass,0,0,6176.0,0.01316,0.00752639994025,0.0206863999403,0.00818439994025,0.8205782378068599,0.2985536399674981,0.7546063297355614,0.008459569461926391,0.0030778725769845163,0.007779446698304757,AlphaSparse 248af573c867cf4c7e05d40c611c7c34ebac4715,CUDA,13040,13000,2026-10-06T01:51:16.494065+00:00,derived,csr-alg1,0,0,,,,5,20,4,true
3,A100-SXM4-80GB-suitesparse_all-fp64-n2-row-major-AlphaSparse-SpMM-CSR-pre-plus-solve,AlphaSparse-SpMM-CSR-best-pre-plus-solve,AlphaSparseLib CSR PER MATRIX BEST,per-matrix-best,AlphaSparse-SpMM-CSR,best,pre-plus-solve,"csr-alg1,csr-alg2,csr-alg3,csr-alg4,csr-alg5",manual-selection,csr,ALPHASPARSE_SPMM_CSR_ALG3,workspace-setup,spmm.csr.fp64,fp64,A100-SXM4-80GB,A100-SXM4-80GB,,9700.0,018f64fd-81d1-5f6a-986f-7d386c913e5c,suitesparse_all,Sandia/oscil_dcop_03,oscil_dcop_03,430,430,1544,2,row-major,N,N,1.0,0.0,20260922,main,pass,pass,0,0,6176.0,0.01137,0.0136191993952,0.0249891993952,0.0141876993952,0.45347746374700204,0.2471467733850771,0.4353066574056025,0.004675025399453629,0.002547904880258527,0.00448769749902683,AlphaSparse 248af573c867cf4c7e05d40c611c7c34ebac4715,CUDA,13040,13000,2026-10-06T21:53:21.109307+00:00,derived,csr-alg3,0,0,,,,5,20,4,true
3,A100-SXM4-80GB-suitesparse_all-fp64-n2-row-major-AlphaSparse-SpMM-CSR-pre-plus-solve,AlphaSparse-SpMM-CSR-best-pre-plus-solve,AlphaSparseLib CSR PER MATRIX BEST,per-matrix-best,AlphaSparse-SpMM-CSR,best,pre-plus-solve,"csr-alg1,csr-alg2,csr-alg3,csr-alg4,csr-alg5",manual-selection,csr,ALPHASPARSE_SPMM_CSR_ALG1,workspace-setup,spmm.csr.fp64,fp64,A100-SXM4-80GB,A100-SXM4-80GB,,9700.0,752b02ae-c4ef-54eb-ad5c-0957985c94ee,suitesparse_all,Sandia/oscil_dcop_05,oscil_dcop_05,430,430,1544,2,row-major,N,N,1.0,0.0,20260922,main,pass,pass,0,0,6176.0,0.01607,0.00793600007892,0.0240060000789,0.00873950007892,0.7782257987125025,0.257269015233753,0.706676576947089,0.008022946378479407,0.002652257889007763,0.007285325535537001,AlphaSparse 248af573c867cf4c7e05d40c611c7c34ebac4715,CUDA,13040,13000,2026-10-08T03:34:07.646058+00:00,derived,csr-alg1,0,0,,,,5,20,4,true
3,A100-SXM4-80GB-suitesparse_all-fp64-n2-row-major-AlphaSparse-SpMM-CSR-pre-plus-solve,AlphaSparse-SpMM-CSR-best-pre-plus-solve,AlphaSparseLib CSR PER MATRIX BEST,per-matrix-best,AlphaSparse-SpMM-CSR,best,pre-plus-solve,"csr-alg1,csr-alg2,csr-alg3,csr-alg4,csr-alg5",manual-selection,csr,ALPHASPARSE_SPMM_CSR_ALG1,workspace-setup,spmm.csr.fp64,fp64,A100-SXM4-80GB,A100-SXM4-80GB,,9700.0,152f8cc9-7213-5fba-8430-8cd9341fa530,suitesparse_all,Sandia/oscil_dcop_06,oscil_dcop_06,430,430,1544,2,row-major,N,N,1.0,0.0,20260922,main,pass,pass,0,0,6176.0,0.01999,0.00762879997492,0.0276187999749,0.00862829997492,0.8095637610507366,0.22361579813796242,0.7157841078719871,0.008346018155162234,0.002305317506576932,0.007379217606927702,AlphaSparse 248af573c867cf4c7e05d40c611c7c34ebac4715,CUDA,13040,13000,2026-10-07T22:26:25.477677+00:00,derived,csr-alg1,0,0,,,,5,20,4,true
3,A100-SXM4-80GB-suitesparse_all-fp64-n2-row-major-AlphaSparse-SpMM-CSR-pre-plus-solve,AlphaSparse-SpMM-CSR-best-pre-plus-solve,AlphaSparseLib CSR PER MATRIX BEST,per-matrix-best,AlphaSparse-SpMM-CSR,best,pre-plus-solve,"csr-alg1,csr-alg2,csr-alg3,csr-alg4,csr-alg5",manual-selection,csr,ALPHASPARSE_SPMM_CSR_ALG1,workspace-setup,spmm.csr.fp64,fp64,A100-SXM4-80GB,A100-SXM4-80GB,,9700.0,a0827285-e98d-55a9-b486-73107367c8f5,suitesparse_all,Sandia/oscil_dcop_07,oscil_dcop_07,430,430,1544,2,row-major,N,N,1.0,0.0,20260922,main,pass,pass,0,0,6176.0,0.01569,0.00645119994879,0.0221411999488,0.00723569994879,0.9573412774407004,0.2789370049627651,0.853545620148717,0.009869497705574232,0.0028756392264202586,0.008799439382976464,AlphaSparse 248af573c867cf4c7e05d40c611c7c34ebac4715,CUDA,13040,13000,2026-10-06T07:05:23.835203+00:00,derived,csr-alg1,0,0,,,,5,20,4,true
3,A100-SXM4-80GB-suitesparse_all-fp64-n2-row-major-AlphaSparse-SpMM-CSR-pre-plus-solve,AlphaSparse-SpMM-CSR-best-pre-plus-solve,AlphaSparseLib CSR PER MATRIX BEST,per-matrix-best,AlphaSparse-SpMM-CSR,best,pre-plus-solve,"csr-alg1,csr-alg2,csr-alg3,csr-alg4,csr-alg5",manual-selection,csr,ALPHASPARSE_SPMM_CSR_ALG1,workspace-setup,spmm.csr.fp64,fp64,A100-SXM4-80GB,A100-SXM4-80GB,,9700.0,dd6a9a30-d69d-5ea7-834e-7b0f3242a57c,suitesparse_all,Sandia/oscil_dcop_08,oscil_dcop_08,430,430,1544,2,row-major,N,N,1.0,0.0,20260922,main,pass,pass,0,0,6176.0,0.01353,0.00634879991412,0.0198787999141,0.00702529991412,0.9727822712233086,0.3106827387310928,0.8791083762256171,0.010028683208487718,0.0032029148322793074,0.009062972950779558,AlphaSparse 248af573c867cf4c7e05d40c611c7c34ebac4715,CUDA,13040,13000,2026-10-06T19:51:06.605063+00:00,derived,csr-alg1,0,0,,,,5,20,4,true
3,A100-SXM4-80GB-suitesparse_all-fp64-n2-row-major-AlphaSparse-SpMM-CSR-pre-plus-solve,AlphaSparse-SpMM-CSR-best-pre-plus-solve,AlphaSparseLib CSR PER MATRIX BEST,per-matrix-best,AlphaSparse-SpMM-CSR,best,pre-plus-solve,"csr-alg1,csr-alg2,csr-alg3,csr-alg4,csr-alg5",manual-selection,csr,ALPHASPARSE_SPMM_CSR_ALG1,workspace-setup,spmm.csr.fp64,fp64,A100-SXM4-80GB,A100-SXM4-80GB,,9700.0,005fdebf-9ece-5bc0-9d3c-6fda0356699d,suitesparse_all,Sandia/oscil_dcop_09,oscil_dcop_09,430,430,1544,2,row-major,N,N,1.0,0.0,20260922,main,pass,pass,0,0,6176.0,0.01205,0.00655359998345,0.0186035999835,0.00715609998345,0.9423828148798272,0.3319787570941995,0.8630399259769024,0.009715286751338426,0.0034224614133422627,0.008897318824504149,AlphaSparse 248af573c867cf4c7e05d40c611c7c34ebac4715,CUDA,13040,13000,2026-10-08T13:54:56.248761+00:00,derived,csr-alg1,0,0,,,,5,20,4,true
3,A100-SXM4-80GB-suitesparse_all-fp64-n2-row-major-AlphaSparse-SpMM-CSR-pre-plus-solve,AlphaSparse-SpMM-CSR-best-pre-plus-solve,AlphaSparseLib CSR PER MATRIX BEST,per-matrix-best,AlphaSparse-SpMM-CSR,best,pre-plus-solve,"csr-alg1,csr-alg2,csr-alg3,csr-alg4,csr-alg5",manual-selection,csr,ALPHASPARSE_SPMM_CSR_ALG1,workspace-setup,spmm.csr.fp64,fp64,A100-SXM4-80GB,A100-SXM4-80GB,,9700.0,d94c6f41-d28e-5f45-abb9-189a8a3b4f78,suitesparse_all,Sandia/oscil_dcop_10,oscil_dcop_10,430,430,1544,2,row-major,N,N,1.0,0.0,20260922,main,pass,pass,0,0,6176.0,0.01299,0.00768000036478,0.0206700003648,0.00832950036478,0.8041666284708461,0.2987905123851583,0.741461039621807,0.008290377613101507,0.0030803145606717354,0.007643928243523782,AlphaSparse 248af573c867cf4c7e05d40c611c7c34ebac4715,CUDA,13040,13000,2026-10-06T01:51:17.261780+00:00,derived,csr-alg1,0,0,,,,5,20,4,true
3,A100-SXM4-80GB-suitesparse_all-fp64-n2-row-major-AlphaSparse-SpMM-CSR-pre-plus-solve,AlphaSparse-SpMM-CSR-best-pre-plus-solve,AlphaSparseLib CSR PER MATRIX BEST,per-matrix-best,AlphaSparse-SpMM-CSR,best,pre-plus-solve,"csr-alg1,csr-alg2,csr-alg3,csr-alg4,csr-alg5",manual-selection,csr,ALPHASPARSE_SPMM_CSR_ALG1,workspace-setup,spmm.csr.fp64,fp64,A100-SXM4-80GB,A100-SXM4-80GB,,9700.0,018f64fd-81d1-5f6a-986f-7d386c913e5c,suitesparse_all,Sandia/oscil_dcop_11,oscil_dcop_11,430,430,1544,2,row-major,N,N,1.0,0.0,20260922,main,pass,pass,0,0,6176.0,0.01408,0.00788479968905,0.0219647996891,0.00858879968905,0.7832792516691207,0.28117716015706856,0.7190760319947713,0.008075043831640418,0.002898733609866686,0.007413154969018261,AlphaSparse 248af573c867cf4c7e05d40c611c7c34ebac4715,CUDA,13040,13000,2026-10-06T20:28:01.514133+00:00,derived,csr-alg1,0,0,,,,5,20,4,true
3,A100-SXM4-80GB-suitesparse_all-fp64-n2-row-major-AlphaSparse-SpMM-CSR-pre-plus-solve,AlphaSparse-SpMM-CSR-best-pre-plus-solve,AlphaSparseLib CSR PER MATRIX BEST,per-matrix-best,AlphaSparse-SpMM-CSR,best,pre-plus-solve,"csr-alg1,csr-alg2,csr-alg3,csr-alg4,csr-alg5",manual-selection,csr,ALPHASPARSE_SPMM_CSR_ALG1,workspace-setup,spmm.csr.fp64,fp64,A100-SXM4-80GB,A100-SXM4-80GB,,9700.0,752b02ae-c4ef-54eb-ad5c-0957985c94ee,suitesparse_all,Sandia/oscil_dcop_13,oscil_dcop_13,430,430,1544,2,row-major,N,N,1.0,0.0,20260922,main,pass,pass,0,0,6176.0,0.01655,0.00788479968905,0.0244347996891,0.00871229968905,0.7832792516691207,0.2527542717182585,0.7088828690962349,0.008075043831640418,0.0026057141414253453,0.007308070815425101,AlphaSparse 248af573c867cf4c7e05d40c611c7c34ebac4715,CUDA,13040,13000,2026-10-08T03:34:08.284522+00:00,derived,csr-alg1,0,0,,,,5,20,4,true
3,A100-SXM4-80GB-suitesparse_all-fp64-n2-row-major-AlphaSparse-SpMM-CSR-pre-plus-solve,AlphaSparse-SpMM-CSR-best-pre-plus-solve,AlphaSparseLib CSR PER MATRIX BEST,per-matrix-best,AlphaSparse-SpMM-CSR,best,pre-plus-solve,"csr-alg1,csr-alg2,csr-alg3,csr-alg4,csr-alg5",manual-selection,csr,ALPHASPARSE_SPMM_CSR_ALG1,workspace-setup,spmm.csr.fp64,fp64,A100-SXM4-80GB,A100-SXM4-80GB,,9700.0,152f8cc9-7213-5fba-8430-8cd9341fa530,suitesparse_all,Sandia/oscil_dcop_14,oscil_dcop_14,430,430,1544,2,row-major,N,N,1.0,0.0,20260922,main,pass,pass,0,0,6176.0,0.01949,0.00757760033011,0.0270676003301,0.00855210033011,0.8150337482777145,0.22816946920603443,0.7221617803354935,0.008402409776058911,0.0023522625691343754,0.007444966807582408,AlphaSparse 248af573c867cf4c7e05d40c611c7c34ebac4715,CUDA,13040,13000,2026-10-07T22:26:26.066794+00:00,derived,csr-alg1,0,0,,,,5,20,4,true
3,A100-SXM4-80GB-suitesparse_all-fp64-n2-row-major-AlphaSparse-SpMM-CSR-pre-plus-solve,AlphaSparse-SpMM-CSR-best-pre-plus-solve,AlphaSparseLib CSR PER MATRIX BEST,per-matrix-best,AlphaSparse-SpMM-CSR,best,pre-plus-solve,"csr-alg1,csr-alg2,csr-alg3,csr-alg4,csr-alg5",manual-selection,csr,ALPHASPARSE_SPMM_CSR_ALG1,workspace-setup,spmm.csr.fp64,fp64,A100-SXM4-80GB,A100-SXM4-80GB,,9700.0,a0827285-e98d-55a9-b486-73107367c8f5,suitesparse_all,Sandia/oscil_dcop_15,oscil_dcop_15,430,430,1544,2,row-major,N,N,1.0,0.0,20260922,main,pass,pass,0,0,6176.0,0.0173,0.00645119994879,0.0237511999488,0.00731619994879,0.9573412774407004,0.26002896751799837,0.8441540749609264,0.009869497705574232,0.0026807110053401893,0.008702619329494088,AlphaSparse 248af573c867cf4c7e05d40c611c7c34ebac4715,CUDA,13040,13000,2026-10-06T07:05:24.586910+00:00,derived,csr-alg1,0,0,,,,5,20,4,true
3,A100-SXM4-80GB-suitesparse_all-fp64-n2-row-major-AlphaSparse-SpMM-CSR-pre-plus-solve,AlphaSparse-SpMM-CSR-best-pre-plus-solve,AlphaSparseLib CSR PER MATRIX BEST,per-matrix-best,AlphaSparse-SpMM-CSR,best,pre-plus-solve,"csr-alg1,csr-alg2,csr-alg3,csr-alg4,csr-alg5",manual-selection,csr,ALPHASPARSE_SPMM_CSR_ALG3,workspace-setup,spmm.csr.fp64,fp64,A100-SXM4-80GB,A100-SXM4-80GB,,9700.0,dd6a9a30-d69d-5ea7-834e-7b0f3242a57c,suitesparse_all,Sandia/oscil_dcop_16,oscil_dcop_16,430,430,1544,2,row-major,N,N,1.0,0.0,20260922,main,pass,pass,0,0,6176.0,0.01318,0.0109903998673,0.0241703998673,0.0116493998673,0.5619449769407936,0.25551914878973414,0.5301560655786315,0.005793247184956635,0.0026342180287601455,0.005465526449264242,AlphaSparse 248af573c867cf4c7e05d40c611c7c34ebac4715,CUDA,13040,13000,2026-10-06T21:07:33.556314+00:00,derived,csr-alg3,0,0,,,,5,20,4,true
3,A100-SXM4-80GB-suitesparse_all-fp64-n2-row-major-AlphaSparse-SpMM-CSR-pre-plus-solve,AlphaSparse-SpMM-CSR-best-pre-plus-solve,AlphaSparseLib CSR PER MATRIX BEST,per-matrix-best,AlphaSparse-SpMM-CSR,best,pre-plus-solve,"csr-alg1,csr-alg2,csr-alg3,csr-alg4,csr-alg5",manual-selection,csr,ALPHASPARSE_SPMM_CSR_ALG1,workspace-setup,spmm.csr.fp64,fp64,A100-SXM4-80GB,A100-SXM4-80GB,,9700.0,005fdebf-9ece-5bc0-9d3c-6fda0356699d,suitesparse_all,Sandia/oscil_dcop_17,oscil_dcop_17,430,430,1544,2,row-major,N,N,1.0,0.0,20260922,main,pass,pass,0,0,6176.0,0.01338,0.00650240033865,0.0198824003386,0.00717140033865,0.9498031001398223,0.3106264784342873,0.8611986095260467,0.00979178453752394,0.0032023348292194564,0.008878336180680894,AlphaSparse 248af573c867cf4c7e05d40c611c7c34ebac4715,CUDA,13040,13000,2026-10-08T13:54:56.889769+00:00,derived,csr-alg1,0,0,,,,5,20,4,true
3,A100-SXM4-80GB-suitesparse_all-fp64-n2-row-major-AlphaSparse-SpMM-CSR-pre-plus-solve,AlphaSparse-SpMM-CSR-best-pre-plus-solve,AlphaSparseLib CSR PER MATRIX BEST,per-matrix-best,AlphaSparse-SpMM-CSR,best,pre-plus-solve,"csr-alg1,csr-alg2,csr-alg3,csr-alg4,csr-alg5",manual-selection,csr,ALPHASPARSE_SPMM_CSR_ALG1,workspace-setup,spmm.csr.fp64,fp64,A100-SXM4-80GB,A100-SXM4-80GB,,9700.0,d94c6f41-d28e-5f45-abb9-189a8a3b4f78,suitesparse_all,Sandia/oscil_dcop_18,oscil_dcop_18,430,430,1544,2,row-major,N,N,1.0,0.0,20260922,main,pass,pass,0,0,6176.0,0.016911,0.00757760033011,0.0244886003301,0.00842315033011,0.8150337482777145,0.2521989789840627,0.7332173543101596,0.008402409776058911,0.002599989474062502,0.007558941797011954,AlphaSparse 248af573c867cf4c7e05d40c611c7c34ebac4715,CUDA,13040,13000,2026-10-06T01:51:18.367624+00:00,derived,csr-alg1,0,0,,,,5,20,4,true
3,A100-SXM4-80GB-suitesparse_all-fp64-n2-row-major-AlphaSparse-SpMM-CSR-pre-plus-solve,AlphaSparse-SpMM-CSR-best-pre-plus-solve,AlphaSparseLib CSR PER MATRIX BEST,per-matrix-best,AlphaSparse-SpMM-CSR,best,pre-plus-solve,"csr-alg1,csr-alg2,csr-alg3,csr-alg4,csr-alg5",manual-selection,csr,ALPHASPARSE_SPMM_CSR_ALG3,workspace-setup,spmm.csr.fp64,fp64,A100-SXM4-80GB,A100-SXM4-80GB,,9700.0,018f64fd-81d1-5f6a-986f-7d386c913e5c,suitesparse_all,Sandia/oscil_dcop_19,oscil_dcop_19,430,430,1544,2,row-major,N,N,1.0,0.0,20260922,main,pass,pass,0,0,6176.0,0.01115,0.0136191993952,0.0247691993952,0.0141766993952,0.45347746374700204,0.24934193073664065,0.4356444210202477,0.004675025399453629,0.002570535368418976,0.004491179598146883,AlphaSparse 248af573c867cf4c7e05d40c611c7c34ebac4715,CUDA,13040,13000,2026-10-06T21:53:22.550415+00:00,derived,csr-alg3,0,0,,,,5,20,4,true
3,A100-SXM4-80GB-suitesparse_all-fp64-n2-row-major-AlphaSparse-SpMM-CSR-pre-plus-solve,AlphaSparse-SpMM-CSR-best-pre-plus-solve,AlphaSparseLib CSR PER MATRIX BEST,per-matrix-best,AlphaSparse-SpMM-CSR,best,pre-plus-solve,"csr-alg1,csr-alg2,csr-alg3,csr-alg4,csr-alg5",manual-selection,csr,ALPHASPARSE_SPMM_CSR_ALG1,workspace-setup,spmm.csr.fp64,fp64,A100-SXM4-80GB,A100-SXM4-80GB,,9700.0,752b02ae-c4ef-54eb-ad5c-0957985c94ee,suitesparse_all,Sandia/oscil_dcop_21,oscil_dcop_21,430,430,1544,2,row-major,N,N,1.0,0.0,20260922,main,pass,pass,0,0,6176.0,0.01559,0.00793600007892,0.0235260000789,0.00871550007892,0.7782257987125025,0.26251806423902596,0.7086225625696182,0.008022946378479407,0.002706371796278618,0.007305387242985755,AlphaSparse 248af573c867cf4c7e05d40c611c7c34ebac4715,CUDA,13040,13000,2026-10-08T03:34:08.918352+00:00,derived,csr-alg1,0,0,,,,5,20,4,true
3,A100-SXM4-80GB-suitesparse_all-fp64-n2-row-major-AlphaSparse-SpMM-CSR-pre-plus-solve,AlphaSparse-SpMM-CSR-best-pre-plus-solve,AlphaSparseLib CSR PER MATRIX BEST,per-matrix-best,AlphaSparse-SpMM-CSR,best,pre-plus-solve,"csr-alg1,csr-alg2,csr-alg3,csr-alg4,csr-alg5",manual-selection,csr,ALPHASPARSE_SPMM_CSR_ALG1,workspace-setup,spmm.csr.fp64,fp64,A100-SXM4-80GB,A100-SXM4-80GB,,9700.0,152f8cc9-7213-5fba-8430-8cd9341fa530,suitesparse_all,Sandia/oscil_dcop_22,oscil_dcop_22,430,430,1544,2,row-major,N,N,1.0,0.0,20260922,main,pass,pass,0,0,6176.0,0.02216,0.00762879997492,0.0297887999749,0.00873679997492,0.8095637610507366,0.2073262435950387,0.7068949750170458,0.008346018155162234,0.0021373839545880276,0.007287577062031401,AlphaSparse 248af573c867cf4c7e05d40c611c7c34ebac4715,CUDA,13040,13000,2026-10-07T22:26:26.679972+00:00,derived,csr-alg1,0,0,,,,5,20,4,true
3,A100-SXM4-80GB-suitesparse_all-fp64-n2-row-major-AlphaSparse-SpMM-CSR-pre-plus-solve,AlphaSparse-SpMM-CSR-best-pre-plus-solve,AlphaSparseLib CSR PER MATRIX BEST,per-matrix-best,AlphaSparse-SpMM-CSR,best,pre-plus-solve,"csr-alg1,csr-alg2,csr-alg3,csr-alg4,csr-alg5",manual-selection,csr,ALPHASPARSE_SPMM_CSR_ALG1,workspace-setup,spmm.csr.fp64,fp64,A100-SXM4-80GB,A100-SXM4-80GB,,9700.0,a0827285-e98d-55a9-b486-73107367c8f5,suitesparse_all,Sandia/oscil_dcop_23,oscil_dcop_23,430,430,1544,2,row-major,N,N,1.0,0.0,20260922,main,pass,pass,0,0,6176.0,0.01568,0.00650240033865,0.0221824003386,0.00728640033865,0.9498031001398223,0.27841892246679134,0.8476064603862089,0.00979178453752394,0.0028702981697607353,0.008738210931816587,AlphaSparse 248af573c867cf4c7e05d40c611c7c34ebac4715,CUDA,13040,13000,2026-10-06T07:05:25.357349+00:00,derived,csr-alg1,0,0,,,,5,20,4,true
3,A100-SXM4-80GB-suitesparse_all-fp64-n2-row-major-AlphaSparse-SpMM-CSR-pre-plus-solve,AlphaSparse-SpMM-CSR-best-pre-plus-solve,AlphaSparseLib CSR PER MATRIX BEST,per-matrix-best,AlphaSparse-SpMM-CSR,best,pre-plus-solve,"csr-alg1,csr-alg2,csr-alg3,csr-alg4,csr-alg5",manual-selection,csr,ALPHASPARSE_SPMM_CSR_ALG1,workspace-setup,spmm.csr.fp64,fp64,A100-SXM4-80GB,A100-SXM4-80GB,,9700.0,dd6a9a30-d69d-5ea7-834e-7b0f3242a57c,suitesparse_all,Sandia/oscil_dcop_24,oscil_dcop_24,430,430,1544,2,row-major,N,N,1.0,0.0,20260922,main,pass,pass,0,0,6176.0,0.01263,0.00634879991412,0.0189787999141,0.00698029991412,0.9727822712233086,0.32541572849459455,0.8847757368572325,0.010028683208487718,0.0033548013246865417,0.009121399349043635,AlphaSparse 248af573c867cf4c7e05d40c611c7c34ebac4715,CUDA,13040,13000,2026-10-06T19:51:08.991356+00:00,derived,csr-alg1,0,0,,,,5,20,4,true
3,A100-SXM4-80GB-suitesparse_all-fp64-n2-row-major-AlphaSparse-SpMM-CSR-pre-plus-solve,AlphaSparse-SpMM-CSR-best-pre-plus-solve,AlphaSparseLib CSR PER MATRIX BEST,per-matrix-best,AlphaSparse-SpMM-CSR,best,pre-plus-solve,"csr-alg1,csr-alg2,csr-alg3,csr-alg4,csr-alg5",manual-selection,csr,ALPHASPARSE_SPMM_CSR_ALG1,workspace-setup,spmm.csr.fp64,fp64,A100-SXM4-80GB,A100-SXM4-80GB,,9700.0,005fdebf-9ece-5bc0-9d3c-6fda0356699d,suitesparse_all,Sandia/oscil_dcop_25,oscil_dcop_25,430,430,1544,2,row-major,N,N,1.0,0.0,20260922,main,pass,pass,0,0,6176.0,0.01363,0.00650240033865,0.0201324003386,0.00718390033865,0.9498031001398223,0.3067691828161548,0.8597001223378044,0.00979178453752394,0.003162568895011905,0.008862887859152622,AlphaSparse 248af573c867cf4c7e05d40c611c7c34ebac4715,CUDA,13040,13000,2026-10-08T13:54:57.538979+00:00,derived,csr-alg1,0,0,,,,5,20,4,true
3,A100-SXM4-80GB-suitesparse_all-fp64-n2-row-major-AlphaSparse-SpMM-CSR-pre-plus-solve,AlphaSparse-SpMM-CSR-best-pre-plus-solve,AlphaSparseLib CSR PER MATRIX BEST,per-matrix-best,AlphaSparse-SpMM-CSR,best,pre-plus-solve,"csr-alg1,csr-alg2,csr-alg3,csr-alg4,csr-alg5",manual-selection,csr,ALPHASPARSE_SPMM_CSR_ALG5,workspace-setup,spmm.csr.fp64,fp64,A100-SXM4-80GB,A100-SXM4-80GB,,9700.0,d94c6f41-d28e-5f45-abb9-189a8a3b4f78,suitesparse_all,Sandia/oscil_dcop_26,oscil_dcop_26,430,430,1544,2,row-major,N,N,1.0,0.0,20260922,main,pass,pass,0,0,6176.0,0.01284,0.0110079996288,0.0238479996288,0.0116499996288,0.5610465305469179,0.25897350285688375,0.5301287722561202,0.005783984850999154,0.002669829926359626,0.005465245074805363,AlphaSparse 248af573c867cf4c7e05d40c611c7c34ebac4715,CUDA,13040,13000,2026-10-06T03:34:06.881859+00:00,derived,csr-alg5,0,0,,,,5,20,4,true
3,A100-SXM4-80GB-suitesparse_all-fp64-n2-row-major-AlphaSparse-SpMM-CSR-pre-plus-solve,AlphaSparse-SpMM-CSR-best-pre-plus-solve,AlphaSparseLib CSR PER MATRIX BEST,per-matrix-best,AlphaSparse-SpMM-CSR,best,pre-plus-solve,"csr-alg1,csr-alg2,csr-alg3,csr-alg4,csr-alg5",manual-selection,csr,ALPHASPARSE_SPMM_CSR_ALG1,workspace-setup,spmm.csr.fp64,fp64,A100-SXM4-80GB,A100-SXM4-80GB,,9700.0,018f64fd-81d1-5f6a-986f-7d386c913e5c,suitesparse_all,Sandia/oscil_dcop_27,oscil_dcop_27,430,430,1544,2,row-major,N,N,1.0,0.0,20260922,main,pass,pass,0,0,6176.0,0.01572,0.00808959975839,0.0238095997584,0.00887559975839,0.7634493898903539,0.25939117258034183,0.6958403001624651,0.007870612266910866,0.0026741357997973384,0.007173611341881083,AlphaSparse 248af573c867cf4c7e05d40c611c7c34ebac4715,CUDA,13040,13000,2026-10-06T20:28:03.057987+00:00,derived,csr-alg1,0,0,,,,5,20,4,true
3,A100-SXM4-80GB-suitesparse_all-fp64-n2-row-major-AlphaSparse-SpMM-CSR-pre-plus-solve,AlphaSparse-SpMM-CSR-best-pre-plus-solve,AlphaSparseLib CSR PER MATRIX BEST,per-matrix-best,AlphaSparse-SpMM-CSR,best,pre-plus-solve,"csr-alg1,csr-alg2,csr-alg3,csr-alg4,csr-alg5",manual-selection,csr,ALPHASPARSE_SPMM_CSR_ALG1,workspace-setup,spmm.csr.fp64,fp64,A100-SXM4-80GB,A100-SXM4-80GB,,9700.0,752b02ae-c4ef-54eb-ad5c-0957985c94ee,suitesparse_all,Sandia/oscil_dcop_29,oscil_dcop_29,430,430,1544,2,row-major,N,N,1.0,0.0,20260922,main,pass,pass,0,0,6176.0,0.01596,0.00788479968905,0.0238447996891,0.00868279968905,0.7832792516691207,0.2590082567488789,0.7112913139973318,0.008075043831640418,0.002670188213905968,0.00733290014430239,AlphaSparse 248af573c867cf4c7e05d40c611c7c34ebac4715,CUDA,13040,13000,2026-10-08T03:34:09.521599+00:00,derived,csr-alg1,0,0,,,,5,20,4,true
3,A100-SXM4-80GB-suitesparse_all-fp64-n2-row-major-AlphaSparse-SpMM-CSR-pre-plus-solve,AlphaSparse-SpMM-CSR-best-pre-plus-solve,AlphaSparseLib CSR PER MATRIX BEST,per-matrix-best,AlphaSparse-SpMM-CSR,best,pre-plus-solve,"csr-alg1,csr-alg2,csr-alg3,csr-alg4,csr-alg5",manual-selection,csr,ALPHASPARSE_SPMM_CSR_ALG1,workspace-setup,spmm.csr.fp64,fp64,A100-SXM4-80GB,A100-SXM4-80GB,,9700.0,152f8cc9-7213-5fba-8430-8cd9341fa530,suitesparse_all,Sandia/oscil_dcop_30,oscil_dcop_30,430,430,1544,2,row-major,N,N,1.0,0.0,20260922,main,pass,pass,0,0,6176.0,0.0213,0.00762879997492,0.0289287999749,0.00869379997492,0.8095637610507366,0.21348967137795524,0.7103913153990907,0.008346018155162234,0.0022009244471954147,0.007323621808238048,AlphaSparse 248af573c867cf4c7e05d40c611c7c34ebac4715,CUDA,13040,13000,2026-10-07T22:26:27.274858+00:00,derived,csr-alg1,0,0,,,,5,20,4,true
3,A100-SXM4-80GB-suitesparse_all-fp64-n2-row-major-AlphaSparse-SpMM-CSR-pre-plus-solve,AlphaSparse-SpMM-CSR-best-pre-plus-solve,AlphaSparseLib CSR PER MATRIX BEST,per-matrix-best,AlphaSparse-SpMM-CSR,best,pre-plus-solve,"csr-alg1,csr-alg2,csr-alg3,csr-alg4,csr-alg5",manual-selection,csr,ALPHASPARSE_SPMM_CSR_ALG1,workspace-setup,spmm.csr.fp64,fp64,A100-SXM4-80GB,A100-SXM4-80GB,,9700.0,a0827285-e98d-55a9-b486-73107367c8f5,suitesparse_all,Sandia/oscil_dcop_31,oscil_dcop_31,430,430,1544,2,row-major,N,N,1.0,0.0,20260922,main,pass,pass,0,0,6176.0,0.018589,0.00793600007892,0.0265250000789,0.00886545007892,0.7782257987125025,0.2328369455845114,0.6966369383416988,0.008022946378479407,0.0024003808823145505,0.0071818241066154516,AlphaSparse 248af573c867cf4c7e05d40c611c7c34ebac4715,CUDA,13040,13000,2026-10-06T07:05:26.167079+00:00,derived,csr-alg1,0,0,,,,5,20,4,true
3,A100-SXM4-80GB-suitesparse_all-fp64-n2-row-major-AlphaSparse-SpMM-CSR-pre-plus-solve,AlphaSparse-SpMM-CSR-best-pre-plus-solve,AlphaSparseLib CSR PER MATRIX BEST,per-matrix-best,AlphaSparse-SpMM-CSR,best,pre-plus-solve,"csr-alg1,csr-alg2,csr-alg3,csr-alg4,csr-alg5",manual-selection,csr,ALPHASPARSE_SPMM_CSR_ALG1,workspace-setup,spmm.csr.fp64,fp64,A100-SXM4-80GB,A100-SXM4-80GB,,9700.0,dd6a9a30-d69d-5ea7-834e-7b0f3242a57c,suitesparse_all,Sandia/oscil_dcop_32,oscil_dcop_32,430,430,1544,2,row-major,N,N,1.0,0.0,20260922,main,pass,pass,0,0,6176.0,0.017369,0.00624639987946,0.0236153998795,0.00711484987946,0.9887295272767446,0.2615242609277706,0.8680436136579095,0.01019308791006953,0.0026961264013172226,0.008948903233586696,AlphaSparse 248af573c867cf4c7e05d40c611c7c34ebac4715,CUDA,13040,13000,2026-10-06T19:51:09.876394+00:00,derived,csr-alg1,0,0,,,,5,20,4,true
3,A100-SXM4-80GB-suitesparse_all-fp64-n2-row-major-AlphaSparse-SpMM-CSR-pre-plus-solve,AlphaSparse-SpMM-CSR-best-pre-plus-solve,AlphaSparseLib CSR PER MATRIX BEST,per-matrix-best,AlphaSparse-SpMM-CSR,best,pre-plus-solve,"csr-alg1,csr-alg2,csr-alg3,csr-alg4,csr-alg5",manual-selection,csr,ALPHASPARSE_SPMM_CSR_ALG1,workspace-setup,spmm.csr.fp64,fp64,A100-SXM4-80GB,A100-SXM4-80GB,,9700.0,005fdebf-9ece-5bc0-9d3c-6fda0356699d,suitesparse_all,Sandia/oscil_dcop_33,oscil_dcop_33,430,430,1544,2,row-major,N,N,1.0,0.0,20260922,main,pass,pass,0,0,6176.0,0.01292,0.00650240033865,0.0194224003386,0.00714840033865,0.9498031001398223,0.317983353876495,0.8639695186918362,0.00979178453752394,0.0032781789059432476,0.008906902254555012,AlphaSparse 248af573c867cf4c7e05d40c611c7c34ebac4715,CUDA,13040,13000,2026-10-08T13:54:58.281927+00:00,derived,csr-alg1,0,0,,,,5,20,4,true
3,A100-SXM4-80GB-suitesparse_all-fp64-n2-row-major-AlphaSparse-SpMM-CSR-pre-plus-solve,AlphaSparse-SpMM-CSR-best-pre-plus-solve,AlphaSparseLib CSR PER MATRIX BEST,per-matrix-best,AlphaSparse-SpMM-CSR,best,pre-plus-solve,"csr-alg1,csr-alg2,csr-alg3,csr-alg4,csr-alg5",manual-selection,csr,ALPHASPARSE_SPMM_CSR_ALG1,workspace-setup,spmm.csr.fp64,fp64,A100-SXM4-80GB,A100-SXM4-80GB,,9700.0,d94c6f41-d28e-5f45-abb9-189a8a3b4f78,suitesparse_all,Sandia/oscil_dcop_34,oscil_dcop_34,430,430,1544,2,row-major,N,N,1.0,0.0,20260922,main,pass,pass,0,0,6176.0,0.01445,0.00762879997492,0.0220787999749,0.00835129997492,0.8095637610507366,0.27972534771007057,0.7395255850642776,0.008346018155162234,0.002883766471237841,0.007623975103755438,AlphaSparse 248af573c867cf4c7e05d40c611c7c34ebac4715,CUDA,13040,13000,2026-10-06T01:51:20.023927+00:00,derived,csr-alg1,0,0,,,,5,20,4,true
3,A100-SXM4-80GB-suitesparse_all-fp64-n2-row-major-AlphaSparse-SpMM-CSR-pre-plus-solve,AlphaSparse-SpMM-CSR-best-pre-plus-solve,AlphaSparseLib CSR PER MATRIX BEST,per-matrix-best,AlphaSparse-SpMM-CSR,best,pre-plus-solve,"csr-alg1,csr-alg2,csr-alg3,csr-alg4,csr-alg5",manual-selection,csr,ALPHASPARSE_SPMM_CSR_ALG1,workspace-setup,spmm.csr.fp64,fp64,A100-SXM4-80GB,A100-SXM4-80GB,,9700.0,018f64fd-81d1-5f6a-986f-7d386c913e5c,suitesparse_all,Sandia/oscil_dcop_35,oscil_dcop_35,430,430,1544,2,row-major,N,N,1.0,0.0,20260922,main,pass,pass,0,0,6176.0,0.01351,0.00788479968905,0.0213947996891,0.00856029968905,0.7832792516691207,0.2886682787288018,0.7214700681449386,0.008075043831640418,0.0029759616363793998,0.007437835754071532,AlphaSparse 248af573c867cf4c7e05d40c611c7c34ebac4715,CUDA,13040,13000,2026-10-06T20:28:03.901813+00:00,derived,csr-alg1,0,0,,,,5,20,4,true
3,A100-SXM4-80GB-suitesparse_all-fp64-n2-row-major-AlphaSparse-SpMM-CSR-pre-plus-solve,AlphaSparse-SpMM-CSR-best-pre-plus-solve,AlphaSparseLib CSR PER MATRIX BEST,per-matrix-best,AlphaSparse-SpMM-CSR,best,pre-plus-solve,"csr-alg1,csr-alg2,csr-alg3,csr-alg4,csr-alg5",manual-selection,csr,ALPHASPARSE_SPMM_CSR_ALG1,workspace-setup,spmm.csr.fp64,fp64,A100-SXM4-80GB,A100-SXM4-80GB,,9700.0,752b02ae-c4ef-54eb-ad5c-0957985c94ee,suitesparse_all,Sandia/oscil_dcop_37,oscil_dcop_37,430,430,1544,2,row-major,N,N,1.0,0.0,20260922,main,pass,pass,0,0,6176.0,0.01551,0.00788479968905,0.0233947996891,0.00866029968905,0.7832792516691207,0.26399029194840656,0.7131392932982301,0.008075043831640418,0.0027215494015299644,0.0073519514773013415,AlphaSparse 248af573c867cf4c7e05d40c611c7c34ebac4715,CUDA,13040,13000,2026-10-08T03:34:10.186062+00:00,derived,csr-alg1,0,0,,,,5,20,4,true
3,A100-SXM4-80GB-suitesparse_all-fp64-n2-row-major-AlphaSparse-SpMM-CSR-pre-plus-solve,AlphaSparse-SpMM-CSR-best-pre-plus-solve,AlphaSparseLib CSR PER MATRIX BEST,per-matrix-best,AlphaSparse-SpMM-CSR,best,pre-plus-solve,"csr-alg1,csr-alg2,csr-alg3,csr-alg4,csr-alg5",manual-selection,csr,ALPHASPARSE_SPMM_CSR_ALG1,workspace-setup,spmm.csr.fp64,fp64,A100-SXM4-80GB,A100-SXM4-80GB,,9700.0,152f8cc9-7213-5fba-8430-8cd9341fa530,suitesparse_all,Sandia/oscil_dcop_38,oscil_dcop_38,430,430,1544,2,row-major,N,N,1.0,0.0,20260922,main,pass,pass,0,0,6176.0,0.0216,0.00762879997492,0.0292287999749,0.00870879997492,0.8095637610507366,0.21129844555040203,0.7091677404218637,0.008346018155162234,0.0021783344902103303,0.007311007633215089,AlphaSparse 248af573c867cf4c7e05d40c611c7c34ebac4715,CUDA,13040,13000,2026-10-07T22:26:27.921352+00:00,derived,csr-alg1,0,0,,,,5,20,4,true
3,A100-SXM4-80GB-suitesparse_all-fp64-n2-row-major-AlphaSparse-SpMM-CSR-pre-plus-solve,AlphaSparse-SpMM-CSR-best-pre-plus-solve,AlphaSparseLib CSR PER MATRIX BEST,per-matrix-best,AlphaSparse-SpMM-CSR,best,pre-plus-solve,"csr-alg1,csr-alg2,csr-alg3,csr-alg4,csr-alg5",manual-selection,csr,ALPHASPARSE_SPMM_CSR_ALG4,workspace-setup,spmm.csr.fp64,fp64,A100-SXM4-80GB,A100-SXM4-80GB,,9700.0,a0827285-e98d-55a9-b486-73107367c8f5,suitesparse_all,Sandia/oscil_dcop_39,oscil_dcop_39,430,430,1544,2,row-major,N,N,1.0,0.0,20260922,main,pass,pass,0,0,6176.0,0.01625,0.0134143993258,0.0296643993258,0.0142268993258,0.46040078649825633,0.20819568709852662,0.4341072399943137,0.004746399860806766,0.002146347289675532,0.004475332371075399,AlphaSparse 248af573c867cf4c7e05d40c611c7c34ebac4715,CUDA,13040,13000,2026-10-06T08:30:09.899134+00:00,derived,csr-alg4,0,0,,,,5,20,4,true
3,A100-SXM4-80GB-suitesparse_all-fp64-n2-row-major-AlphaSparse-SpMM-CSR-pre-plus-solve,AlphaSparse-SpMM-CSR-best-pre-plus-solve,AlphaSparseLib CSR PER MATRIX BEST,per-matrix-best,AlphaSparse-SpMM-CSR,best,pre-plus-solve,"csr-alg1,csr-alg2,csr-alg3,csr-alg4,csr-alg5",manual-selection,csr,ALPHASPARSE_SPMM_CSR_ALG1,workspace-setup,spmm.csr.fp64,fp64,A100-SXM4-80GB,A100-SXM4-80GB,,9700.0,dd6a9a30-d69d-5ea7-834e-7b0f3242a57c,suitesparse_all,Sandia/oscil_dcop_40,oscil_dcop_40,430,430,1544,2,row-major,N,N,1.0,0.0,20260922,main,pass,pass,0,0,6176.0,0.01546,0.00634879991412,0.0218087999141,0.00712179991412,0.9727822712233086,0.2831884388102916,0.8671965057253554,0.010028683208487718,0.002919468441343212,0.008940170162117065,AlphaSparse 248af573c867cf4c7e05d40c611c7c34ebac4715,CUDA,13040,13000,2026-10-06T19:51:10.733490+00:00,derived,csr-alg1,0,0,,,,5,20,4,true
3,A100-SXM4-80GB-suitesparse_all-fp64-n2-row-major-AlphaSparse-SpMM-CSR-pre-plus-solve,AlphaSparse-SpMM-CSR-best-pre-plus-solve,AlphaSparseLib CSR PER MATRIX BEST,per-matrix-best,AlphaSparse-SpMM-CSR,best,pre-plus-solve,"csr-alg1,csr-alg2,csr-alg3,csr-alg4,csr-alg5",manual-selection,csr,ALPHASPARSE_SPMM_CSR_ALG1,workspace-setup,spmm.csr.fp64,fp64,A100-SXM4-80GB,A100-SXM4-80GB,,9700.0,005fdebf-9ece-5bc0-9d3c-6fda0356699d,suitesparse_all,Sandia/oscil_dcop_41,oscil_dcop_41,430,430,1544,2,row-major,N,N,1.0,0.0,20260922,main,pass,pass,0,0,6176.0,0.01272,0.00650240033865,0.0192224003386,0.00713840033865,0.9498031001398223,0.32129182054325106,0.8651798311956251,0.00979178453752394,0.0033122868097242375,0.00891937970304768,AlphaSparse 248af573c867cf4c7e05d40c611c7c34ebac4715,CUDA,13040,13000,2026-10-08T13:54:58.973673+00:00,derived,csr-alg1,0,0,,,,5,20,4,true
3,A100-SXM4-80GB-suitesparse_all-fp64-n2-row-major-AlphaSparse-SpMM-CSR-pre-plus-solve,AlphaSparse-SpMM-CSR-best-pre-plus-solve,AlphaSparseLib CSR PER MATRIX BEST,per-matrix-best,AlphaSparse-SpMM-CSR,best,pre-plus-solve,"csr-alg1,csr-alg2,csr-alg3,csr-alg4,csr-alg5",manual-selection,csr,ALPHASPARSE_SPMM_CSR_ALG1,workspace-setup,spmm.csr.fp64,fp64,A100-SXM4-80GB,A100-SXM4-80GB,,9700.0,d94c6f41-d28e-5f45-abb9-189a8a3b4f78,suitesparse_all,Sandia/oscil_dcop_42,oscil_dcop_42,430,430,1544,2,row-major,N,N,1.0,0.0,20260922,main,pass,pass,0,0,6176.0,0.01368,0.00839679986238,0.0220767998624,0.00908079986238,0.7355183047377606,0.27975069024920707,0.680116299620915,0.007582662935440831,0.002884027734527908,0.007011508243514588,AlphaSparse 248af573c867cf4c7e05d40c611c7c34ebac4715,CUDA,13040,13000,2026-10-06T01:51:20.685156+00:00,derived,csr-alg1,0,0,,,,5,20,4,true
3,A100-SXM4-80GB-suitesparse_all-fp64-n2-row-major-AlphaSparse-SpMM-CSR-pre-plus-solve,AlphaSparse-SpMM-CSR-best-pre-plus-solve,AlphaSparseLib CSR PER MATRIX BEST,per-matrix-best,AlphaSparse-SpMM-CSR,best,pre-plus-solve,"csr-alg1,csr-alg2,csr-alg3,csr-alg4,csr-alg5",manual-selection,csr,ALPHASPARSE_SPMM_CSR_ALG1,workspace-setup,spmm.csr.fp64,fp64,A100-SXM4-80GB,A100-SXM4-80GB,,9700.0,018f64fd-81d1-5f6a-986f-7d386c913e5c,suitesparse_all,Sandia/oscil_dcop_43,oscil_dcop_43,430,430,1544,2,row-major,N,N,1.0,0.0,20260922,main,pass,pass,0,0,6176.0,0.01684,0.00788479968905,0.0247247996891,0.00872679968905,0.7832792516691207,0.24978968799179826,0.707705025904212,0.008075043831640418,0.0025751514225958584,0.007295928102105278,AlphaSparse 248af573c867cf4c7e05d40c611c7c34ebac4715,CUDA,13040,13000,2026-10-06T20:28:04.608575+00:00,derived,csr-alg1,0,0,,,,5,20,4,true
3,A100-SXM4-80GB-suitesparse_all-fp64-n2-row-major-AlphaSparse-SpMM-CSR-pre-plus-solve,AlphaSparse-SpMM-CSR-best-pre-plus-solve,AlphaSparseLib CSR PER MATRIX BEST,per-matrix-best,AlphaSparse-SpMM-CSR,best,pre-plus-solve,"csr-alg1,csr-alg2,csr-alg3,csr-alg4,csr-alg5",manual-selection,csr,ALPHASPARSE_SPMM_CSR_ALG1,workspace-setup,spmm.csr.fp64,fp64,A100-SXM4-80GB,A100-SXM4-80GB,,9700.0,752b02ae-c4ef-54eb-ad5c-0957985c94ee,suitesparse_all,Sandia/oscil_dcop_45,oscil_dcop_45,430,430,1544,2,row-major,N,N,1.0,0.0,20260922,main,pass,pass,0,0,6176.0,0.0161,0.00793600007892,0.0240360000789,0.00874100007892,0.7782257987125025,0.2569479106226831,0.7065553076580088,0.008022946378479407,0.002648947532192609,0.007284075336680503,AlphaSparse 248af573c867cf4c7e05d40c611c7c34ebac4715,CUDA,13040,13000,2026-10-08T03:34:10.788807+00:00,derived,csr-alg1,0,0,,,,5,20,4,true
3,A100-SXM4-80GB-suitesparse_all-fp64-n2-row-major-AlphaSparse-SpMM-CSR-pre-plus-solve,AlphaSparse-SpMM-CSR-best-pre-plus-solve,AlphaSparseLib CSR PER MATRIX BEST,per-matrix-best,AlphaSparse-SpMM-CSR,best,pre-plus-solve,"csr-alg1,csr-alg2,csr-alg3,csr-alg4,csr-alg5",manual-selection,csr,ALPHASPARSE_SPMM_CSR_ALG2,workspace-setup,spmm.csr.fp64,fp64,A100-SXM4-80GB,A100-SXM4-80GB,,9700.0,152f8cc9-7213-5fba-8430-8cd9341fa530,suitesparse_all,Sandia/oscil_dcop_46,oscil_dcop_46,430,430,1544,2,row-major,N,N,1.0,0.0,20260922,main,pass,pass,0,0,6176.0,0.01331,0.01397279948,0.02728279948,0.01463829948,0.44200161956378403,0.22636973176185216,0.42190693040801214,0.004556717727461691,0.002333708574864455,0.004349555983587754,AlphaSparse 248af573c867cf4c7e05d40c611c7c34ebac4715,CUDA,13040,13000,2026-10-07T23:24:47.890022+00:00,derived,csr-alg2,0,0,,,,5,20,4,true
3,A100-SXM4-80GB-suitesparse_all-fp64-n2-row-major-AlphaSparse-SpMM-CSR-pre-plus-solve,AlphaSparse-SpMM-CSR-best-pre-plus-solve,AlphaSparseLib CSR PER MATRIX BEST,per-matrix-best,AlphaSparse-SpMM-CSR,best,pre-plus-solve,"csr-alg1,csr-alg2,csr-alg3,csr-alg4,csr-alg5",manual-selection,csr,ALPHASPARSE_SPMM_CSR_ALG1,workspace-setup,spmm.csr.fp64,fp64,A100-SXM4-80GB,A100-SXM4-80GB,,9700.0,a0827285-e98d-55a9-b486-73107367c8f5,suitesparse_all,Sandia/oscil_dcop_47,oscil_dcop_47,430,430,1544,2,row-major,N,N,1.0,0.0,20260922,main,pass,pass,0,0,6176.0,0.02007,0.00793600007892,0.0280060000789,0.00893950007892,0.7782257987125025,0.22052417277014363,0.6908663734522988,0.008022946378479407,0.002273445080104574,0.007122333746930916,AlphaSparse 248af573c867cf4c7e05d40c611c7c34ebac4715,CUDA,13040,13000,2026-10-06T07:05:28.672878+00:00,derived,csr-alg1,0,0,,,,5,20,4,true
3,A100-SXM4-80GB-suitesparse_all-fp64-n2-row-major-AlphaSparse-SpMM-CSR-pre-plus-solve,AlphaSparse-SpMM-CSR-best-pre-plus-solve,AlphaSparseLib CSR PER MATRIX BEST,per-matrix-best,AlphaSparse-SpMM-CSR,best,pre-plus-solve,"csr-alg1,csr-alg2,csr-alg3,csr-alg4,csr-alg5",manual-selection,csr,ALPHASPARSE_SPMM_CSR_ALG1,workspace-setup,spmm.csr.fp64,fp64,A100-SXM4-80GB,A100-SXM4-80GB,,9700.0,dd6a9a30-d69d-5ea7-834e-7b0f3242a57c,suitesparse_all,Sandia/oscil_dcop_48,oscil_dcop_48,430,430,1544,2,row-major,N,N,1.0,0.0,20260922,main,pass,pass,0,0,6176.0,0.01545,0.00629760026932,0.0217476002693,0.00707010026932,0.9806910149708296,0.2839853557874314,0.8735378233318898,0.01011021664918381,0.0029276840802827976,0.009005544570431854,AlphaSparse 248af573c867cf4c7e05d40c611c7c34ebac4715,CUDA,13040,13000,2026-10-06T19:51:11.953906+00:00,derived,csr-alg1,0,0,,,,5,20,4,true
3,A100-SXM4-80GB-suitesparse_all-fp64-n2-row-major-AlphaSparse-SpMM-CSR-pre-plus-solve,AlphaSparse-SpMM-CSR-best-pre-plus-solve,AlphaSparseLib CSR PER MATRIX BEST,per-matrix-best,AlphaSparse-SpMM-CSR,best,pre-plus-solve,"csr-alg1,csr-alg2,csr-alg3,csr-alg4,csr-alg5",manual-selection,csr,ALPHASPARSE_SPMM_CSR_ALG1,workspace-setup,spmm.csr.fp64,fp64,A100-SXM4-80GB,A100-SXM4-80GB,,9700.0,005fdebf-9ece-5bc0-9d3c-6fda0356699d,suitesparse_all,Sandia/oscil_dcop_49,oscil_dcop_49,430,430,1544,2,row-major,N,N,1.0,0.0,20260922,main,pass,pass,0,0,6176.0,0.012571,0.00650240033865,0.0190734003386,0.00713095033865,0.9498031001398223,0.3238017286042727,0.8660837205001786,0.00979178453752394,0.0033381621505595123,0.008928698149486377,AlphaSparse 248af573c867cf4c7e05d40c611c7c34ebac4715,CUDA,13040,13000,2026-10-08T13:54:59.681513+00:00,derived,csr-alg1,0,0,,,,5,20,4,true
3,A100-SXM4-80GB-suitesparse_all-fp64-n2-row-major-AlphaSparse-SpMM-CSR-pre-plus-solve,AlphaSparse-SpMM-CSR-best-pre-plus-solve,AlphaSparseLib CSR PER MATRIX BEST,per-matrix-best,AlphaSparse-SpMM-CSR,best,pre-plus-solve,"csr-alg1,csr-alg2,csr-alg3,csr-alg4,csr-alg5",manual-selection,csr,ALPHASPARSE_SPMM_CSR_ALG1,workspace-setup,spmm.csr.fp64,fp64,A100-SXM4-80GB,A100-SXM4-80GB,,9700.0,d94c6f41-d28e-5f45-abb9-189a8a3b4f78,suitesparse_all,Sandia/oscil_dcop_50,oscil_dcop_50,430,430,1544,2,row-major,N,N,1.0,0.0,20260922,main,pass,pass,0,0,6176.0,0.01338,0.00752639994025,0.0209063999403,0.00819539994025,0.8205782378068599,0.29541193211820743,0.7535934847630635,0.008459569461926391,0.0030454838362701797,0.0077690049975573565,AlphaSparse 248af573c867cf4c7e05d40c611c7c34ebac4715,CUDA,13040,13000,2026-10-06T01:51:21.593502+00:00,derived,csr-alg1,0,0,,,,5,20,4,true
3,A100-SXM4-80GB-suitesparse_all-fp64-n2-row-major-AlphaSparse-SpMM-CSR-pre-plus-solve,AlphaSparse-SpMM-CSR-best-pre-plus-solve,AlphaSparseLib CSR PER MATRIX BEST,per-matrix-best,AlphaSparse-SpMM-CSR,best,pre-plus-solve,"csr-alg1,csr-alg2,csr-alg3,csr-alg4,csr-alg5",manual-selection,csr,ALPHASPARSE_SPMM_CSR_ALG1,workspace-setup,spmm.csr.fp64,fp64,A100-SXM4-80GB,A100-SXM4-80GB,,9700.0,018f64fd-81d1-5f6a-986f-7d386c913e5c,suitesparse_all,Sandia/oscil_dcop_51,oscil_dcop_51,430,430,1544,2,row-major,N,N,1.0,0.0,20260922,main,pass,pass,0,0,6176.0,0.01672,0.00788479968905,0.0246047996891,0.00872079968905,0.7832792516691207,0.2510079365830394,0.7081919342505598,0.008075043831640418,0.0025877106864230864,0.0073009477757789674,AlphaSparse 248af573c867cf4c7e05d40c611c7c34ebac4715,CUDA,13040,13000,2026-10-06T20:28:05.432333+00:00,derived,csr-alg1,0,0,,,,5,20,4,true
3,A100-SXM4-80GB-suitesparse_all-fp64-n2-row-major-AlphaSparse-SpMM-CSR-pre-plus-solve,AlphaSparse-SpMM-CSR-best-pre-plus-solve,AlphaSparseLib CSR PER MATRIX BEST,per-matrix-best,AlphaSparse-SpMM-CSR,best,pre-plus-solve,"csr-alg1,csr-alg2,csr-alg3,csr-alg4,csr-alg5",manual-selection,csr,ALPHASPARSE_SPMM_CSR_ALG1,workspace-setup,spmm.csr.fp64,fp64,A100-SXM4-80GB,A100-SXM4-80GB,,9700.0,752b02ae-c4ef-54eb-ad5c-0957985c94ee,suitesparse_all,Sandia/oscil_dcop_53,oscil_dcop_53,430,430,1544,2,row-major,N,N,1.0,0.0,20260922,main,pass,pass,0,0,6176.0,0.01629,0.00788479968905,0.0241747996891,0.00869929968905,0.7832792516691207,0.25547264421738525,0.7099422046321576,0.008075043831640418,0.0026337386001792293,0.007318991800331522,AlphaSparse 248af573c867cf4c7e05d40c611c7c34ebac4715,CUDA,13040,13000,2026-10-08T03:34:11.420896+00:00,derived,csr-alg1,0,0,,,,5,20,4,true
3,A100-SXM4-80GB-suitesparse_all-fp64-n2-row-major-AlphaSparse-SpMM-CSR-pre-plus-solve,AlphaSparse-SpMM-CSR-best-pre-plus-solve,AlphaSparseLib CSR PER MATRIX BEST,per-matrix-best,AlphaSparse-SpMM-CSR,best,pre-plus-solve,"csr-alg1,csr-alg2,csr-alg3,csr-alg4,csr-alg5",manual-selection,csr,ALPHASPARSE_SPMM_CSR_ALG1,workspace-setup,spmm.csr.fp64,fp64,A100-SXM4-80GB,A100-SXM4-80GB,,9700.0,152f8cc9-7213-5fba-8430-8cd9341fa530,suitesparse_all,Sandia/oscil_dcop_54,oscil_dcop_54,430,430,1544,2,row-major,N,N,1.0,0.0,20260922,main,pass,pass,0,0,6176.0,0.0221,0.00757760033011,0.0296776003301,0.00868260033011,0.8150337482777145,0.2081030787969773,0.7113076457731823,0.008402409776058911,0.0021453925649172916,0.0073330685131255905,AlphaSparse 248af573c867cf4c7e05d40c611c7c34ebac4715,CUDA,13040,13000,2026-10-07T22:26:29.167249+00:00,derived,csr-alg1,0,0,,,,5,20,4,true
3,A100-SXM4-80GB-suitesparse_all-fp64-n2-row-major-AlphaSparse-SpMM-CSR-pre-plus-solve,AlphaSparse-SpMM-CSR-best-pre-plus-solve,AlphaSparseLib CSR PER MATRIX BEST,per-matrix-best,AlphaSparse-SpMM-CSR,best,pre-plus-solve,"csr-alg1,csr-alg2,csr-alg3,csr-alg4,csr-alg5",manual-selection,csr,ALPHASPARSE_SPMM_CSR_ALG1,workspace-setup,spmm.csr.fp64,fp64,A100-SXM4-80GB,A100-SXM4-80GB,,9700.0,a0827285-e98d-55a9-b486-73107367c8f5,suitesparse_all,Sandia/oscil_dcop_55,oscil_dcop_55,430,430,1544,2,row-major,N,N,1.0,0.0,20260922,main,pass,pass,0,0,6176.0,0.01974,0.00768000036478,0.0274200003648,0.00866700036478,0.8041666284708461,0.22523705024921678,0.7125879473938119,0.008290377613101507,0.0023220314458682143,0.007346267498905278,AlphaSparse 248af573c867cf4c7e05d40c611c7c34ebac4715,CUDA,13040,13000,2026-10-06T07:05:30.438228+00:00,derived,csr-alg1,0,0,,,,5,20,4,true
3,A100-SXM4-80GB-suitesparse_all-fp64-n2-row-major-AlphaSparse-SpMM-CSR-pre-plus-solve,AlphaSparse-SpMM-CSR-best-pre-plus-solve,AlphaSparseLib CSR PER MATRIX BEST,per-matrix-best,AlphaSparse-SpMM-CSR,best,pre-plus-solve,"csr-alg1,csr-alg2,csr-alg3,csr-alg4,csr-alg5",manual-selection,csr,ALPHASPARSE_SPMM_CSR_ALG1,workspace-setup,spmm.csr.fp64,fp64,A100-SXM4-80GB,A100-SXM4-80GB,,9700.0,dd6a9a30-d69d-5ea7-834e-7b0f3242a57c,suitesparse_all,Sandia/oscil_dcop_56,oscil_dcop_56,430,430,1544,2,row-major,N,N,1.0,0.0,20260922,main,pass,pass,0,0,6176.0,0.01381,0.00634879991412,0.0201587999141,0.00703929991412,0.9727822712233086,0.30636744381198106,0.8773599754730832,0.010028683208487718,0.003158427255793619,0.009044948200753435,AlphaSparse 248af573c867cf4c7e05d40c611c7c34ebac4715,CUDA,13040,13000,2026-10-06T19:51:12.810583+00:00,derived,csr-alg1,0,0,,,,5,20,4,true
3,A100-SXM4-80GB-suitesparse_all-fp64-n2-row-major-AlphaSparse-SpMM-CSR-pre-plus-solve,AlphaSparse-SpMM-CSR-best-pre-plus-solve,AlphaSparseLib CSR PER MATRIX BEST,per-matrix-best,AlphaSparse-SpMM-CSR,best,pre-plus-solve,"csr-alg1,csr-alg2,csr-alg3,csr-alg4,csr-alg5",manual-selection,csr,ALPHASPARSE_SPMM_CSR_ALG1,workspace-setup,spmm.csr.fp64,fp64,A100-SXM4-80GB,A100-SXM4-80GB,,9700.0,005fdebf-9ece-5bc0-9d3c-6fda0356699d,suitesparse_all,Sandia/oscil_dcop_57,oscil_dcop_57,430,430,1544,2,row-major,N,N,1.0,0.0,20260922,main,pass,pass,0,0,6176.0,0.012869,0.00650240033865,0.0193714003386,0.00714585033865,0.9498031001398223,0.31882052366103486,0.8642778266143726,0.00979178453752394,0.0032868095222787098,0.008910080686746109,AlphaSparse 248af573c867cf4c7e05d40c611c7c34ebac4715,CUDA,13040,13000,2026-10-08T13:55:00.313198+00:00,derived,csr-alg1,0,0,,,,5,20,4,true
3,A100-SXM4-80GB-suitesparse_all-fp64-n2-row-major-AlphaSparse-SpMM-CSR-pre-plus-solve,AlphaSparse-SpMM-CSR-best-pre-plus-solve,AlphaSparseLib CSR PER MATRIX BEST,per-matrix-best,AlphaSparse-SpMM-CSR,best,pre-plus-solve,"csr-alg1,csr-alg2,csr-alg3,csr-alg4,csr-alg5",manual-selection,csr,ALPHASPARSE_SPMM_CSR_ALG1,workspace-setup,spmm.csr.fp64,fp64,A100-SXM4-80GB,A100-SXM4-80GB,,9700.0,d94c6f41-d28e-5f45-abb9-189a8a3b4f78,suitesparse_all,Sandia/oscil_trans_01,oscil_trans_01,430,430,1614,2,row-major,N,N,1.0,0.0,20260922,main,pass,pass,0,0,6456.0,0.011631,0.00783360004425,0.0194646000443,0.00841515004425,0.8241421522073771,0.33167904736324494,0.7671877466298215,0.008496310847498733,0.0034193716223014942,0.00790915202711156,AlphaSparse 248af573c867cf4c7e05d40c611c7c34ebac4715,CUDA,13040,13000,2026-10-06T01:51:22.242870+00:00,derived,csr-alg1,0,0,,,,5,20,4,true
3,A100-SXM4-80GB-suitesparse_all-fp64-n2-row-major-AlphaSparse-SpMM-CSR-pre-plus-solve,AlphaSparse-SpMM-CSR-best-pre-plus-solve,AlphaSparseLib CSR PER MATRIX BEST,per-matrix-best,AlphaSparse-SpMM-CSR,best,pre-plus-solve,"csr-alg1,csr-alg2,csr-alg3,csr-alg4,csr-alg5",manual-selection,csr,ALPHASPARSE_SPMM_CSR_ALG1,workspace-setup,spmm.csr.fp64,fp64,A100-SXM4-80GB,A100-SXM4-80GB,,9700.0,dd6a9a30-d69d-5ea7-834e-7b0f3242a57c,suitesparse_all,Sanghavi/ecl32,ecl32,51993,51993,380415,2,row-major,N,N,1.0,0.0,20260922,main,pass,pass,0,0,1521660.0,0.01458,0.0110592000186,0.0256392000186,0.0117882000186,137.59223067136722,59.34896560329921,129.08332040507034,1.418476604859456,0.6118450062195796,1.3307558804646427,AlphaSparse 248af573c867cf4c7e05d40c611c7c34ebac4715,CUDA,13040,13000,2026-10-06T19:50:45.250464+00:00,derived,csr-alg1,0,0,,,,5,20,4,true
3,A100-SXM4-80GB-suitesparse_all-fp64-n2-row-major-AlphaSparse-SpMM-CSR-pre-plus-solve,AlphaSparse-SpMM-CSR-best-pre-plus-solve,AlphaSparseLib CSR PER MATRIX BEST,per-matrix-best,AlphaSparse-SpMM-CSR,best,pre-plus-solve,"csr-alg1,csr-alg2,csr-alg3,csr-alg4,csr-alg5",manual-selection,csr,ALPHASPARSE_SPMM_CSR_ALG1,workspace-setup,spmm.csr.fp64,fp64,A100-SXM4-80GB,A100-SXM4-80GB,,9700.0,752b02ae-c4ef-54eb-ad5c-0957985c94ee,suitesparse_all,Schenk_AFE/af_0_k101,af_0_k101,503625,503625,17550675,2,row-major,N,N,1.0,0.0,20260922,main,pass,pass,0,0,70202700.0,0.03689,0.266240000725,0.303130000725,0.268084500725,263.6820155079272,231.59271544253383,261.8678058975653,2.7183712938961566,2.3875537674488023,2.6996681020367554,AlphaSparse 248af573c867cf4c7e05d40c611c7c34ebac4715,CUDA,13040,13000,2026-10-08T03:36:07.564378+00:00,derived,csr-alg1,0,0,,,,5,20,4,true
3,A100-SXM4-80GB-suitesparse_all-fp64-n2-row-major-AlphaSparse-SpMM-CSR-pre-plus-solve,AlphaSparse-SpMM-CSR-best-pre-plus-solve,AlphaSparseLib CSR PER MATRIX BEST,per-matrix-best,AlphaSparse-SpMM-CSR,best,pre-plus-solve,"csr-alg1,csr-alg2,csr-alg3,csr-alg4,csr-alg5",manual-selection,csr,ALPHASPARSE_SPMM_CSR_ALG1,workspace-setup,spmm.csr.fp64,fp64,A100-SXM4-80GB,A100-SXM4-80GB,,9700.0,152f8cc9-7213-5fba-8430-8cd9341fa530,suitesparse_all,Schenk_AFE/af_1_k101,af_1_k101,503625,503625,17550675,2,row-major,N,N,1.0,0.0,20260922,main,pass,pass,0,0,70202700.0,0.03844,0.265625596046,0.304065596046,0.267547596046,264.2919245923972,230.88011571483256,262.39331258252054,2.7246590164164664,2.3802073785034286,2.7050856967270156,AlphaSparse 248af573c867cf4c7e05d40c611c7c34ebac4715,CUDA,13040,13000,2026-10-07T22:28:05.182525+00:00,derived,csr-alg1,0,0,,,,5,20,4,true
3,A100-SXM4-80GB-suitesparse_all-fp64-n2-row-major-AlphaSparse-SpMM-CSR-pre-plus-solve,AlphaSparse-SpMM-CSR-best-pre-plus-solve,AlphaSparseLib CSR PER MATRIX BEST,per-matrix-best,AlphaSparse-SpMM-CSR,best,pre-plus-solve,"csr-alg1,csr-alg2,csr-alg3,csr-alg4,csr-alg5",manual-selection,csr,ALPHASPARSE_SPMM_CSR_ALG1,workspace-setup,spmm.csr.fp64,fp64,A100-SXM4-80GB,A100-SXM4-80GB,,9700.0,a0827285-e98d-55a9-b486-73107367c8f5,suitesparse_all,Schenk_AFE/af_2_k101,af_2_k101,503625,503625,17550675,2,row-major,N,N,1.0,0.0,20260922,main,pass,pass,0,0,70202700.0,0.05515,0.266956806183,0.322106806183,0.269714306183,262.9740031871514,217.94851475480905,260.28541456888,2.711072197805685,2.2468919046887534,2.683354789369897,AlphaSparse 248af573c867cf4c7e05d40c611c7c34ebac4715,CUDA,13040,13000,2026-10-06T07:07:09.933435+00:00,derived,csr-alg1,0,0,,,,5,20,4,true
3,A100-SXM4-80GB-suitesparse_all-fp64-n2-row-major-AlphaSparse-SpMM-CSR-pre-plus-solve,AlphaSparse-SpMM-CSR-best-pre-plus-solve,AlphaSparseLib CSR PER MATRIX BEST,per-matrix-best,AlphaSparse-SpMM-CSR,best,pre-plus-solve,"csr-alg1,csr-alg2,csr-alg3,csr-alg4,csr-alg5",manual-selection,csr,ALPHASPARSE_SPMM_CSR_ALG4,workspace-setup,spmm.csr.fp64,fp64,A100-SXM4-80GB,A100-SXM4-80GB,,9700.0,dd6a9a30-d69d-5ea7-834e-7b0f3242a57c,suitesparse_all,Schenk_AFE/af_3_k101,af_3_k101,503625,503625,17550675,2,row-major,N,N,1.0,0.0,20260922,main,pass,pass,0,0,70202700.0,0.026871,0.287231993675,0.314102993675,0.288575543675,244.4111434168215,223.50216780371795,243.27321402905787,2.519702509451768,2.304146059832144,2.5079712786500807,AlphaSparse 248af573c867cf4c7e05d40c611c7c34ebac4715,CUDA,13040,13000,2026-10-06T21:47:02.403062+00:00,derived,csr-alg4,0,0,,,,5,20,4,true
3,A100-SXM4-80GB-suitesparse_all-fp64-n2-row-major-AlphaSparse-SpMM-CSR-pre-plus-solve,AlphaSparse-SpMM-CSR-best-pre-plus-solve,AlphaSparseLib CSR PER MATRIX BEST,per-matrix-best,AlphaSparse-SpMM-CSR,best,pre-plus-solve,"csr-alg1,csr-alg2,csr-alg3,csr-alg4,csr-alg5",manual-selection,csr,ALPHASPARSE_SPMM_CSR_ALG1,workspace-setup,spmm.csr.fp64,fp64,A100-SXM4-80GB,A100-SXM4-80GB,,9700.0,005fdebf-9ece-5bc0-9d3c-6fda0356699d,suitesparse_all,Schenk_AFE/af_4_k101,af_4_k101,503625,503625,17550675,2,row-major,N,N,1.0,0.0,20260922,main,pass,pass,0,0,70202700.0,0.0517,0.266291189194,0.317991189194,0.268876189194,263.6313285936603,220.76932438895582,261.0967531578158,2.717848748388251,2.275972416380988,2.69171910471975,AlphaSparse 248af573c867cf4c7e05d40c611c7c34ebac4715,CUDA,13040,13000,2026-10-08T13:55:58.971802+00:00,derived,csr-alg1,0,0,,,,5,20,4,true
3,A100-SXM4-80GB-suitesparse_all-fp64-n2-row-major-AlphaSparse-SpMM-CSR-pre-plus-solve,AlphaSparse-SpMM-CSR-best-pre-plus-solve,AlphaSparseLib CSR PER MATRIX BEST,per-matrix-best,AlphaSparse-SpMM-CSR,best,pre-plus-solve,"csr-alg1,csr-alg2,csr-alg3,csr-alg4,csr-alg5",manual-selection,csr,ALPHASPARSE_SPMM_CSR_ALG1,workspace-setup,spmm.csr.fp64,fp64,A100-SXM4-80GB,A100-SXM4-80GB,,9700.0,d94c6f41-d28e-5f45-abb9-189a8a3b4f78,suitesparse_all,Schenk_AFE/af_5_k101,af_5_k101,503625,503625,17550675,2,row-major,N,N,1.0,0.0,20260922,main,pass,pass,0,0,70202700.0,0.032491,0.266035199165,0.298526199165,0.267659749165,263.88500551935977,235.1642843956818,262.2833661729363,2.7204639744263894,2.4243740659348636,2.703952228586972,AlphaSparse 248af573c867cf4c7e05d40c611c7c34ebac4715,CUDA,13040,13000,2026-10-06T01:52:55.294099+00:00,derived,csr-alg1,0,0,,,,5,20,4,true
3,A100-SXM4-80GB-suitesparse_all-fp64-n2-row-major-AlphaSparse-SpMM-CSR-pre-plus-solve,AlphaSparse-SpMM-CSR-best-pre-plus-solve,AlphaSparseLib CSR PER MATRIX BEST,per-matrix-best,AlphaSparse-SpMM-CSR,best,pre-plus-solve,"csr-alg1,csr-alg2,csr-alg3,csr-alg4,csr-alg5",manual-selection,csr,ALPHASPARSE_SPMM_CSR_ALG1,workspace-setup,spmm.csr.fp64,fp64,A100-SXM4-80GB,A100-SXM4-80GB,,9700.0,752b02ae-c4ef-54eb-ad5c-0957985c94ee,suitesparse_all,Schenk_AFE/af_shell1,af_shell1,504855,504855,17588875,2,row-major,N,N,1.0,0.0,20260922,main,pass,pass,0,0,70355500.0,0.05398,0.270028805733,0.324008805733,0.272727805733,260.5481285932374,217.14070344735188,257.9696625025389,2.686063181373581,2.2385639530654835,2.6594810567272047,AlphaSparse 248af573c867cf4c7e05d40c611c7c34ebac4715,CUDA,13040,13000,2026-10-08T03:33:38.830961+00:00,derived,csr-alg1,0,0,,,,5,20,4,true
3,A100-SXM4-80GB-suitesparse_all-fp64-n2-row-major-AlphaSparse-SpMM-CSR-pre-plus-solve,AlphaSparse-SpMM-CSR-best-pre-plus-solve,AlphaSparseLib CSR PER MATRIX BEST,per-matrix-best,AlphaSparse-SpMM-CSR,best,pre-plus-solve,"csr-alg1,csr-alg2,csr-alg3,csr-alg4,csr-alg5",manual-selection,csr,ALPHASPARSE_SPMM_CSR_ALG1,workspace-setup,spmm.csr.fp64,fp64,A100-SXM4-80GB,A100-SXM4-80GB,,9700.0,018f64fd-81d1-5f6a-986f-7d386c913e5c,suitesparse_all,Schenk_AFE/af_shell10,af_shell10,1508065,1508065,52672325,2,row-major,N,N,1.0,0.0,20260922,main,pass,pass,0,0,210689300.0,0.402861,0.780287981033,1.18314898103,0.800431031033,270.0147959745256,178.07503820574036,263.2198051193667,2.783657690459027,1.835825136141653,2.7136062383439867,AlphaSparse 248af573c867cf4c7e05d40c611c7c34ebac4715,CUDA,13040,13000,2026-10-06T20:30:00.373279+00:00,derived,csr-alg1,0,0,,,,5,20,4,true
3,A100-SXM4-80GB-suitesparse_all-fp64-n2-row-major-AlphaSparse-SpMM-CSR-pre-plus-solve,AlphaSparse-SpMM-CSR-best-pre-plus-solve,AlphaSparseLib CSR PER MATRIX BEST,per-matrix-best,AlphaSparse-SpMM-CSR,best,pre-plus-solve,"csr-alg1,csr-alg2,csr-alg3,csr-alg4,csr-alg5",manual-selection,csr,ALPHASPARSE_SPMM_CSR_ALG1,workspace-setup,spmm.csr.fp64,fp64,A100-SXM4-80GB,A100-SXM4-80GB,,9700.0,152f8cc9-7213-5fba-8430-8cd9341fa530,suitesparse_all,Schenk_AFE/af_shell2,af_shell2,504855,504855,17588875,2,row-major,N,N,1.0,0.0,20260922,main,pass,pass,0,0,70355500.0,0.04115,0.269363188744,0.310513188744,0.271420688744,261.1919628961073,226.57813758115117,259.2120015816417,2.692700648413478,2.335857088465476,2.6722886760993987,AlphaSparse 248af573c867cf4c7e05d40c611c7c34ebac4715,CUDA,13040,13000,2026-10-07T22:26:05.055012+00:00,derived,csr-alg1,0,0,,,,5,20,4,true
3,A100-SXM4-80GB-suitesparse_all-fp64-n2-row-major-AlphaSparse-SpMM-CSR-pre-plus-solve,AlphaSparse-SpMM-CSR-best-pre-plus-solve,AlphaSparseLib CSR PER MATRIX BEST,per-matrix-best,AlphaSparse-SpMM-CSR,best,pre-plus-solve,"csr-alg1,csr-alg2,csr-alg3,csr-alg4,csr-alg5",manual-selection,csr,ALPHASPARSE_SPMM_CSR_ALG4,workspace-setup,spmm.csr.fp64,fp64,A100-SXM4-80GB,A100-SXM4-80GB,,9700.0,a0827285-e98d-55a9-b486-73107367c8f5,suitesparse_all,Schenk_AFE/af_shell3,af_shell3,504855,504855,17588875,2,row-major,N,N,1.0,0.0,20260922,main,pass,pass,0,0,70355500.0,0.043809,0.32542719841,0.36923619841,0.32761764841,216.19428352562082,190.54334407884144,214.74880960000354,2.2288070466558847,1.964364371946819,2.213905253608284,AlphaSparse 248af573c867cf4c7e05d40c611c7c34ebac4715,CUDA,13040,13000,2026-10-06T08:29:47.567703+00:00,derived,csr-alg4,0,0,,,,5,20,4,true
3,A100-SXM4-80GB-suitesparse_all-fp64-n2-row-major-AlphaSparse-SpMM-CSR-pre-plus-solve,AlphaSparse-SpMM-CSR-best-pre-plus-solve,AlphaSparseLib CSR PER MATRIX BEST,per-matrix-best,AlphaSparse-SpMM-CSR,best,pre-plus-solve,"csr-alg1,csr-alg2,csr-alg3,csr-alg4,csr-alg5",manual-selection,csr,ALPHASPARSE_SPMM_CSR_ALG1,workspace-setup,spmm.csr.fp64,fp64,A100-SXM4-80GB,A100-SXM4-80GB,,9700.0,dd6a9a30-d69d-5ea7-834e-7b0f3242a57c,suitesparse_all,Schenk_AFE/af_shell4,af_shell4,504855,504855,17588875,2,row-major,N,N,1.0,0.0,20260922,main,pass,pass,0,0,70355500.0,0.03815,0.269158411026,0.307308411026,0.271065911026,261.39067968120764,228.94101650230309,259.551264611992,2.6947492750639963,2.3602166649721967,2.6757862331133193,AlphaSparse 248af573c867cf4c7e05d40c611c7c34ebac4715,CUDA,13040,13000,2026-10-06T19:50:32.064731+00:00,derived,csr-alg1,0,0,,,,5,20,4,true
3,A100-SXM4-80GB-suitesparse_all-fp64-n2-row-major-AlphaSparse-SpMM-CSR-pre-plus-solve,AlphaSparse-SpMM-CSR-best-pre-plus-solve,AlphaSparseLib CSR PER MATRIX BEST,per-matrix-best,AlphaSparse-SpMM-CSR,best,pre-plus-solve,"csr-alg1,csr-alg2,csr-alg3,csr-alg4,csr-alg5",manual-selection,csr,ALPHASPARSE_SPMM_CSR_ALG4,workspace-setup,spmm.csr.fp64,fp64,A100-SXM4-80GB,A100-SXM4-80GB,,9700.0,005fdebf-9ece-5bc0-9d3c-6fda0356699d,suitesparse_all,Schenk_AFE/af_shell5,af_shell5,504855,504855,17588875,2,row-major,N,N,1.0,0.0,20260922,main,pass,pass,0,0,70355500.0,0.03304,0.326399993896,0.359439993896,0.328051993896,215.54994275648548,195.73642664916298,214.46447913468347,2.2221643583142834,2.017901305661474,2.210974011697768,AlphaSparse 248af573c867cf4c7e05d40c611c7c34ebac4715,CUDA,13040,13000,2026-10-08T15:08:04.739610+00:00,derived,csr-alg4,0,0,,,,5,20,4,true
3,A100-SXM4-80GB-suitesparse_all-fp64-n2-row-major-AlphaSparse-SpMM-CSR-pre-plus-solve,AlphaSparse-SpMM-CSR-best-pre-plus-solve,AlphaSparseLib CSR PER MATRIX BEST,per-matrix-best,AlphaSparse-SpMM-CSR,best,pre-plus-solve,"csr-alg1,csr-alg2,csr-alg3,csr-alg4,csr-alg5",manual-selection,csr,ALPHASPARSE_SPMM_CSR_ALG1,workspace-setup,spmm.csr.fp64,fp64,A100-SXM4-80GB,A100-SXM4-80GB,,9700.0,d94c6f41-d28e-5f45-abb9-189a8a3b4f78,suitesparse_all,Schenk_AFE/af_shell6,af_shell6,504855,504855,17588875,2,row-major,N,N,1.0,0.0,20260922,main,pass,pass,0,0,70355500.0,0.03973,0.269465589523,0.309195589523,0.271452089523,261.09270621358826,227.54367262656731,259.1820166999997,2.69167738364524,2.3458110580058484,2.671979553608244,AlphaSparse 248af573c867cf4c7e05d40c611c7c34ebac4715,CUDA,13040,13000,2026-10-06T01:50:52.778472+00:00,derived,csr-alg1,0,0,,,,5,20,4,true
3,A100-SXM4-80GB-suitesparse_all-fp64-n2-row-major-AlphaSparse-SpMM-CSR-pre-plus-solve,AlphaSparse-SpMM-CSR-best-pre-plus-solve,AlphaSparseLib CSR PER MATRIX BEST,per-matrix-best,AlphaSparse-SpMM-CSR,best,pre-plus-solve,"csr-alg1,csr-alg2,csr-alg3,csr-alg4,csr-alg5",manual-selection,csr,ALPHASPARSE_SPMM_CSR_ALG1,workspace-setup,spmm.csr.fp64,fp64,A100-SXM4-80GB,A100-SXM4-80GB,,9700.0,018f64fd-81d1-5f6a-986f-7d386c913e5c,suitesparse_all,Schenk_AFE/af_shell7,af_shell7,504855,504855,17588875,2,row-major,N,N,1.0,0.0,20260922,main,pass,pass,0,0,70355500.0,0.03722,0.270284795761,0.307504795761,0.272145795761,260.3013602815159,228.7948057066465,258.52135544943934,2.6835191781599574,2.358709337181923,2.665168612880818,AlphaSparse 248af573c867cf4c7e05d40c611c7c34ebac4715,CUDA,13040,13000,2026-10-06T20:27:36.641536+00:00,derived,csr-alg1,0,0,,,,5,20,4,true
3,A100-SXM4-80GB-suitesparse_all-fp64-n2-row-major-AlphaSparse-SpMM-CSR-pre-plus-solve,AlphaSparse-SpMM-CSR-best-pre-plus-solve,AlphaSparseLib CSR PER MATRIX BEST,per-matrix-best,AlphaSparse-SpMM-CSR,best,pre-plus-solve,"csr-alg1,csr-alg2,csr-alg3,csr-alg4,csr-alg5",manual-selection,csr,ALPHASPARSE_SPMM_CSR_ALG1,workspace-setup,spmm.csr.fp64,fp64,A100-SXM4-80GB,A100-SXM4-80GB,,9700.0,752b02ae-c4ef-54eb-ad5c-0957985c94ee,suitesparse_all,Schenk_AFE/af_shell9,af_shell9,504855,504855,17588875,2,row-major,N,N,1.0,0.0,20260922,main,pass,pass,0,0,70355500.0,0.03902,0.270336008072,0.309356008072,0.272287008072,260.2520489289087,227.4256783906565,258.38728222169203,2.68301081370009,2.3445946225840877,2.6637864146566193,AlphaSparse 248af573c867cf4c7e05d40c611c7c34ebac4715,CUDA,13040,13000,2026-10-08T03:33:45.418223+00:00,derived,csr-alg1,0,0,,,,5,20,4,true
3,A100-SXM4-80GB-suitesparse_all-fp64-n2-row-major-AlphaSparse-SpMM-CSR-pre-plus-solve,AlphaSparse-SpMM-CSR-best-pre-plus-solve,AlphaSparseLib CSR PER MATRIX BEST,per-matrix-best,AlphaSparse-SpMM-CSR,best,pre-plus-solve,"csr-alg1,csr-alg2,csr-alg3,csr-alg4,csr-alg5",manual-selection,csr,ALPHASPARSE_SPMM_CSR_ALG5,workspace-setup,spmm.csr.fp64,fp64,A100-SXM4-80GB,A100-SXM4-80GB,,9700.0,d94c6f41-d28e-5f45-abb9-189a8a3b4f78,suitesparse_all,Schenk_IBMNA/c-18,c-18,2169,2169,15145,2,row-major,N,N,1.0,0.0,20260922,main,pass,pass,0,0,60580.0,0.0133,0.0135168001056,0.0268168001056,0.0141818001056,4.481829983925097,2.2590316429046813,4.271672111361846,0.046204432823970076,0.02328898600932661,0.04403785681816336,AlphaSparse 248af573c867cf4c7e05d40c611c7c34ebac4715,CUDA,13040,13000,2026-10-06T03:35:25.909900+00:00,derived,csr-alg5,0,0,,,,5,20,4,true
3,A100-SXM4-80GB-suitesparse_all-fp64-n2-row-major-AlphaSparse-SpMM-CSR-pre-plus-solve,AlphaSparse-SpMM-CSR-best-pre-plus-solve,AlphaSparseLib CSR PER MATRIX BEST,per-matrix-best,AlphaSparse-SpMM-CSR,best,pre-plus-solve,"csr-alg1,csr-alg2,csr-alg3,csr-alg4,csr-alg5",manual-selection,csr,ALPHASPARSE_SPMM_CSR_ALG2,workspace-setup,spmm.csr.fp64,fp64,A100-SXM4-80GB,A100-SXM4-80GB,,9700.0,018f64fd-81d1-5f6a-986f-7d386c913e5c,suitesparse_all,Schenk_IBMNA/c-19,c-19,2327,2327,21817,2,row-major,N,N,1.0,0.0,20260922,main,pass,pass,0,0,87268.0,0.01196,0.0145408004522,0.0265008004522,0.0151388004522,6.001595323921559,3.2930326069737763,5.764525417687109,0.06187211674145937,0.03394878976261625,0.05942809708955782,AlphaSparse 248af573c867cf4c7e05d40c611c7c34ebac4715,CUDA,13040,13000,2026-10-06T21:17:03.041895+00:00,derived,csr-alg2,0,0,,,,5,20,4,true
3,A100-SXM4-80GB-suitesparse_all-fp64-n2-row-major-AlphaSparse-SpMM-CSR-pre-plus-solve,AlphaSparse-SpMM-CSR-best-pre-plus-solve,AlphaSparseLib CSR PER MATRIX BEST,per-matrix-best,AlphaSparse-SpMM-CSR,best,pre-plus-solve,"csr-alg1,csr-alg2,csr-alg3,csr-alg4,csr-alg5",manual-selection,csr,ALPHASPARSE_SPMM_CSR_ALG2,workspace-setup,spmm.csr.fp64,fp64,A100-SXM4-80GB,A100-SXM4-80GB,,9700.0,752b02ae-c4ef-54eb-ad5c-0957985c94ee,suitesparse_all,Schenk_IBMNA/c-21,c-21,3509,3509,32157,2,row-major,N,N,1.0,0.0,20260922,main,pass,pass,0,0,128628.0,0.01151,0.014899200201,0.026409200201,0.015474700201,8.633215089717822,4.870575368470622,8.312148108154485,0.08900221741977137,0.05021211720072806,0.0856922485376751,AlphaSparse 248af573c867cf4c7e05d40c611c7c34ebac4715,CUDA,13040,13000,2026-10-08T04:55:37.825655+00:00,derived,csr-alg2,0,0,,,,5,20,4,true
3,A100-SXM4-80GB-suitesparse_all-fp64-n2-row-major-AlphaSparse-SpMM-CSR-pre-plus-solve,AlphaSparse-SpMM-CSR-best-pre-plus-solve,AlphaSparseLib CSR PER MATRIX BEST,per-matrix-best,AlphaSparse-SpMM-CSR,best,pre-plus-solve,"csr-alg1,csr-alg2,csr-alg3,csr-alg4,csr-alg5",manual-selection,csr,ALPHASPARSE_SPMM_CSR_ALG5,workspace-setup,spmm.csr.fp64,fp64,A100-SXM4-80GB,A100-SXM4-80GB,,9700.0,152f8cc9-7213-5fba-8430-8cd9341fa530,suitesparse_all,Schenk_IBMNA/c-22,c-22,3792,3792,28872,2,row-major,N,N,1.0,0.0,20260922,main,pass,pass,0,0,115488.0,0.0179,0.01520639956,0.03310639956,0.01610139956,7.594697189450939,3.4883889983474847,7.172544198387683,0.0782958473139272,0.03596277317884005,0.07394375462255343,AlphaSparse 248af573c867cf4c7e05d40c611c7c34ebac4715,CUDA,13040,13000,2026-10-08T02:22:27.982716+00:00,derived,csr-alg5,0,0,,,,5,20,4,true
3,A100-SXM4-80GB-suitesparse_all-fp64-n2-row-major-AlphaSparse-SpMM-CSR-pre-plus-solve,AlphaSparse-SpMM-CSR-best-pre-plus-solve,AlphaSparseLib CSR PER MATRIX BEST,per-matrix-best,AlphaSparse-SpMM-CSR,best,pre-plus-solve,"csr-alg1,csr-alg2,csr-alg3,csr-alg4,csr-alg5",manual-selection,csr,ALPHASPARSE_SPMM_CSR_ALG5,workspace-setup,spmm.csr.fp64,fp64,A100-SXM4-80GB,A100-SXM4-80GB,,9700.0,a0827285-e98d-55a9-b486-73107367c8f5,suitesparse_all,Schenk_IBMNA/c-23,c-23,3969,3969,31079,2,row-major,N,N,1.0,0.0,20260922,main,pass,pass,0,0,124316.0,0.01919,0.0125152006745,0.0317052006745,0.0134747006745,9.933200691963064,3.9209971031656465,9.225882118128235,0.10240413084498005,0.04042265054809945,0.09511218678482716,AlphaSparse 248af573c867cf4c7e05d40c611c7c34ebac4715,CUDA,13040,13000,2026-10-06T08:59:13.264422+00:00,derived,csr-alg5,0,0,,,,5,20,4,true
3,A100-SXM4-80GB-suitesparse_all-fp64-n2-row-major-AlphaSparse-SpMM-CSR-pre-plus-solve,AlphaSparse-SpMM-CSR-best-pre-plus-solve,AlphaSparseLib CSR PER MATRIX BEST,per-matrix-best,AlphaSparse-SpMM-CSR,best,pre-plus-solve,"csr-alg1,csr-alg2,csr-alg3,csr-alg4,csr-alg5",manual-selection,csr,ALPHASPARSE_SPMM_CSR_ALG3,workspace-setup,spmm.csr.fp64,fp64,A100-SXM4-80GB,A100-SXM4-80GB,,9700.0,dd6a9a30-d69d-5ea7-834e-7b0f3242a57c,suitesparse_all,Schenk_IBMNA/c-24,c-24,4119,4119,35699,2,row-major,N,N,1.0,0.0,20260922,main,pass,pass,0,0,142796.0,0.01343,0.0121823996305,0.0256123996305,0.0128538996305,11.721500224183604,5.575268309883558,11.109157851300681,0.12084020849673818,0.05747699288539751,0.11452740052887302,AlphaSparse 248af573c867cf4c7e05d40c611c7c34ebac4715,CUDA,13040,13000,2026-10-06T21:09:00.094676+00:00,derived,csr-alg3,0,0,,,,5,20,4,true
3,A100-SXM4-80GB-suitesparse_all-fp64-n2-row-major-AlphaSparse-SpMM-CSR-pre-plus-solve,AlphaSparse-SpMM-CSR-best-pre-plus-solve,AlphaSparseLib CSR PER MATRIX BEST,per-matrix-best,AlphaSparse-SpMM-CSR,best,pre-plus-solve,"csr-alg1,csr-alg2,csr-alg3,csr-alg4,csr-alg5",manual-selection,csr,ALPHASPARSE_SPMM_CSR_ALG2,workspace-setup,spmm.csr.fp64,fp64,A100-SXM4-80GB,A100-SXM4-80GB,,9700.0,005fdebf-9ece-5bc0-9d3c-6fda0356699d,suitesparse_all,Schenk_IBMNA/c-25,c-25,3797,3797,49635,2,row-major,N,N,1.0,0.0,20260922,main,pass,pass,0,0,198540.0,0.01358,0.0126624003053,0.0262424003053,0.0133414003053,15.679491661379455,7.565618910245121,14.881496353956793,0.16164424393174695,0.07799607123964042,0.15341748818512158,AlphaSparse 248af573c867cf4c7e05d40c611c7c34ebac4715,CUDA,13040,13000,2026-10-08T14:22:10.830262+00:00,derived,csr-alg2,0,0,,,,5,20,4,true
3,A100-SXM4-80GB-suitesparse_all-fp64-n2-row-major-AlphaSparse-SpMM-CSR-pre-plus-solve,AlphaSparse-SpMM-CSR-best-pre-plus-solve,AlphaSparseLib CSR PER MATRIX BEST,per-matrix-best,AlphaSparse-SpMM-CSR,best,pre-plus-solve,"csr-alg1,csr-alg2,csr-alg3,csr-alg4,csr-alg5",manual-selection,csr,ALPHASPARSE_SPMM_CSR_ALG5,workspace-setup,spmm.csr.fp64,fp64,A100-SXM4-80GB,A100-SXM4-80GB,,9700.0,d94c6f41-d28e-5f45-abb9-189a8a3b4f78,suitesparse_all,Schenk_IBMNA/c-26,c-26,4307,4307,34537,2,row-major,N,N,1.0,0.0,20260922,main,pass,pass,0,0,138148.0,0.01351,0.0135168001056,0.0270268001056,0.0141923001056,10.220466302728365,5.111518916787174,9.734010623513347,0.10536563198689035,0.05269607130708427,0.10035062498467368,AlphaSparse 248af573c867cf4c7e05d40c611c7c34ebac4715,CUDA,13040,13000,2026-10-06T03:35:26.572778+00:00,derived,csr-alg5,0,0,,,,5,20,4,true
3,A100-SXM4-80GB-suitesparse_all-fp64-n2-row-major-AlphaSparse-SpMM-CSR-pre-plus-solve,AlphaSparse-SpMM-CSR-best-pre-plus-solve,AlphaSparseLib CSR PER MATRIX BEST,per-matrix-best,AlphaSparse-SpMM-CSR,best,pre-plus-solve,"csr-alg1,csr-alg2,csr-alg3,csr-alg4,csr-alg5",manual-selection,csr,ALPHASPARSE_SPMM_CSR_ALG2,workspace-setup,spmm.csr.fp64,fp64,A100-SXM4-80GB,A100-SXM4-80GB,,9700.0,018f64fd-81d1-5f6a-986f-7d386c913e5c,suitesparse_all,Schenk_IBMNA/c-27,c-27,4563,4563,31375,2,row-major,N,N,1.0,0.0,20260922,main,pass,pass,0,0,125500.0,0.013,0.0153088003397,0.0283088003397,0.0159588003397,8.197899065581476,4.43325038482821,7.86399963209009,0.08451442335651006,0.04570361221472382,0.08107216115556794,AlphaSparse 248af573c867cf4c7e05d40c611c7c34ebac4715,CUDA,13040,13000,2026-10-06T21:17:03.671604+00:00,derived,csr-alg2,0,0,,,,5,20,4,true
3,A100-SXM4-80GB-suitesparse_all-fp64-n2-row-major-AlphaSparse-SpMM-CSR-pre-plus-solve,AlphaSparse-SpMM-CSR-best-pre-plus-solve,AlphaSparseLib CSR PER MATRIX BEST,per-matrix-best,AlphaSparse-SpMM-CSR,best,pre-plus-solve,"csr-alg1,csr-alg2,csr-alg3,csr-alg4,csr-alg5",manual-selection,csr,ALPHASPARSE_SPMM_CSR_ALG3,workspace-setup,spmm.csr.fp64,fp64,A100-SXM4-80GB,A100-SXM4-80GB,,9700.0,752b02ae-c4ef-54eb-ad5c-0957985c94ee,suitesparse_all,Schenk_IBMNA/c-29,c-29,5033,5033,43731,2,row-major,N,N,1.0,0.0,20260922,main,pass,pass,0,0,174924.0,0.01176,0.0155647993088,0.0273247993088,0.0161527993088,11.238435943154228,6.40165726463965,10.829330362861743,0.11586016436241472,0.06599646664576958,0.11164258106043035,AlphaSparse 248af573c867cf4c7e05d40c611c7c34ebac4715,CUDA,13040,13000,2026-10-08T05:57:45.150485+00:00,derived,csr-alg3,0,0,,,,5,20,4,true
3,A100-SXM4-80GB-suitesparse_all-fp64-n2-row-major-AlphaSparse-SpMM-CSR-pre-plus-solve,AlphaSparse-SpMM-CSR-best-pre-plus-solve,AlphaSparseLib CSR PER MATRIX BEST,per-matrix-best,AlphaSparse-SpMM-CSR,best,pre-plus-solve,"csr-alg1,csr-alg2,csr-alg3,csr-alg4,csr-alg5",manual-selection,csr,ALPHASPARSE_SPMM_CSR_ALG5,workspace-setup,spmm.csr.fp64,fp64,A100-SXM4-80GB,A100-SXM4-80GB,,9700.0,152f8cc9-7213-5fba-8430-8cd9341fa530,suitesparse_all,Schenk_IBMNA/c-30,c-30,5321,5321,65693,2,row-major,N,N,1.0,0.0,20260922,main,pass,pass,0,0,262772.0,0.01924,0.0155647993088,0.0348047993088,0.0165267993088,16.882453463530005,7.549878327658136,15.899751372916,0.1740459119951547,0.07783379719235191,0.16391496260738145,AlphaSparse 248af573c867cf4c7e05d40c611c7c34ebac4715,CUDA,13040,13000,2026-10-08T02:22:28.650775+00:00,derived,csr-alg5,0,0,,,,5,20,4,true
3,A100-SXM4-80GB-suitesparse_all-fp64-n2-row-major-AlphaSparse-SpMM-CSR-pre-plus-solve,AlphaSparse-SpMM-CSR-best-pre-plus-solve,AlphaSparseLib CSR PER MATRIX BEST,per-matrix-best,AlphaSparse-SpMM-CSR,best,pre-plus-solve,"csr-alg1,csr-alg2,csr-alg3,csr-alg4,csr-alg5",manual-selection,csr,ALPHASPARSE_SPMM_CSR_ALG5,workspace-setup,spmm.csr.fp64,fp64,A100-SXM4-80GB,A100-SXM4-80GB,,9700.0,a0827285-e98d-55a9-b486-73107367c8f5,suitesparse_all,Schenk_IBMNA/c-31,c-31,5339,5339,78571,2,row-major,N,N,1.0,0.0,20260922,main,pass,pass,0,0,314284.0,0.01733,0.0130048006773,0.0303348006773,0.0138713006773,24.1667679342895,10.360509809948532,22.657139897076636,0.24914193746690205,0.10680937948400548,0.23357876182553233,AlphaSparse 248af573c867cf4c7e05d40c611c7c34ebac4715,CUDA,13040,13000,2026-10-06T08:59:13.998494+00:00,derived,csr-alg5,0,0,,,,5,20,4,true
3,A100-SXM4-80GB-suitesparse_all-fp64-n2-row-major-AlphaSparse-SpMM-CSR-pre-plus-solve,AlphaSparse-SpMM-CSR-best-pre-plus-solve,AlphaSparseLib CSR PER MATRIX BEST,per-matrix-best,AlphaSparse-SpMM-CSR,best,pre-plus-solve,"csr-alg1,csr-alg2,csr-alg3,csr-alg4,csr-alg5",manual-selection,csr,ALPHASPARSE_SPMM_CSR_ALG5,workspace-setup,spmm.csr.fp64,fp64,A100-SXM4-80GB,A100-SXM4-80GB,,9700.0,dd6a9a30-d69d-5ea7-834e-7b0f3242a57c,suitesparse_all,Schenk_IBMNA/c-32,c-32,5975,5975,54471,2,row-major,N,N,1.0,0.0,20260922,main,pass,pass,0,0,217884.0,0.01402,0.0147967994213,0.0288167994213,0.0154977994213,14.725076267936421,7.561006231627187,14.059028257943686,0.15180490997872598,0.07794851785182667,0.144938435648904,AlphaSparse 248af573c867cf4c7e05d40c611c7c34ebac4715,CUDA,13040,13000,2026-10-06T22:23:27.535785+00:00,derived,csr-alg5,0,0,,,,5,20,4,true
3,A100-SXM4-80GB-suitesparse_all-fp64-n2-row-major-AlphaSparse-SpMM-CSR-pre-plus-solve,AlphaSparse-SpMM-CSR-best-pre-plus-solve,AlphaSparseLib CSR PER MATRIX BEST,per-matrix-best,AlphaSparse-SpMM-CSR,best,pre-plus-solve,"csr-alg1,csr-alg2,csr-alg3,csr-alg4,csr-alg5",manual-selection,csr,ALPHASPARSE_SPMM_CSR_ALG5,workspace-setup,spmm.csr.fp64,fp64,A100-SXM4-80GB,A100-SXM4-80GB,,9700.0,005fdebf-9ece-5bc0-9d3c-6fda0356699d,suitesparse_all,Schenk_IBMNA/c-33,c-33,6317,6317,56123,2,row-major,N,N,1.0,0.0,20260922,main,pass,pass,0,0,224492.0,0.01378,0.014284799993,0.028064799993,0.014973799993,15.715445796231526,7.999059321854901,14.992319925800148,0.16201490511578892,0.08246452909128764,0.15455999923505306,AlphaSparse 248af573c867cf4c7e05d40c611c7c34ebac4715,CUDA,13040,13000,2026-10-08T15:33:25.978794+00:00,derived,csr-alg5,0,0,,,,5,20,4,true
3,A100-SXM4-80GB-suitesparse_all-fp64-n2-row-major-AlphaSparse-SpMM-CSR-pre-plus-solve,AlphaSparse-SpMM-CSR-best-pre-plus-solve,AlphaSparseLib CSR PER MATRIX BEST,per-matrix-best,AlphaSparse-SpMM-CSR,best,pre-plus-solve,"csr-alg1,csr-alg2,csr-alg3,csr-alg4,csr-alg5",manual-selection,csr,ALPHASPARSE_SPMM_CSR_ALG5,workspace-setup,spmm.csr.fp64,fp64,A100-SXM4-80GB,A100-SXM4-80GB,,9700.0,d94c6f41-d28e-5f45-abb9-189a8a3b4f78,suitesparse_all,Schenk_IBMNA/c-34,c-34,6611,6611,64333,2,row-major,N,N,1.0,0.0,20260922,main,pass,pass,0,0,257332.0,0.01349,0.0135168001056,0.0270068001056,0.0141913001056,19.03793782475096,9.528415028577966,18.13308140093907,0.19626740025516454,0.098231082768845,0.1869389835148358,AlphaSparse 248af573c867cf4c7e05d40c611c7c34ebac4715,CUDA,13040,13000,2026-10-06T03:35:27.213694+00:00,derived,csr-alg5,0,0,,,,5,20,4,true
3,A100-SXM4-80GB-suitesparse_all-fp64-n2-row-major-AlphaSparse-SpMM-CSR-pre-plus-solve,AlphaSparse-SpMM-CSR-best-pre-plus-solve,AlphaSparseLib CSR PER MATRIX BEST,per-matrix-best,AlphaSparse-SpMM-CSR,best,pre-plus-solve,"csr-alg1,csr-alg2,csr-alg3,csr-alg4,csr-alg5",manual-selection,csr,ALPHASPARSE_SPMM_CSR_ALG3,workspace-setup,spmm.csr.fp64,fp64,A100-SXM4-80GB,A100-SXM4-80GB,,9700.0,018f64fd-81d1-5f6a-986f-7d386c913e5c,suitesparse_all,Schenk_IBMNA/c-35,c-35,6537,6537,62891,2,row-major,N,N,1.0,0.0,20260922,main,pass,pass,0,0,251564.0,0.01184,0.0157184004784,0.0275584004784,0.0163104004784,16.004427444490656,9.128396265130604,15.423532998662315,0.16499409736588305,0.09410717799103716,0.15900549483157028,AlphaSparse 248af573c867cf4c7e05d40c611c7c34ebac4715,CUDA,13040,13000,2026-10-06T21:54:48.712785+00:00,derived,csr-alg3,0,0,,,,5,20,4,true
3,A100-SXM4-80GB-suitesparse_all-fp64-n2-row-major-AlphaSparse-SpMM-CSR-pre-plus-solve,AlphaSparse-SpMM-CSR-best-pre-plus-solve,AlphaSparseLib CSR PER MATRIX BEST,per-matrix-best,AlphaSparse-SpMM-CSR,best,pre-plus-solve,"csr-alg1,csr-alg2,csr-alg3,csr-alg4,csr-alg5",manual-selection,csr,ALPHASPARSE_SPMM_CSR_ALG3,workspace-setup,spmm.csr.fp64,fp64,A100-SXM4-80GB,A100-SXM4-80GB,,9700.0,752b02ae-c4ef-54eb-ad5c-0957985c94ee,suitesparse_all,Schenk_IBMNA/c-37,c-37,8204,8204,74676,2,row-major,N,N,1.0,0.0,20260922,main,pass,pass,0,0,298704.0,0.011771,0.016435199976,0.028206199976,0.017023749976,18.174649559250366,10.59001213400459,17.546310326520977,0.18736752122938521,0.10917538282478959,0.18088979718062864,AlphaSparse 248af573c867cf4c7e05d40c611c7c34ebac4715,CUDA,13040,13000,2026-10-08T05:57:45.796151+00:00,derived,csr-alg3,0,0,,,,5,20,4,true
3,A100-SXM4-80GB-suitesparse_all-fp64-n2-row-major-AlphaSparse-SpMM-CSR-pre-plus-solve,AlphaSparse-SpMM-CSR-best-pre-plus-solve,AlphaSparseLib CSR PER MATRIX BEST,per-matrix-best,AlphaSparse-SpMM-CSR,best,pre-plus-solve,"csr-alg1,csr-alg2,csr-alg3,csr-alg4,csr-alg5",manual-selection,csr,ALPHASPARSE_SPMM_CSR_ALG3,workspace-setup,spmm.csr.fp64,fp64,A100-SXM4-80GB,A100-SXM4-80GB,,9700.0,152f8cc9-7213-5fba-8430-8cd9341fa530,suitesparse_all,Schenk_IBMNA/c-38,c-38,8127,8127,77689,2,row-major,N,N,1.0,0.0,20260922,main,pass,pass,0,0,310756.0,0.018549,0.0163839995861,0.0349329995861,0.0173114495861,18.967041494778957,8.895772011621105,17.950894201807188,0.19553651025545318,0.09170898981052686,0.1850607649670844,AlphaSparse 248af573c867cf4c7e05d40c611c7c34ebac4715,CUDA,13040,13000,2026-10-08T00:24:53.311938+00:00,derived,csr-alg3,0,0,,,,5,20,4,true
3,A100-SXM4-80GB-suitesparse_all-fp64-n2-row-major-AlphaSparse-SpMM-CSR-pre-plus-solve,AlphaSparse-SpMM-CSR-best-pre-plus-solve,AlphaSparseLib CSR PER MATRIX BEST,per-matrix-best,AlphaSparse-SpMM-CSR,best,pre-plus-solve,"csr-alg1,csr-alg2,csr-alg3,csr-alg4,csr-alg5",manual-selection,csr,ALPHASPARSE_SPMM_CSR_ALG5,workspace-setup,spmm.csr.fp64,fp64,A100-SXM4-80GB,A100-SXM4-80GB,,9700.0,a0827285-e98d-55a9-b486-73107367c8f5,suitesparse_all,Schenk_IBMNA/c-39,c-39,9271,9271,136811,2,row-major,N,N,1.0,0.0,20260922,main,pass,pass,0,0,547244.0,0.02137,0.0138704001904,0.0352404001904,0.0149389001904,39.454088742065224,15.52888154059832,36.632147817124356,0.40674318290788886,0.16009156227420948,0.37765100842396243,AlphaSparse 248af573c867cf4c7e05d40c611c7c34ebac4715,CUDA,13040,13000,2026-10-06T08:59:14.705621+00:00,derived,csr-alg5,0,0,,,,5,20,4,true
3,A100-SXM4-80GB-suitesparse_all-fp64-n2-row-major-AlphaSparse-SpMM-CSR-pre-plus-solve,AlphaSparse-SpMM-CSR-best-pre-plus-solve,AlphaSparseLib CSR PER MATRIX BEST,per-matrix-best,AlphaSparse-SpMM-CSR,best,pre-plus-solve,"csr-alg1,csr-alg2,csr-alg3,csr-alg4,csr-alg5",manual-selection,csr,ALPHASPARSE_SPMM_CSR_ALG5,workspace-setup,spmm.csr.fp64,fp64,A100-SXM4-80GB,A100-SXM4-80GB,,9700.0,dd6a9a30-d69d-5ea7-834e-7b0f3242a57c,suitesparse_all,Schenk_IBMNA/c-40,c-40,9941,9941,81501,2,row-major,N,N,1.0,0.0,20260922,main,pass,pass,0,0,326004.0,0.01348,0.0151552006602,0.0286352006602,0.0158292006602,21.511031579815306,11.384729021756506,20.595101862577625,0.22176321216304437,0.11736834043047945,0.21232063775853222,AlphaSparse 248af573c867cf4c7e05d40c611c7c34ebac4715,CUDA,13040,13000,2026-10-06T22:23:28.221557+00:00,derived,csr-alg5,0,0,,,,5,20,4,true
3,A100-SXM4-80GB-suitesparse_all-fp64-n2-row-major-AlphaSparse-SpMM-CSR-pre-plus-solve,AlphaSparse-SpMM-CSR-best-pre-plus-solve,AlphaSparseLib CSR PER MATRIX BEST,per-matrix-best,AlphaSparse-SpMM-CSR,best,pre-plus-solve,"csr-alg1,csr-alg2,csr-alg3,csr-alg4,csr-alg5",manual-selection,csr,ALPHASPARSE_SPMM_CSR_ALG5,workspace-setup,spmm.csr.fp64,fp64,A100-SXM4-80GB,A100-SXM4-80GB,,9700.0,005fdebf-9ece-5bc0-9d3c-6fda0356699d,suitesparse_all,Schenk_IBMNA/c-41,c-41,9769,9769,101745,2,row-major,N,N,1.0,0.0,20260922,main,pass,pass,0,0,406980.0,0.01315,0.0148479998112,0.0279979998112,0.0155054998112,27.409752503701597,14.536038386470606,26.247460898102005,0.2825747680793979,0.14985606583990316,0.27059238039280414,AlphaSparse 248af573c867cf4c7e05d40c611c7c34ebac4715,CUDA,13040,13000,2026-10-08T15:33:26.800074+00:00,derived,csr-alg5,0,0,,,,5,20,4,true
3,A100-SXM4-80GB-suitesparse_all-fp64-n2-row-major-AlphaSparse-SpMM-CSR-pre-plus-solve,AlphaSparse-SpMM-CSR-best-pre-plus-solve,AlphaSparseLib CSR PER MATRIX BEST,per-matrix-best,AlphaSparse-SpMM-CSR,best,pre-plus-solve,"csr-alg1,csr-alg2,csr-alg3,csr-alg4,csr-alg5",manual-selection,csr,ALPHASPARSE_SPMM_CSR_ALG5,workspace-setup,spmm.csr.fp64,fp64,A100-SXM4-80GB,A100-SXM4-80GB,,9700.0,d94c6f41-d28e-5f45-abb9-189a8a3b4f78,suitesparse_all,Schenk_IBMNA/c-42,c-42,10471,10471,110285,2,row-major,N,N,1.0,0.0,20260922,main,pass,pass,0,0,441140.0,0.01366,0.0161791995168,0.0298391995168,0.0168621995168,27.26587304532176,14.783908655177909,26.161474341498998,0.2810914746940388,0.1524114294348238,0.2697059210463814,AlphaSparse 248af573c867cf4c7e05d40c611c7c34ebac4715,CUDA,13040,13000,2026-10-06T03:35:27.888684+00:00,derived,csr-alg5,0,0,,,,5,20,4,true
3,A100-SXM4-80GB-suitesparse_all-fp64-n2-row-major-AlphaSparse-SpMM-CSR-pre-plus-solve,AlphaSparse-SpMM-CSR-best-pre-plus-solve,AlphaSparseLib CSR PER MATRIX BEST,per-matrix-best,AlphaSparse-SpMM-CSR,best,pre-plus-solve,"csr-alg1,csr-alg2,csr-alg3,csr-alg4,csr-alg5",manual-selection,csr,ALPHASPARSE_SPMM_CSR_ALG5,workspace-setup,spmm.csr.fp64,fp64,A100-SXM4-80GB,A100-SXM4-80GB,,9700.0,018f64fd-81d1-5f6a-986f-7d386c913e5c,suitesparse_all,Schenk_IBMNA/c-43,c-43,11125,11125,123675,2,row-major,N,N,1.0,0.0,20260922,main,pass,pass,0,0,494700.0,0.0138,0.0167423993349,0.0305423993349,0.0174323993349,29.547736265541342,16.197155782542573,28.378193414236502,0.30461583778908596,0.1669809874488925,0.2925586949921289,AlphaSparse 248af573c867cf4c7e05d40c611c7c34ebac4715,CUDA,13040,13000,2026-10-06T23:09:59.079657+00:00,derived,csr-alg5,0,0,,,,5,20,4,true
3,A100-SXM4-80GB-suitesparse_all-fp64-n2-row-major-AlphaSparse-SpMM-CSR-pre-plus-solve,AlphaSparse-SpMM-CSR-best-pre-plus-solve,AlphaSparseLib CSR PER MATRIX BEST,per-matrix-best,AlphaSparse-SpMM-CSR,best,pre-plus-solve,"csr-alg1,csr-alg2,csr-alg3,csr-alg4,csr-alg5",manual-selection,csr,ALPHASPARSE_SPMM_CSR_ALG5,workspace-setup,spmm.csr.fp64,fp64,A100-SXM4-80GB,A100-SXM4-80GB,,9700.0,752b02ae-c4ef-54eb-ad5c-0957985c94ee,suitesparse_all,Schenk_IBMNA/c-45,c-45,13206,13206,174452,2,row-major,N,N,1.0,0.0,20260922,main,pass,pass,0,0,697808.0,0.01446,0.0172031998634,0.0316631998634,0.0179261998634,40.56268633398803,22.038454831174768,38.92671092129892,0.41817202406173226,0.22720056526984297,0.4013062981577208,AlphaSparse 248af573c867cf4c7e05d40c611c7c34ebac4715,CUDA,13040,13000,2026-10-08T08:00:30.346856+00:00,derived,csr-alg5,0,0,,,,5,20,4,true
3,A100-SXM4-80GB-suitesparse_all-fp64-n2-row-major-AlphaSparse-SpMM-CSR-pre-plus-solve,AlphaSparse-SpMM-CSR-best-pre-plus-solve,AlphaSparseLib CSR PER MATRIX BEST,per-matrix-best,AlphaSparse-SpMM-CSR,best,pre-plus-solve,"csr-alg1,csr-alg2,csr-alg3,csr-alg4,csr-alg5",manual-selection,csr,ALPHASPARSE_SPMM_CSR_ALG5,workspace-setup,spmm.csr.fp64,fp64,A100-SXM4-80GB,A100-SXM4-80GB,,9700.0,152f8cc9-7213-5fba-8430-8cd9341fa530,suitesparse_all,Schenk_IBMNA/c-46,c-46,14913,14913,130397,2,row-major,N,N,1.0,0.0,20260922,main,pass,pass,0,0,521588.0,0.02057,0.0166703999043,0.0372403999043,0.0176988999043,31.288271606817336,14.00597204488597,29.47008022082088,0.3225595011012097,0.14439146438026773,0.30381526000846265,AlphaSparse 248af573c867cf4c7e05d40c611c7c34ebac4715,CUDA,13040,13000,2026-10-08T02:22:30.034826+00:00,derived,csr-alg5,0,0,,,,5,20,4,true
3,A100-SXM4-80GB-suitesparse_all-fp64-n2-row-major-AlphaSparse-SpMM-CSR-pre-plus-solve,AlphaSparse-SpMM-CSR-best-pre-plus-solve,AlphaSparseLib CSR PER MATRIX BEST,per-matrix-best,AlphaSparse-SpMM-CSR,best,pre-plus-solve,"csr-alg1,csr-alg2,csr-alg3,csr-alg4,csr-alg5",manual-selection,csr,ALPHASPARSE_SPMM_CSR_ALG5,workspace-setup,spmm.csr.fp64,fp64,A100-SXM4-80GB,A100-SXM4-80GB,,9700.0,a0827285-e98d-55a9-b486-73107367c8f5,suitesparse_all,Schenk_IBMNA/c-47,c-47,15343,15343,211401,2,row-major,N,N,1.0,0.0,20260922,main,pass,pass,0,0,845604.0,0.01858,0.01465280056,0.03323280056,0.01558180056,57.709377571709744,25.444861274129106,54.268696146114706,0.59494203682175,0.26231815746524856,0.5594710942898423,AlphaSparse 248af573c867cf4c7e05d40c611c7c34ebac4715,CUDA,13040,13000,2026-10-06T08:59:15.496309+00:00,derived,csr-alg5,0,0,,,,5,20,4,true
3,A100-SXM4-80GB-suitesparse_all-fp64-n2-row-major-AlphaSparse-SpMM-CSR-pre-plus-solve,AlphaSparse-SpMM-CSR-best-pre-plus-solve,AlphaSparseLib CSR PER MATRIX BEST,per-matrix-best,AlphaSparse-SpMM-CSR,best,pre-plus-solve,"csr-alg1,csr-alg2,csr-alg3,csr-alg4,csr-alg5",manual-selection,csr,ALPHASPARSE_SPMM_CSR_ALG5,workspace-setup,spmm.csr.fp64,fp64,A100-SXM4-80GB,A100-SXM4-80GB,,9700.0,dd6a9a30-d69d-5ea7-834e-7b0f3242a57c,suitesparse_all,Schenk_IBMNA/c-48,c-48,18354,18354,166080,2,row-major,N,N,1.0,0.0,20260922,main,pass,pass,0,0,664320.0,0.0139,0.0171008005738,0.0310008005738,0.0177958005738,38.84730408573967,21.429124013056718,37.330155350136366,0.4004876709870069,0.2209188042583167,0.38484696237253985,AlphaSparse 248af573c867cf4c7e05d40c611c7c34ebac4715,CUDA,13040,13000,2026-10-06T22:23:29.389972+00:00,derived,csr-alg5,0,0,,,,5,20,4,true
3,A100-SXM4-80GB-suitesparse_all-fp64-n2-row-major-AlphaSparse-SpMM-CSR-pre-plus-solve,AlphaSparse-SpMM-CSR-best-pre-plus-solve,AlphaSparseLib CSR PER MATRIX BEST,per-matrix-best,AlphaSparse-SpMM-CSR,best,pre-plus-solve,"csr-alg1,csr-alg2,csr-alg3,csr-alg4,csr-alg5",manual-selection,csr,ALPHASPARSE_SPMM_CSR_ALG3,workspace-setup,spmm.csr.fp64,fp64,A100-SXM4-80GB,A100-SXM4-80GB,,9700.0,005fdebf-9ece-5bc0-9d3c-6fda0356699d,suitesparse_all,Schenk_IBMNA/c-49,c-49,21132,21132,157042,2,row-major,N,N,1.0,0.0,20260922,main,pass,pass,0,0,628168.0,0.01325,0.0193535998464,0.0326035998464,0.0200160998464,32.45742419939754,19.266829520647565,31.383136815885702,0.3346126206123458,0.19862710846028417,0.3235374929472753,AlphaSparse 248af573c867cf4c7e05d40c611c7c34ebac4715,CUDA,13040,13000,2026-10-08T14:45:58.107769+00:00,derived,csr-alg3,0,0,,,,5,20,4,true
3,A100-SXM4-80GB-suitesparse_all-fp64-n2-row-major-AlphaSparse-SpMM-CSR-pre-plus-solve,AlphaSparse-SpMM-CSR-best-pre-plus-solve,AlphaSparseLib CSR PER MATRIX BEST,per-matrix-best,AlphaSparse-SpMM-CSR,best,pre-plus-solve,"csr-alg1,csr-alg2,csr-alg3,csr-alg4,csr-alg5",manual-selection,csr,ALPHASPARSE_SPMM_CSR_ALG5,workspace-setup,spmm.csr.fp64,fp64,A100-SXM4-80GB,A100-SXM4-80GB,,9700.0,d94c6f41-d28e-5f45-abb9-189a8a3b4f78,suitesparse_all,Schenk_IBMNA/c-50,c-50,22401,22401,193625,2,row-major,N,N,1.0,0.0,20260922,main,pass,pass,0,0,774500.0,0.0133,0.0172031998634,0.0305031998634,0.0178681998634,45.02069418188632,25.390778786107045,43.345161007877074,0.4641308678544982,0.2617606060423407,0.44685732997811417,AlphaSparse 248af573c867cf4c7e05d40c611c7c34ebac4715,CUDA,13040,13000,2026-10-06T03:35:28.806486+00:00,derived,csr-alg5,0,0,,,,5,20,4,true
3,A100-SXM4-80GB-suitesparse_all-fp64-n2-row-major-AlphaSparse-SpMM-CSR-pre-plus-solve,AlphaSparse-SpMM-CSR-best-pre-plus-solve,AlphaSparseLib CSR PER MATRIX BEST,per-matrix-best,AlphaSparse-SpMM-CSR,best,pre-plus-solve,"csr-alg1,csr-alg2,csr-alg3,csr-alg4,csr-alg5",manual-selection,csr,ALPHASPARSE_SPMM_CSR_ALG5,workspace-setup,spmm.csr.fp64,fp64,A100-SXM4-80GB,A100-SXM4-80GB,,9700.0,018f64fd-81d1-5f6a-986f-7d386c913e5c,suitesparse_all,Schenk_IBMNA/c-51,c-51,23196,23196,203050,2,row-major,N,N,1.0,0.0,20260922,main,pass,pass,0,0,812200.0,0.01384,0.0186368003488,0.0324768003488,0.0193288003488,43.580442178868786,25.008621270475935,42.02019708121328,0.449282909060503,0.25782083783995813,0.43319790805374525,AlphaSparse 248af573c867cf4c7e05d40c611c7c34ebac4715,CUDA,13040,13000,2026-10-06T23:09:59.811325+00:00,derived,csr-alg5,0,0,,,,5,20,4,true
3,A100-SXM4-80GB-suitesparse_all-fp64-n2-row-major-AlphaSparse-SpMM-CSR-pre-plus-solve,AlphaSparse-SpMM-CSR-best-pre-plus-solve,AlphaSparseLib CSR PER MATRIX BEST,per-matrix-best,AlphaSparse-SpMM-CSR,best,pre-plus-solve,"csr-alg1,csr-alg2,csr-alg3,csr-alg4,csr-alg5",manual-selection,csr,ALPHASPARSE_SPMM_CSR_ALG5,workspace-setup,spmm.csr.fp64,fp64,A100-SXM4-80GB,A100-SXM4-80GB,,9700.0,752b02ae-c4ef-54eb-ad5c-0957985c94ee,suitesparse_all,Schenk_IBMNA/c-53,c-53,30235,30235,372213,2,row-major,N,N,1.0,0.0,20260922,main,pass,pass,0,0,1488852.0,0.01507,0.0236031994224,0.0386731994224,0.0243566994224,63.07839769328238,38.49828879525386,61.12700141262798,0.6502927597245607,0.39688957520880275,0.6301752722951338,AlphaSparse 248af573c867cf4c7e05d40c611c7c34ebac4715,CUDA,13040,13000,2026-10-08T08:00:31.119012+00:00,derived,csr-alg5,0,0,,,,5,20,4,true
3,A100-SXM4-80GB-suitesparse_all-fp64-n2-row-major-AlphaSparse-SpMM-CSR-pre-plus-solve,AlphaSparse-SpMM-CSR-best-pre-plus-solve,AlphaSparseLib CSR PER MATRIX BEST,per-matrix-best,AlphaSparse-SpMM-CSR,best,pre-plus-solve,"csr-alg1,csr-alg2,csr-alg3,csr-alg4,csr-alg5",manual-selection,csr,ALPHASPARSE_SPMM_CSR_ALG3,workspace-setup,spmm.csr.fp64,fp64,A100-SXM4-80GB,A100-SXM4-80GB,,9700.0,152f8cc9-7213-5fba-8430-8cd9341fa530,suitesparse_all,Schenk_IBMNA/c-54,c-54,31793,31793,391693,2,row-major,N,N,1.0,0.0,20260922,main,pass,pass,0,0,1566772.0,0.0155,0.0271872013807,0.0426872013807,0.0279622013807,57.62902838216515,36.70355397691586,56.031783001227275,0.5941136946614964,0.37838715440119447,0.5776472474353327,AlphaSparse 248af573c867cf4c7e05d40c611c7c34ebac4715,CUDA,13040,13000,2026-10-08T00:24:55.129140+00:00,derived,csr-alg3,0,0,,,,5,20,4,true
3,A100-SXM4-80GB-suitesparse_all-fp64-n2-row-major-AlphaSparse-SpMM-CSR-pre-plus-solve,AlphaSparse-SpMM-CSR-best-pre-plus-solve,AlphaSparseLib CSR PER MATRIX BEST,per-matrix-best,AlphaSparse-SpMM-CSR,best,pre-plus-solve,"csr-alg1,csr-alg2,csr-alg3,csr-alg4,csr-alg5",manual-selection,csr,ALPHASPARSE_SPMM_CSR_ALG5,workspace-setup,spmm.csr.fp64,fp64,A100-SXM4-80GB,A100-SXM4-80GB,,9700.0,a0827285-e98d-55a9-b486-73107367c8f5,suitesparse_all,Schenk_IBMNA/c-56,c-56,35910,35910,380900,2,row-major,N,N,1.0,0.0,20260922,main,pass,pass,0,0,1523600.0,0.01784,0.0189168006182,0.0367568006182,0.0198088006182,80.5421609473503,41.45083289010728,76.91530796670958,0.8303315561582505,0.42732817412481733,0.7929413192444286,AlphaSparse 248af573c867cf4c7e05d40c611c7c34ebac4715,CUDA,13040,13000,2026-10-06T08:59:16.302957+00:00,derived,csr-alg5,0,0,,,,5,20,4,true
3,A100-SXM4-80GB-suitesparse_all-fp64-n2-row-major-AlphaSparse-SpMM-CSR-pre-plus-solve,AlphaSparse-SpMM-CSR-best-pre-plus-solve,AlphaSparseLib CSR PER MATRIX BEST,per-matrix-best,AlphaSparse-SpMM-CSR,best,pre-plus-solve,"csr-alg1,csr-alg2,csr-alg3,csr-alg4,csr-alg5",manual-selection,csr,ALPHASPARSE_SPMM_CSR_ALG5,workspace-setup,spmm.csr.fp64,fp64,A100-SXM4-80GB,A100-SXM4-80GB,,9700.0,dd6a9a30-d69d-5ea7-834e-7b0f3242a57c,suitesparse_all,Schenk_IBMNA/c-57,c-57,37833,37833,405197,2,row-major,N,N,1.0,0.0,20260922,main,pass,pass,0,0,1620788.0,0.01517,0.023398399353,0.038568399353,0.024156899353,69.26918271408135,42.02372997555909,67.09420676535282,0.7141152857121789,0.4332343296449391,0.69169285325106,AlphaSparse 248af573c867cf4c7e05d40c611c7c34ebac4715,CUDA,13040,13000,2026-10-06T22:23:30.518094+00:00,derived,csr-alg5,0,0,,,,5,20,4,true
3,A100-SXM4-80GB-suitesparse_all-fp64-n2-row-major-AlphaSparse-SpMM-CSR-pre-plus-solve,AlphaSparse-SpMM-CSR-best-pre-plus-solve,AlphaSparseLib CSR PER MATRIX BEST,per-matrix-best,AlphaSparse-SpMM-CSR,best,pre-plus-solve,"csr-alg1,csr-alg2,csr-alg3,csr-alg4,csr-alg5",manual-selection,csr,ALPHASPARSE_SPMM_CSR_ALG5,workspace-setup,spmm.csr.fp64,fp64,A100-SXM4-80GB,A100-SXM4-80GB,,9700.0,005fdebf-9ece-5bc0-9d3c-6fda0356699d,suitesparse_all,Schenk_IBMNA/c-60,c-60,43640,43640,298578,2,row-major,N,N,1.0,0.0,20260922,main,pass,pass,0,0,1194312.0,0.01546,0.0222719997168,0.0377319997168,0.0230449997168,53.623923095649026,31.652496792218468,51.825212179514,0.5528239494396806,0.326314399919778,0.534280537933134,AlphaSparse 248af573c867cf4c7e05d40c611c7c34ebac4715,CUDA,13040,13000,2026-10-08T15:33:28.232837+00:00,derived,csr-alg5,0,0,,,,5,20,4,true
3,A100-SXM4-80GB-suitesparse_all-fp64-n2-row-major-AlphaSparse-SpMM-CSR-pre-plus-solve,AlphaSparse-SpMM-CSR-best-pre-plus-solve,AlphaSparseLib CSR PER MATRIX BEST,per-matrix-best,AlphaSparse-SpMM-CSR,best,pre-plus-solve,"csr-alg1,csr-alg2,csr-alg3,csr-alg4,csr-alg5",manual-selection,csr,ALPHASPARSE_SPMM_CSR_ALG5,workspace-setup,spmm.csr.fp64,fp64,A100-SXM4-80GB,A100-SXM4-80GB,,9700.0,d94c6f41-d28e-5f45-abb9-189a8a3b4f78,suitesparse_all,Schenk_IBMNA/c-61,c-61,43618,43618,310016,2,row-major,N,N,1.0,0.0,20260922,main,pass,pass,0,0,1240064.0,0.01379,0.0226303994656,0.0364203994656,0.0233198994656,54.79638138447337,34.04861061920181,53.17621552482513,0.5649111482935399,0.35101660432166815,0.548208407472424,AlphaSparse 248af573c867cf4c7e05d40c611c7c34ebac4715,CUDA,13040,13000,2026-10-06T03:35:29.667157+00:00,derived,csr-alg5,0,0,,,,5,20,4,true
3,A100-SXM4-80GB-suitesparse_all-fp64-n2-row-major-AlphaSparse-SpMM-CSR-pre-plus-solve,AlphaSparse-SpMM-CSR-best-pre-plus-solve,AlphaSparseLib CSR PER MATRIX BEST,per-matrix-best,AlphaSparse-SpMM-CSR,best,pre-plus-solve,"csr-alg1,csr-alg2,csr-alg3,csr-alg4,csr-alg5",manual-selection,csr,ALPHASPARSE_SPMM_CSR_ALG5,workspace-setup,spmm.csr.fp64,fp64,A100-SXM4-80GB,A100-SXM4-80GB,,9700.0,152f8cc9-7213-5fba-8430-8cd9341fa530,suitesparse_all,Schenk_IBMNA/c-62,c-62,41731,41731,559343,2,row-major,N,N,1.0,0.0,20260922,main,pass,pass,0,0,2237372.0,0.02385,0.0262528002262,0.0501028002262,0.0274453002262,85.22412773960501,44.65562782716529,81.52113409435931,0.8785992550474744,0.46036729718727104,0.8404240628284465,AlphaSparse 248af573c867cf4c7e05d40c611c7c34ebac4715,CUDA,13040,13000,2026-10-08T02:20:21.007080+00:00,derived,csr-alg5,0,0,,,,5,20,4,true
3,A100-SXM4-80GB-suitesparse_all-fp64-n2-row-major-AlphaSparse-SpMM-CSR-pre-plus-solve,AlphaSparse-SpMM-CSR-best-pre-plus-solve,AlphaSparseLib CSR PER MATRIX BEST,per-matrix-best,AlphaSparse-SpMM-CSR,best,pre-plus-solve,"csr-alg1,csr-alg2,csr-alg3,csr-alg4,csr-alg5",manual-selection,csr,ALPHASPARSE_SPMM_CSR_ALG5,workspace-setup,spmm.csr.fp64,fp64,A100-SXM4-80GB,A100-SXM4-80GB,,9700.0,a0827285-e98d-55a9-b486-73107367c8f5,suitesparse_all,Schenk_IBMNA/c-64,c-64,51035,51035,717841,2,row-major,N,N,1.0,0.0,20260922,main,pass,pass,0,0,2871364.0,0.02102,0.0339455991983,0.0549655991983,0.0349965991983,84.58722390570729,52.239292246063734,82.04694358243472,0.8720332361413122,0.5385494045985952,0.8458447792003579,AlphaSparse 248af573c867cf4c7e05d40c611c7c34ebac4715,CUDA,13040,13000,2026-10-06T08:57:33.808584+00:00,derived,csr-alg5,0,0,,,,5,20,4,true
3,A100-SXM4-80GB-suitesparse_all-fp64-n2-row-major-AlphaSparse-SpMM-CSR-pre-plus-solve,AlphaSparse-SpMM-CSR-best-pre-plus-solve,AlphaSparseLib CSR PER MATRIX BEST,per-matrix-best,AlphaSparse-SpMM-CSR,best,pre-plus-solve,"csr-alg1,csr-alg2,csr-alg3,csr-alg4,csr-alg5",manual-selection,csr,ALPHASPARSE_SPMM_CSR_ALG2,workspace-setup,spmm.csr.fp64,fp64,A100-SXM4-80GB,A100-SXM4-80GB,,9700.0,018f64fd-81d1-5f6a-986f-7d386c913e5c,suitesparse_all,Schenk_IBMNA/c-65,c-65,48066,48066,360528,2,row-major,N,N,1.0,0.0,20260922,main,pass,pass,0,0,1442112.0,0.01464,0.0269823998213,0.0416223998213,0.0277143998213,53.44639504087371,34.64749765009966,52.03475483137324,0.5509937633079764,0.35719069742370785,0.5364407714574561,AlphaSparse 248af573c867cf4c7e05d40c611c7c34ebac4715,CUDA,13040,13000,2026-10-06T21:17:06.504389+00:00,derived,csr-alg2,0,0,,,,5,20,4,true
3,A100-SXM4-80GB-suitesparse_all-fp64-n2-row-major-AlphaSparse-SpMM-CSR-pre-plus-solve,AlphaSparse-SpMM-CSR-best-pre-plus-solve,AlphaSparseLib CSR PER MATRIX BEST,per-matrix-best,AlphaSparse-SpMM-CSR,best,pre-plus-solve,"csr-alg1,csr-alg2,csr-alg3,csr-alg4,csr-alg5",manual-selection,csr,ALPHASPARSE_SPMM_CSR_ALG5,workspace-setup,spmm.csr.fp64,fp64,A100-SXM4-80GB,A100-SXM4-80GB,,9700.0,dd6a9a30-d69d-5ea7-834e-7b0f3242a57c,suitesparse_all,Schenk_IBMNA/c-66,c-66,49989,49989,499007,2,row-major,N,N,1.0,0.0,20260922,main,pass,pass,0,0,1996028.0,0.01496,0.0258047997952,0.0407647997952,0.0265527997952,77.35103608016695,48.9644990292588,75.1720351674864,0.7974333616512057,0.5047886497861732,0.7749694347163547,AlphaSparse 248af573c867cf4c7e05d40c611c7c34ebac4715,CUDA,13040,13000,2026-10-06T22:21:38.746724+00:00,derived,csr-alg5,0,0,,,,5,20,4,true
3,A100-SXM4-80GB-suitesparse_all-fp64-n2-row-major-AlphaSparse-SpMM-CSR-pre-plus-solve,AlphaSparse-SpMM-CSR-best-pre-plus-solve,AlphaSparseLib CSR PER MATRIX BEST,per-matrix-best,AlphaSparse-SpMM-CSR,best,pre-plus-solve,"csr-alg1,csr-alg2,csr-alg3,csr-alg4,csr-alg5",manual-selection,csr,ALPHASPARSE_SPMM_CSR_ALG5,workspace-setup,spmm.csr.fp64,fp64,A100-SXM4-80GB,A100-SXM4-80GB,,9700.0,752b02ae-c4ef-54eb-ad5c-0957985c94ee,suitesparse_all,Schenk_IBMNA/c-66b,c-66b,49989,49989,499007,2,row-major,N,N,1.0,0.0,20260922,main,pass,pass,0,0,1996028.0,0.0144,0.0262656003237,0.0406656003237,0.0269856003237,75.99399881977729,49.08394279468464,73.96641082862982,0.7834432868018277,0.5060200288111818,0.762540317820926,AlphaSparse 248af573c867cf4c7e05d40c611c7c34ebac4715,CUDA,13040,13000,2026-10-08T08:00:40.149431+00:00,derived,csr-alg5,0,0,,,,5,20,4,true
3,A100-SXM4-80GB-suitesparse_all-fp64-n2-row-major-AlphaSparse-SpMM-CSR-pre-plus-solve,AlphaSparse-SpMM-CSR-best-pre-plus-solve,AlphaSparseLib CSR PER MATRIX BEST,per-matrix-best,AlphaSparse-SpMM-CSR,best,pre-plus-solve,"csr-alg1,csr-alg2,csr-alg3,csr-alg4,csr-alg5",manual-selection,csr,ALPHASPARSE_SPMM_CSR_ALG5,workspace-setup,spmm.csr.fp64,fp64,A100-SXM4-80GB,A100-SXM4-80GB,,9700.0,005fdebf-9ece-5bc0-9d3c-6fda0356699d,suitesparse_all,Schenk_IBMNA/c-67,c-67,57975,57975,531935,2,row-major,N,N,1.0,0.0,20260922,main,pass,pass,0,0,2127740.0,0.0148,0.0220671996474,0.0368671996474,0.0228071996474,96.42093396525256,57.71363218117532,93.29247048716745,0.9940302470644594,0.5949858987750033,0.9617780462594582,AlphaSparse 248af573c867cf4c7e05d40c611c7c34ebac4715,CUDA,13040,13000,2026-10-08T15:32:00.053397+00:00,derived,csr-alg5,0,0,,,,5,20,4,true
3,A100-SXM4-80GB-suitesparse_all-fp64-n2-row-major-AlphaSparse-SpMM-CSR-pre-plus-solve,AlphaSparse-SpMM-CSR-best-pre-plus-solve,AlphaSparseLib CSR PER MATRIX BEST,per-matrix-best,AlphaSparse-SpMM-CSR,best,pre-plus-solve,"csr-alg1,csr-alg2,csr-alg3,csr-alg4,csr-alg5",manual-selection,csr,ALPHASPARSE_SPMM_CSR_ALG5,workspace-setup,spmm.csr.fp64,fp64,A100-SXM4-80GB,A100-SXM4-80GB,,9700.0,152f8cc9-7213-5fba-8430-8cd9341fa530,suitesparse_all,Schenk_IBMNA/c-67b,c-67b,57975,57975,531935,2,row-major,N,N,1.0,0.0,20260922,main,pass,pass,0,0,2127740.0,0.02381,0.0276991993189,0.0515091993189,0.0288896993189,76.81593881120523,41.30796106588439,73.65047231931577,0.7919168949608787,0.42585526872045765,0.7592832197867605,AlphaSparse 248af573c867cf4c7e05d40c611c7c34ebac4715,CUDA,13040,13000,2026-10-08T02:22:40.293233+00:00,derived,csr-alg5,0,0,,,,5,20,4,true
3,A100-SXM4-80GB-suitesparse_all-fp64-n2-row-major-AlphaSparse-SpMM-CSR-pre-plus-solve,AlphaSparse-SpMM-CSR-best-pre-plus-solve,AlphaSparseLib CSR PER MATRIX BEST,per-matrix-best,AlphaSparse-SpMM-CSR,best,pre-plus-solve,"csr-alg1,csr-alg2,csr-alg3,csr-alg4,csr-alg5",manual-selection,csr,ALPHASPARSE_SPMM_CSR_ALG5,workspace-setup,spmm.csr.fp64,fp64,A100-SXM4-80GB,A100-SXM4-80GB,,9700.0,d94c6f41-d28e-5f45-abb9-189a8a3b4f78,suitesparse_all,Schenk_IBMNA/c-73,c-73,169422,169422,1279274,2,row-major,N,N,1.0,0.0,20260922,main,pass,pass,0,0,5117096.0,0.01941,0.0481279999018,0.0675379999018,0.0490984999018,106.32263984459946,75.76617618881576,104.22102529068107,1.096109689119582,0.7810945998846985,1.0744435596977429,AlphaSparse 248af573c867cf4c7e05d40c611c7c34ebac4715,CUDA,13040,13000,2026-10-06T03:33:44.376579+00:00,derived,csr-alg5,0,0,,,,5,20,4,true
3,A100-SXM4-80GB-suitesparse_all-fp64-n2-row-major-AlphaSparse-SpMM-CSR-pre-plus-solve,AlphaSparse-SpMM-CSR-best-pre-plus-solve,AlphaSparseLib CSR PER MATRIX BEST,per-matrix-best,AlphaSparse-SpMM-CSR,best,pre-plus-solve,"csr-alg1,csr-alg2,csr-alg3,csr-alg4,csr-alg5",manual-selection,csr,ALPHASPARSE_SPMM_CSR_ALG5,workspace-setup,spmm.csr.fp64,fp64,A100-SXM4-80GB,A100-SXM4-80GB,,9700.0,a0827285-e98d-55a9-b486-73107367c8f5,suitesparse_all,Schenk_IBMNA/c-73b,c-73b,169422,169422,1279274,2,row-major,N,N,1.0,0.0,20260922,main,pass,pass,0,0,5117096.0,0.02347,0.0484351992607,0.0719051992607,0.0496086992607,105.64829046036314,71.16447840506527,103.14916690536496,1.0891576336119912,0.7336544165470646,1.0633934732511852,AlphaSparse 248af573c867cf4c7e05d40c611c7c34ebac4715,CUDA,13040,13000,2026-10-06T08:59:25.870929+00:00,derived,csr-alg5,0,0,,,,5,20,4,true
3,A100-SXM4-80GB-suitesparse_all-fp64-n2-row-major-AlphaSparse-SpMM-CSR-pre-plus-solve,AlphaSparse-SpMM-CSR-best-pre-plus-solve,AlphaSparseLib CSR PER MATRIX BEST,per-matrix-best,AlphaSparse-SpMM-CSR,best,pre-plus-solve,"csr-alg1,csr-alg2,csr-alg3,csr-alg4,csr-alg5",manual-selection,csr,ALPHASPARSE_SPMM_CSR_ALG5,workspace-setup,spmm.csr.fp64,fp64,A100-SXM4-80GB,A100-SXM4-80GB,,9700.0,018f64fd-81d1-5f6a-986f-7d386c913e5c,suitesparse_all,Schenk_IBMSDS/2D_27628_bjtcai,2D_27628_bjtcai,27628,27628,442898,2,row-major,N,N,1.0,0.0,20260922,main,pass,pass,0,0,1771592.0,0.01437,0.0223744004965,0.0367444004965,0.0230929004965,79.17941757935047,48.21393126739811,76.71587206070132,0.8162826554572215,0.4970508378082279,0.7908852789763021,AlphaSparse 248af573c867cf4c7e05d40c611c7c34ebac4715,CUDA,13040,13000,2026-10-06T23:08:02.898481+00:00,derived,csr-alg5,0,0,,,,5,20,4,true
3,A100-SXM4-80GB-suitesparse_all-fp64-n2-row-major-AlphaSparse-SpMM-CSR-pre-plus-solve,AlphaSparse-SpMM-CSR-best-pre-plus-solve,AlphaSparseLib CSR PER MATRIX BEST,per-matrix-best,AlphaSparse-SpMM-CSR,best,pre-plus-solve,"csr-alg1,csr-alg2,csr-alg3,csr-alg4,csr-alg5",manual-selection,csr,ALPHASPARSE_SPMM_CSR_ALG5,workspace-setup,spmm.csr.fp64,fp64,A100-SXM4-80GB,A100-SXM4-80GB,,9700.0,752b02ae-c4ef-54eb-ad5c-0957985c94ee,suitesparse_all,Schenk_IBMSDS/3D_28984_Tetra,3D_28984_Tetra,28984,28984,599170,2,row-major,N,N,1.0,0.0,20260922,main,pass,pass,0,0,2396680.0,0.01338,0.0268287986517,0.0402087986517,0.0274977986517,89.33236374518525,59.605859422976565,87.15897699148474,0.9209522035586108,0.6144933961131605,0.898546154551389,AlphaSparse 248af573c867cf4c7e05d40c611c7c34ebac4715,CUDA,13040,13000,2026-10-08T07:58:13.230151+00:00,derived,csr-alg5,0,0,,,,5,20,4,true
3,A100-SXM4-80GB-suitesparse_all-fp64-n2-row-major-AlphaSparse-SpMM-CSR-pre-plus-solve,AlphaSparse-SpMM-CSR-best-pre-plus-solve,AlphaSparseLib CSR PER MATRIX BEST,per-matrix-best,AlphaSparse-SpMM-CSR,best,pre-plus-solve,"csr-alg1,csr-alg2,csr-alg3,csr-alg4,csr-alg5",manual-selection,csr,ALPHASPARSE_SPMM_CSR_ALG5,workspace-setup,spmm.csr.fp64,fp64,A100-SXM4-80GB,A100-SXM4-80GB,,9700.0,152f8cc9-7213-5fba-8430-8cd9341fa530,suitesparse_all,Schenk_IBMSDS/3D_51448_3D,3D_51448_3D,51448,51448,1056610,2,row-major,N,N,1.0,0.0,20260922,main,pass,pass,0,0,4226440.0,0.02748,0.0367040008307,0.0641840008307,0.0380780008307,115.14929992222854,65.84880881994569,110.99427248797357,1.1871061847652427,0.6788536991746978,1.1442708503914802,AlphaSparse 248af573c867cf4c7e05d40c611c7c34ebac4715,CUDA,13040,13000,2026-10-08T02:20:22.344922+00:00,derived,csr-alg5,0,0,,,,5,20,4,true
3,A100-SXM4-80GB-suitesparse_all-fp64-n2-row-major-AlphaSparse-SpMM-CSR-pre-plus-solve,AlphaSparse-SpMM-CSR-best-pre-plus-solve,AlphaSparseLib CSR PER MATRIX BEST,per-matrix-best,AlphaSparse-SpMM-CSR,best,pre-plus-solve,"csr-alg1,csr-alg2,csr-alg3,csr-alg4,csr-alg5",manual-selection,csr,ALPHASPARSE_SPMM_CSR_ALG5,workspace-setup,spmm.csr.fp64,fp64,A100-SXM4-80GB,A100-SXM4-80GB,,9700.0,a0827285-e98d-55a9-b486-73107367c8f5,suitesparse_all,Schenk_IBMSDS/ibm_matrix_2,ibm_matrix_2,51448,51448,1056610,2,row-major,N,N,1.0,0.0,20260922,main,pass,pass,0,0,4226440.0,0.01573,0.0327679991722,0.0484979991722,0.0335544991722,128.98071614899402,87.14668794878197,125.95747527954815,1.3296981046288043,0.8984194633895048,1.2985306729850326,AlphaSparse 248af573c867cf4c7e05d40c611c7c34ebac4715,CUDA,13040,13000,2026-10-06T08:57:35.004301+00:00,derived,csr-alg5,0,0,,,,5,20,4,true
3,A100-SXM4-80GB-suitesparse_all-fp64-n2-row-major-AlphaSparse-SpMM-CSR-pre-plus-solve,AlphaSparse-SpMM-CSR-best-pre-plus-solve,AlphaSparseLib CSR PER MATRIX BEST,per-matrix-best,AlphaSparse-SpMM-CSR,best,pre-plus-solve,"csr-alg1,csr-alg2,csr-alg3,csr-alg4,csr-alg5",manual-selection,csr,ALPHASPARSE_SPMM_CSR_ALG4,workspace-setup,spmm.csr.fp64,fp64,A100-SXM4-80GB,A100-SXM4-80GB,,9700.0,dd6a9a30-d69d-5ea7-834e-7b0f3242a57c,suitesparse_all,Schenk_IBMSDS/matrix_9,matrix_9,103430,103430,2121550,2,row-major,N,N,1.0,0.0,20260922,main,pass,pass,0,0,8486200.0,0.01652,0.0601087987423,0.0766287987423,0.0609347987423,141.1806620255756,110.74426507113594,139.26689141764592,1.455470742531707,1.1416934543416075,1.435741148635525,AlphaSparse 248af573c867cf4c7e05d40c611c7c34ebac4715,CUDA,13040,13000,2026-10-06T21:45:10.816377+00:00,derived,csr-alg4,0,0,,,,5,20,4,true
3,A100-SXM4-80GB-suitesparse_all-fp64-n2-row-major-AlphaSparse-SpMM-CSR-pre-plus-solve,AlphaSparse-SpMM-CSR-best-pre-plus-solve,AlphaSparseLib CSR PER MATRIX BEST,per-matrix-best,AlphaSparse-SpMM-CSR,best,pre-plus-solve,"csr-alg1,csr-alg2,csr-alg3,csr-alg4,csr-alg5",manual-selection,csr,ALPHASPARSE_SPMM_CSR_ALG5,workspace-setup,spmm.csr.fp64,fp64,A100-SXM4-80GB,A100-SXM4-80GB,,9700.0,005fdebf-9ece-5bc0-9d3c-6fda0356699d,suitesparse_all,Schenk_IBMSDS/matrix-new_3,matrix-new_3,125329,125329,2678750,2,row-major,N,N,1.0,0.0,20260922,main,pass,pass,0,0,10715000.0,0.03325,0.0873471975327,0.120597197533,0.0890096975327,122.67136556944081,88.84949417724211,120.38014168134399,1.2646532532932042,0.9159741667756918,1.2410323884674639,AlphaSparse 248af573c867cf4c7e05d40c611c7c34ebac4715,CUDA,13040,13000,2026-10-08T15:32:02.352619+00:00,derived,csr-alg5,0,0,,,,5,20,4,true
3,A100-SXM4-80GB-suitesparse_all-fp64-n2-row-major-AlphaSparse-SpMM-CSR-pre-plus-solve,AlphaSparse-SpMM-CSR-best-pre-plus-solve,AlphaSparseLib CSR PER MATRIX BEST,per-matrix-best,AlphaSparse-SpMM-CSR,best,pre-plus-solve,"csr-alg1,csr-alg2,csr-alg3,csr-alg4,csr-alg5",manual-selection,csr,ALPHASPARSE_SPMM_CSR_ALG5,workspace-setup,spmm.csr.fp64,fp64,A100-SXM4-80GB,A100-SXM4-80GB,,9700.0,752b02ae-c4ef-54eb-ad5c-0957985c94ee,suitesparse_all,Schenk_ISEI/barrier2-1,barrier2-1,113076,113076,3805068,2,row-major,N,N,1.0,0.0,20260922,main,pass,pass,0,0,15220272.0,0.04346,0.135270404816,0.178730404816,0.137443404816,112.51738338998246,85.1577101034881,110.73846737408665,1.1599730246389943,0.877914537149362,1.1416336842689345,AlphaSparse 248af573c867cf4c7e05d40c611c7c34ebac4715,CUDA,13040,13000,2026-10-08T07:58:16.303192+00:00,derived,csr-alg5,0,0,,,,5,20,4,true
3,A100-SXM4-80GB-suitesparse_all-fp64-n2-row-major-AlphaSparse-SpMM-CSR-pre-plus-solve,AlphaSparse-SpMM-CSR-best-pre-plus-solve,AlphaSparseLib CSR PER MATRIX BEST,per-matrix-best,AlphaSparse-SpMM-CSR,best,pre-plus-solve,"csr-alg1,csr-alg2,csr-alg3,csr-alg4,csr-alg5",manual-selection,csr,ALPHASPARSE_SPMM_CSR_ALG5,workspace-setup,spmm.csr.fp64,fp64,A100-SXM4-80GB,A100-SXM4-80GB,,9700.0,d94c6f41-d28e-5f45-abb9-189a8a3b4f78,suitesparse_all,Schenk_ISEI/barrier2-10,barrier2-10,115625,115625,3897557,2,row-major,N,N,1.0,0.0,20260922,main,pass,pass,0,0,15590228.0,0.02,0.120166397095,0.140166397095,0.121166397095,129.7386655245628,111.22657300974552,128.66791762221456,1.3375120157171423,1.146665701131397,1.3264733775486037,AlphaSparse 248af573c867cf4c7e05d40c611c7c34ebac4715,CUDA,13040,13000,2026-10-06T03:33:47.461386+00:00,derived,csr-alg5,0,0,,,,5,20,4,true
3,A100-SXM4-80GB-suitesparse_all-fp64-n2-row-major-AlphaSparse-SpMM-CSR-pre-plus-solve,AlphaSparse-SpMM-CSR-best-pre-plus-solve,AlphaSparseLib CSR PER MATRIX BEST,per-matrix-best,AlphaSparse-SpMM-CSR,best,pre-plus-solve,"csr-alg1,csr-alg2,csr-alg3,csr-alg4,csr-alg5",manual-selection,csr,ALPHASPARSE_SPMM_CSR_ALG5,workspace-setup,spmm.csr.fp64,fp64,A100-SXM4-80GB,A100-SXM4-80GB,,9700.0,018f64fd-81d1-5f6a-986f-7d386c913e5c,suitesparse_all,Schenk_ISEI/barrier2-11,barrier2-11,115625,115625,3897557,2,row-major,N,N,1.0,0.0,20260922,main,pass,pass,0,0,15590228.0,0.037469,0.121139204502,0.158608204502,0.123012654502,128.69680021501716,98.29395679088853,126.73678218810024,1.3267711362372905,1.0133397607308094,1.3065647648257757,AlphaSparse 248af573c867cf4c7e05d40c611c7c34ebac4715,CUDA,13040,13000,2026-10-06T23:08:06.519361+00:00,derived,csr-alg5,0,0,,,,5,20,4,true
3,A100-SXM4-80GB-suitesparse_all-fp64-n2-row-major-AlphaSparse-SpMM-CSR-pre-plus-solve,AlphaSparse-SpMM-CSR-best-pre-plus-solve,AlphaSparseLib CSR PER MATRIX BEST,per-matrix-best,AlphaSparse-SpMM-CSR,best,pre-plus-solve,"csr-alg1,csr-alg2,csr-alg3,csr-alg4,csr-alg5",manual-selection,csr,ALPHASPARSE_SPMM_CSR_ALG5,workspace-setup,spmm.csr.fp64,fp64,A100-SXM4-80GB,A100-SXM4-80GB,,9700.0,152f8cc9-7213-5fba-8430-8cd9341fa530,suitesparse_all,Schenk_ISEI/barrier2-2,barrier2-2,113076,113076,3805068,2,row-major,N,N,1.0,0.0,20260922,main,pass,pass,0,0,15220272.0,0.03801,0.11795040369,0.15596040369,0.11985090369,129.03959226796945,97.5906168481911,126.99338537628344,1.33030507492752,1.0060888334865061,1.309210158518386,AlphaSparse 248af573c867cf4c7e05d40c611c7c34ebac4715,CUDA,13040,13000,2026-10-08T02:20:25.273997+00:00,derived,csr-alg5,0,0,,,,5,20,4,true
3,A100-SXM4-80GB-suitesparse_all-fp64-n2-row-major-AlphaSparse-SpMM-CSR-pre-plus-solve,AlphaSparse-SpMM-CSR-best-pre-plus-solve,AlphaSparseLib CSR PER MATRIX BEST,per-matrix-best,AlphaSparse-SpMM-CSR,best,pre-plus-solve,"csr-alg1,csr-alg2,csr-alg3,csr-alg4,csr-alg5",manual-selection,csr,ALPHASPARSE_SPMM_CSR_ALG5,workspace-setup,spmm.csr.fp64,fp64,A100-SXM4-80GB,A100-SXM4-80GB,,9700.0,a0827285-e98d-55a9-b486-73107367c8f5,suitesparse_all,Schenk_ISEI/barrier2-3,barrier2-3,113076,113076,3805068,2,row-major,N,N,1.0,0.0,20260922,main,pass,pass,0,0,15220272.0,0.03682,0.118835198879,0.155655198879,0.120676198879,128.07881960543978,97.7819700826801,126.1248874375063,1.3204002021179357,1.0080615472441248,1.3002565715206835,AlphaSparse 248af573c867cf4c7e05d40c611c7c34ebac4715,CUDA,13040,13000,2026-10-06T08:57:37.693722+00:00,derived,csr-alg5,0,0,,,,5,20,4,true
3,A100-SXM4-80GB-suitesparse_all-fp64-n2-row-major-AlphaSparse-SpMM-CSR-pre-plus-solve,AlphaSparse-SpMM-CSR-best-pre-plus-solve,AlphaSparseLib CSR PER MATRIX BEST,per-matrix-best,AlphaSparse-SpMM-CSR,best,pre-plus-solve,"csr-alg1,csr-alg2,csr-alg3,csr-alg4,csr-alg5",manual-selection,csr,ALPHASPARSE_SPMM_CSR_ALG5,workspace-setup,spmm.csr.fp64,fp64,A100-SXM4-80GB,A100-SXM4-80GB,,9700.0,dd6a9a30-d69d-5ea7-834e-7b0f3242a57c,suitesparse_all,Schenk_ISEI/barrier2-4,barrier2-4,113076,113076,3805068,2,row-major,N,N,1.0,0.0,20260922,main,pass,pass,0,0,15220272.0,0.01997,0.117401599884,0.137371599884,0.118400099884,129.64279886337636,110.7963510132544,128.5494861483372,1.3365236996224366,1.1422304228170557,1.32525243451894,AlphaSparse 248af573c867cf4c7e05d40c611c7c34ebac4715,CUDA,13040,13000,2026-10-06T22:21:43.683322+00:00,derived,csr-alg5,0,0,,,,5,20,4,true
3,A100-SXM4-80GB-suitesparse_all-fp64-n2-row-major-AlphaSparse-SpMM-CSR-pre-plus-solve,AlphaSparse-SpMM-CSR-best-pre-plus-solve,AlphaSparseLib CSR PER MATRIX BEST,per-matrix-best,AlphaSparse-SpMM-CSR,best,pre-plus-solve,"csr-alg1,csr-alg2,csr-alg3,csr-alg4,csr-alg5",manual-selection,csr,ALPHASPARSE_SPMM_CSR_ALG5,workspace-setup,spmm.csr.fp64,fp64,A100-SXM4-80GB,A100-SXM4-80GB,,9700.0,005fdebf-9ece-5bc0-9d3c-6fda0356699d,suitesparse_all,Schenk_ISEI/barrier2-9,barrier2-9,115625,115625,3897557,2,row-major,N,N,1.0,0.0,20260922,main,pass,pass,0,0,15590228.0,0.02849,0.102758395672,0.131248395672,0.104182895672,151.7173161185124,118.78414147599332,149.642874671893,1.5640960424588908,1.224578778103024,1.5427100481638454,AlphaSparse 248af573c867cf4c7e05d40c611c7c34ebac4715,CUDA,13040,13000,2026-10-08T15:32:05.467212+00:00,derived,csr-alg5,0,0,,,,5,20,4,true
3,A100-SXM4-80GB-suitesparse_all-fp64-n2-row-major-AlphaSparse-SpMM-CSR-pre-plus-solve,AlphaSparse-SpMM-CSR-best-pre-plus-solve,AlphaSparseLib CSR PER MATRIX BEST,per-matrix-best,AlphaSparse-SpMM-CSR,best,pre-plus-solve,"csr-alg1,csr-alg2,csr-alg3,csr-alg4,csr-alg5",manual-selection,csr,ALPHASPARSE_SPMM_CSR_ALG1,workspace-setup,spmm.csr.fp64,fp64,A100-SXM4-80GB,A100-SXM4-80GB,,9700.0,d94c6f41-d28e-5f45-abb9-189a8a3b4f78,suitesparse_all,Schenk_ISEI/igbt3,igbt3,10938,10938,234006,2,row-major,N,N,1.0,0.0,20260922,main,pass,pass,0,0,936024.0,0.0184,0.0142335996032,0.0326335996032,0.0151535996032,65.76158007069154,28.682830315421743,61.76908619139831,0.6779544337184694,0.29569928160228603,0.6367947030041063,AlphaSparse 248af573c867cf4c7e05d40c611c7c34ebac4715,CUDA,13040,13000,2026-10-06T01:50:57.939440+00:00,derived,csr-alg1,0,0,,,,5,20,4,true
3,A100-SXM4-80GB-suitesparse_all-fp64-n2-row-major-AlphaSparse-SpMM-CSR-pre-plus-solve,AlphaSparse-SpMM-CSR-best-pre-plus-solve,AlphaSparseLib CSR PER MATRIX BEST,per-matrix-best,AlphaSparse-SpMM-CSR,best,pre-plus-solve,"csr-alg1,csr-alg2,csr-alg3,csr-alg4,csr-alg5",manual-selection,csr,ALPHASPARSE_SPMM_CSR_ALG1,workspace-setup,spmm.csr.fp64,fp64,A100-SXM4-80GB,A100-SXM4-80GB,,9700.0,018f64fd-81d1-5f6a-986f-7d386c913e5c,suitesparse_all,Schenk_ISEI/nmos3,nmos3,18588,18588,386594,2,row-major,N,N,1.0,0.0,20260922,main,pass,pass,0,0,1546376.0,0.01624,0.0154111996293,0.0316511996293,0.0162231996293,100.34105307804899,48.856789572313595,95.31880488033686,1.0344438461654535,0.5036782430135422,0.9826680915498645,AlphaSparse 248af573c867cf4c7e05d40c611c7c34ebac4715,CUDA,13040,13000,2026-10-06T20:27:42.138110+00:00,derived,csr-alg1,0,0,,,,5,20,4,true
3,A100-SXM4-80GB-suitesparse_all-fp64-n2-row-major-AlphaSparse-SpMM-CSR-pre-plus-solve,AlphaSparse-SpMM-CSR-best-pre-plus-solve,AlphaSparseLib CSR PER MATRIX BEST,per-matrix-best,AlphaSparse-SpMM-CSR,best,pre-plus-solve,"csr-alg1,csr-alg2,csr-alg3,csr-alg4,csr-alg5",manual-selection,csr,ALPHASPARSE_SPMM_CSR_ALG5,workspace-setup,spmm.csr.fp64,fp64,A100-SXM4-80GB,A100-SXM4-80GB,,9700.0,752b02ae-c4ef-54eb-ad5c-0957985c94ee,suitesparse_all,Schenk_ISEI/para-10,para-10,155924,155924,5416358,2,row-major,N,N,1.0,0.0,20260922,main,pass,pass,0,0,21665432.0,0.04015,0.166348803043,0.206498803043,0.168356303043,130.240985229089,104.91795439360745,128.68797668042413,1.3426905693720517,1.081628395810386,1.3266801719631354,AlphaSparse 248af573c867cf4c7e05d40c611c7c34ebac4715,CUDA,13040,13000,2026-10-08T07:58:20.171612+00:00,derived,csr-alg5,0,0,,,,5,20,4,true
3,A100-SXM4-80GB-suitesparse_all-fp64-n2-row-major-AlphaSparse-SpMM-CSR-pre-plus-solve,AlphaSparse-SpMM-CSR-best-pre-plus-solve,AlphaSparseLib CSR PER MATRIX BEST,per-matrix-best,AlphaSparse-SpMM-CSR,best,pre-plus-solve,"csr-alg1,csr-alg2,csr-alg3,csr-alg4,csr-alg5",manual-selection,csr,ALPHASPARSE_SPMM_CSR_ALG5,workspace-setup,spmm.csr.fp64,fp64,A100-SXM4-80GB,A100-SXM4-80GB,,9700.0,152f8cc9-7213-5fba-8430-8cd9341fa530,suitesparse_all,Schenk_ISEI/para-4,para-4,153226,153226,5326228,2,row-major,N,N,1.0,0.0,20260922,main,pass,pass,0,0,21304912.0,0.03651,0.163737595081,0.200247595081,0.165563095081,130.11618980638252,106.39284827057313,128.6815276651889,1.3414040186225002,1.0968334873254961,1.3266136872699885,AlphaSparse 248af573c867cf4c7e05d40c611c7c34ebac4715,CUDA,13040,13000,2026-10-08T02:20:29.300993+00:00,derived,csr-alg5,0,0,,,,5,20,4,true
3,A100-SXM4-80GB-suitesparse_all-fp64-n2-row-major-AlphaSparse-SpMM-CSR-pre-plus-solve,AlphaSparse-SpMM-CSR-best-pre-plus-solve,AlphaSparseLib CSR PER MATRIX BEST,per-matrix-best,AlphaSparse-SpMM-CSR,best,pre-plus-solve,"csr-alg1,csr-alg2,csr-alg3,csr-alg4,csr-alg5",manual-selection,csr,ALPHASPARSE_SPMM_CSR_ALG5,workspace-setup,spmm.csr.fp64,fp64,A100-SXM4-80GB,A100-SXM4-80GB,,9700.0,a0827285-e98d-55a9-b486-73107367c8f5,suitesparse_all,Schenk_ISEI/para-5,para-5,155924,155924,5416358,2,row-major,N,N,1.0,0.0,20260922,main,pass,pass,0,0,21665432.0,0.02019,0.166297602654,0.186487602654,0.167307102654,130.2810843586077,116.17625885939982,129.49499247981876,1.3431039624598733,1.1976933903030909,1.3349999224723583,AlphaSparse 248af573c867cf4c7e05d40c611c7c34ebac4715,CUDA,13040,13000,2026-10-06T08:57:41.390404+00:00,derived,csr-alg5,0,0,,,,5,20,4,true
3,A100-SXM4-80GB-suitesparse_all-fp64-n2-row-major-AlphaSparse-SpMM-CSR-pre-plus-solve,AlphaSparse-SpMM-CSR-best-pre-plus-solve,AlphaSparseLib CSR PER MATRIX BEST,per-matrix-best,AlphaSparse-SpMM-CSR,best,pre-plus-solve,"csr-alg1,csr-alg2,csr-alg3,csr-alg4,csr-alg5",manual-selection,csr,ALPHASPARSE_SPMM_CSR_ALG5,workspace-setup,spmm.csr.fp64,fp64,A100-SXM4-80GB,A100-SXM4-80GB,,9700.0,dd6a9a30-d69d-5ea7-834e-7b0f3242a57c,suitesparse_all,Schenk_ISEI/para-6,para-6,155924,155924,5416358,2,row-major,N,N,1.0,0.0,20260922,main,pass,pass,0,0,21665432.0,0.0332,0.165068805218,0.198268805218,0.166728805218,131.25091667918298,109.2730244486947,129.94414475454423,1.3531022338060101,1.1265260252442753,1.3396303582942704,AlphaSparse 248af573c867cf4c7e05d40c611c7c34ebac4715,CUDA,13040,13000,2026-10-06T22:21:47.453524+00:00,derived,csr-alg5,0,0,,,,5,20,4,true
3,A100-SXM4-80GB-suitesparse_all-fp64-n2-row-major-AlphaSparse-SpMM-CSR-pre-plus-solve,AlphaSparse-SpMM-CSR-best-pre-plus-solve,AlphaSparseLib CSR PER MATRIX BEST,per-matrix-best,AlphaSparse-SpMM-CSR,best,pre-plus-solve,"csr-alg1,csr-alg2,csr-alg3,csr-alg4,csr-alg5",manual-selection,csr,ALPHASPARSE_SPMM_CSR_ALG5,workspace-setup,spmm.csr.fp64,fp64,A100-SXM4-80GB,A100-SXM4-80GB,,9700.0,005fdebf-9ece-5bc0-9d3c-6fda0356699d,suitesparse_all,Schenk_ISEI/para-7,para-7,155924,155924,5416358,2,row-major,N,N,1.0,0.0,20260922,main,pass,pass,0,0,21665432.0,0.03341,0.164915204048,0.198325204048,0.166585704048,131.3731631056533,109.24194987721474,130.05576993423952,1.3543625062438485,1.1262056688372653,1.3407811333426756,AlphaSparse 248af573c867cf4c7e05d40c611c7c34ebac4715,CUDA,13040,13000,2026-10-08T15:32:09.238933+00:00,derived,csr-alg5,0,0,,,,5,20,4,true
3,A100-SXM4-80GB-suitesparse_all-fp64-n2-row-major-AlphaSparse-SpMM-CSR-pre-plus-solve,AlphaSparse-SpMM-CSR-best-pre-plus-solve,AlphaSparseLib CSR PER MATRIX BEST,per-matrix-best,AlphaSparse-SpMM-CSR,best,pre-plus-solve,"csr-alg1,csr-alg2,csr-alg3,csr-alg4,csr-alg5",manual-selection,csr,ALPHASPARSE_SPMM_CSR_ALG5,workspace-setup,spmm.csr.fp64,fp64,A100-SXM4-80GB,A100-SXM4-80GB,,9700.0,d94c6f41-d28e-5f45-abb9-189a8a3b4f78,suitesparse_all,Schenk_ISEI/para-8,para-8,155924,155924,5416358,2,row-major,N,N,1.0,0.0,20260922,main,pass,pass,0,0,21665432.0,0.043091,0.16737279892,0.21046379892,0.16952734892,129.44416380558667,102.94137096819824,127.7990373708016,1.334475915521512,1.0612512470948272,1.3175158491835215,AlphaSparse 248af573c867cf4c7e05d40c611c7c34ebac4715,CUDA,13040,13000,2026-10-06T03:33:52.688843+00:00,derived,csr-alg5,0,0,,,,5,20,4,true
3,A100-SXM4-80GB-suitesparse_all-fp64-n2-row-major-AlphaSparse-SpMM-CSR-pre-plus-solve,AlphaSparse-SpMM-CSR-best-pre-plus-solve,AlphaSparseLib CSR PER MATRIX BEST,per-matrix-best,AlphaSparse-SpMM-CSR,best,pre-plus-solve,"csr-alg1,csr-alg2,csr-alg3,csr-alg4,csr-alg5",manual-selection,csr,ALPHASPARSE_SPMM_CSR_ALG5,workspace-setup,spmm.csr.fp64,fp64,A100-SXM4-80GB,A100-SXM4-80GB,,9700.0,018f64fd-81d1-5f6a-986f-7d386c913e5c,suitesparse_all,Schenk_ISEI/para-9,para-9,155924,155924,5416358,2,row-major,N,N,1.0,0.0,20260922,main,pass,pass,0,0,21665432.0,0.03077,0.166348803043,0.197118803043,0.167887303043,130.240985229089,109.91052941445595,129.04747177010137,1.3426905693720517,1.133098241386144,1.3303863069082615,AlphaSparse 248af573c867cf4c7e05d40c611c7c34ebac4715,CUDA,13040,13000,2026-10-06T23:08:11.842672+00:00,derived,csr-alg5,0,0,,,,5,20,4,true
3,A100-SXM4-80GB-suitesparse_all-fp64-n2-row-major-AlphaSparse-SpMM-CSR-pre-plus-solve,AlphaSparse-SpMM-CSR-best-pre-plus-solve,AlphaSparseLib CSR PER MATRIX BEST,per-matrix-best,AlphaSparse-SpMM-CSR,best,pre-plus-solve,"csr-alg1,csr-alg2,csr-alg3,csr-alg4,csr-alg5",manual-selection,csr,ALPHASPARSE_SPMM_CSR_ALG1,workspace-setup,spmm.csr.fp64,fp64,A100-SXM4-80GB,A100-SXM4-80GB,,9700.0,a0827285-e98d-55a9-b486-73107367c8f5,suitesparse_all,Schenk/nlpkkt120,nlpkkt120,3542400,3542400,96845792,2,row-major,N,N,1.0,0.0,20260922,main,pass,pass,0,0,387383168.0,0.44314,1.27168960571,1.71482960571,1.29384660571,304.62084950652655,225.90184278956957,299.40424644652757,3.1404211289332635,2.3288849772120574,3.0866417159435833,AlphaSparse 248af573c867cf4c7e05d40c611c7c34ebac4715,CUDA,13040,13000,2026-10-06T07:08:53.926617+00:00,derived,csr-alg1,0,0,,,,5,20,4,true
3,A100-SXM4-80GB-suitesparse_all-fp64-n2-row-major-AlphaSparse-SpMM-CSR-pre-plus-solve,AlphaSparse-SpMM-CSR-best-pre-plus-solve,AlphaSparseLib CSR PER MATRIX BEST,per-matrix-best,AlphaSparse-SpMM-CSR,best,pre-plus-solve,"csr-alg1,csr-alg2,csr-alg3,csr-alg4,csr-alg5",manual-selection,csr,ALPHASPARSE_SPMM_CSR_ALG4,workspace-setup,spmm.csr.fp64,fp64,A100-SXM4-80GB,A100-SXM4-80GB,,9700.0,dd6a9a30-d69d-5ea7-834e-7b0f3242a57c,suitesparse_all,Schenk/nlpkkt160,nlpkkt160,8345600,8345600,229518112,2,row-major,N,N,1.0,0.0,20260922,main,pass,pass,0,0,918072448.0,0.40821,3.53955841064,3.94776841064,3.55996891064,259.3748545694998,232.55478855487493,257.8877712263369,2.673967572881441,2.3974720469574735,2.65863681676636,AlphaSparse 248af573c867cf4c7e05d40c611c7c34ebac4715,CUDA,13040,13000,2026-10-06T21:49:00.087905+00:00,derived,csr-alg4,0,0,,,,5,20,4,true
3,A100-SXM4-80GB-suitesparse_all-fp64-n2-row-major-AlphaSparse-SpMM-CSR-pre-plus-solve,AlphaSparse-SpMM-CSR-best-pre-plus-solve,AlphaSparseLib CSR PER MATRIX BEST,per-matrix-best,AlphaSparse-SpMM-CSR,best,pre-plus-solve,"csr-alg1,csr-alg2,csr-alg3,csr-alg4,csr-alg5",manual-selection,csr,ALPHASPARSE_SPMM_CSR_ALG1,workspace-setup,spmm.csr.fp64,fp64,A100-SXM4-80GB,A100-SXM4-80GB,,9700.0,005fdebf-9ece-5bc0-9d3c-6fda0356699d,suitesparse_all,Schenk/nlpkkt200,nlpkkt200,16240000,16240000,448225632,2,row-major,N,N,1.0,0.0,20260922,main,pass,pass,0,0,1792902528.0,0.37372,17.0570755005,17.4307955005,17.0757615005,105.11195356715423,102.85833070261026,104.99692959212985,1.0836283872902497,1.06039516188258,1.0824425731147407,AlphaSparse 248af573c867cf4c7e05d40c611c7c34ebac4715,CUDA,13040,13000,2026-10-08T13:59:11.064809+00:00,derived,csr-alg1,0,0,,,,5,20,4,true
3,A100-SXM4-80GB-suitesparse_all-fp64-n2-row-major-AlphaSparse-SpMM-CSR-pre-plus-solve,AlphaSparse-SpMM-CSR-best-pre-plus-solve,AlphaSparseLib CSR PER MATRIX BEST,per-matrix-best,AlphaSparse-SpMM-CSR,best,pre-plus-solve,"csr-alg1,csr-alg2,csr-alg3,csr-alg4,csr-alg5",manual-selection,csr,ALPHASPARSE_SPMM_CSR_ALG1,workspace-setup,spmm.csr.fp64,fp64,A100-SXM4-80GB,A100-SXM4-80GB,,9700.0,d94c6f41-d28e-5f45-abb9-189a8a3b4f78,suitesparse_all,Schenk/nlpkkt240,nlpkkt240,27993600,27993600,774472352,2,row-major,N,N,1.0,0.0,20260922,main,pass,pass,0,0,3097889408.0,0.46972,10.1111297607,10.5808497607,10.1346157607,306.3841016105732,292.7826666159044,305.6740858408261,3.1585989856760124,3.01837800634953,3.1512792354724337,AlphaSparse 248af573c867cf4c7e05d40c611c7c34ebac4715,CUDA,13040,13000,2026-10-06T01:58:19.850564+00:00,derived,csr-alg1,0,0,,,,5,20,4,true
3,A100-SXM4-80GB-suitesparse_all-fp64-n2-row-major-AlphaSparse-SpMM-CSR-pre-plus-solve,AlphaSparse-SpMM-CSR-best-pre-plus-solve,AlphaSparseLib CSR PER MATRIX BEST,per-matrix-best,AlphaSparse-SpMM-CSR,best,pre-plus-solve,"csr-alg1,csr-alg2,csr-alg3,csr-alg4,csr-alg5",manual-selection,csr,ALPHASPARSE_SPMM_CSR_ALG4,workspace-setup,spmm.csr.fp64,fp64,A100-SXM4-80GB,A100-SXM4-80GB,,9700.0,152f8cc9-7213-5fba-8430-8cd9341fa530,suitesparse_all,Schenk/nlpkkt80,nlpkkt80,1062400,1062400,28704672,2,row-major,N,N,1.0,0.0,20260922,main,pass,pass,0,0,114818688.0,0.362081,0.532582378387,0.894663378387,0.550686428387,215.58859748184764,128.3373062693234,208.50103086126921,2.2225628606376047,1.3230650130858082,2.1494951635182393,AlphaSparse 248af573c867cf4c7e05d40c611c7c34ebac4715,CUDA,13040,13000,2026-10-08T01:25:04.163825+00:00,derived,csr-alg4,0,0,,,,5,20,4,true
3,A100-SXM4-80GB-suitesparse_all-fp64-n2-row-major-AlphaSparse-SpMM-CSR-pre-plus-solve,AlphaSparse-SpMM-CSR-best-pre-plus-solve,AlphaSparseLib CSR PER MATRIX BEST,per-matrix-best,AlphaSparse-SpMM-CSR,best,pre-plus-solve,"csr-alg1,csr-alg2,csr-alg3,csr-alg4,csr-alg5",manual-selection,csr,ALPHASPARSE_SPMM_CSR_ALG1,workspace-setup,spmm.csr.fp64,fp64,A100-SXM4-80GB,A100-SXM4-80GB,,9700.0,018f64fd-81d1-5f6a-986f-7d386c913e5c,suitesparse_all,Schmid/thermal1,thermal1,82654,82654,574458,2,row-major,N,N,1.0,0.0,20260922,main,pass,pass,0,0,2297832.0,0.01549,0.0158720001578,0.0313620001578,0.0166465001578,144.77268001227768,73.26803100689702,138.03694339457365,1.492501855796677,0.7553405258442992,1.4230612721090068,AlphaSparse 248af573c867cf4c7e05d40c611c7c34ebac4715,CUDA,13040,13000,2026-10-06T20:29:04.717106+00:00,derived,csr-alg1,0,0,,,,5,20,4,true
3,A100-SXM4-80GB-suitesparse_all-fp64-n2-row-major-AlphaSparse-SpMM-CSR-pre-plus-solve,AlphaSparse-SpMM-CSR-best-pre-plus-solve,AlphaSparseLib CSR PER MATRIX BEST,per-matrix-best,AlphaSparse-SpMM-CSR,best,pre-plus-solve,"csr-alg1,csr-alg2,csr-alg3,csr-alg4,csr-alg5",manual-selection,csr,ALPHASPARSE_SPMM_CSR_ALG2,workspace-setup,spmm.csr.fp64,fp64,A100-SXM4-80GB,A100-SXM4-80GB,,9700.0,005fdebf-9ece-5bc0-9d3c-6fda0356699d,suitesparse_all,Schulthess/N_biocarta,N_biocarta,1922,1996,4335,2,row-major,N,N,1.0,0.0,20260922,main,pass,pass,0,0,17340.0,0.01214,0.0124416001141,0.0245816001141,0.0130486001141,1.3937114069715733,0.7054056660068188,1.3288781822092024,0.014368158834758487,0.007272223360895039,0.013699775074321675,AlphaSparse 248af573c867cf4c7e05d40c611c7c34ebac4715,CUDA,13040,13000,2026-10-08T14:33:10.339015+00:00,derived,csr-alg2,0,0,,,,5,20,4,true
3,A100-SXM4-80GB-suitesparse_all-fp64-n2-row-major-AlphaSparse-SpMM-CSR-pre-plus-solve,AlphaSparse-SpMM-CSR-best-pre-plus-solve,AlphaSparseLib CSR PER MATRIX BEST,per-matrix-best,AlphaSparse-SpMM-CSR,best,pre-plus-solve,"csr-alg1,csr-alg2,csr-alg3,csr-alg4,csr-alg5",manual-selection,csr,ALPHASPARSE_SPMM_CSR_ALG5,workspace-setup,spmm.csr.fp64,fp64,A100-SXM4-80GB,A100-SXM4-80GB,,9700.0,d94c6f41-d28e-5f45-abb9-189a8a3b4f78,suitesparse_all,Schulthess/N_pid,N_pid,3625,3923,8054,2,row-major,N,N,1.0,0.0,20260922,main,pass,pass,0,0,32216.0,0.01201,0.0120832003653,0.0240932003653,0.0126837003653,2.6661810634636565,1.3371407497361283,2.5399527797216312,0.02748640271612017,0.013784956182846683,0.026185080203315787,AlphaSparse 248af573c867cf4c7e05d40c611c7c34ebac4715,CUDA,13040,13000,2026-10-06T03:52:20.620719+00:00,derived,csr-alg5,0,0,,,,5,20,4,true
3,A100-SXM4-80GB-suitesparse_all-fp64-n2-row-major-AlphaSparse-SpMM-CSR-pre-plus-solve,AlphaSparse-SpMM-CSR-best-pre-plus-solve,AlphaSparseLib CSR PER MATRIX BEST,per-matrix-best,AlphaSparse-SpMM-CSR,best,pre-plus-solve,"csr-alg1,csr-alg2,csr-alg3,csr-alg4,csr-alg5",manual-selection,csr,ALPHASPARSE_SPMM_CSR_ALG5,workspace-setup,spmm.csr.fp64,fp64,A100-SXM4-80GB,A100-SXM4-80GB,,9700.0,018f64fd-81d1-5f6a-986f-7d386c913e5c,suitesparse_all,Schulthess/N_reactome,N_reactome,10204,16559,43816,2,row-major,N,N,1.0,0.0,20260922,main,pass,pass,0,0,175264.0,0.014871,0.0154111996293,0.0302821996293,0.0161547496293,11.37250857920142,5.7876905292712175,10.849069408177163,0.11724235648661258,0.059666912672899156,0.11184607637296044,AlphaSparse 248af573c867cf4c7e05d40c611c7c34ebac4715,CUDA,13040,13000,2026-10-06T23:18:27.959457+00:00,derived,csr-alg5,0,0,,,,5,20,4,true
3,A100-SXM4-80GB-suitesparse_all-fp64-n2-row-major-AlphaSparse-SpMM-CSR-pre-plus-solve,AlphaSparse-SpMM-CSR-best-pre-plus-solve,AlphaSparseLib CSR PER MATRIX BEST,per-matrix-best,AlphaSparse-SpMM-CSR,best,pre-plus-solve,"csr-alg1,csr-alg2,csr-alg3,csr-alg4,csr-alg5",manual-selection,csr,ALPHASPARSE_SPMM_CSR_ALG3,workspace-setup,spmm.csr.fp64,fp64,A100-SXM4-80GB,A100-SXM4-80GB,,9700.0,752b02ae-c4ef-54eb-ad5c-0957985c94ee,suitesparse_all,Shen/shermanACa,shermanACa,3432,3432,25220,2,row-major,N,N,1.0,0.0,20260922,main,pass,pass,0,0,100880.0,0.01344,0.0158224001527,0.0292624001527,0.0164944001527,6.375770997220383,3.447427397396585,6.116015075788419,0.06572959790948849,0.03554048863295449,0.06305170181225174,AlphaSparse 248af573c867cf4c7e05d40c611c7c34ebac4715,CUDA,13040,13000,2026-10-08T05:54:03.289089+00:00,derived,csr-alg3,0,0,,,,5,20,4,true
3,A100-SXM4-80GB-suitesparse_all-fp64-n2-row-major-AlphaSparse-SpMM-CSR-pre-plus-solve,AlphaSparse-SpMM-CSR-best-pre-plus-solve,AlphaSparseLib CSR PER MATRIX BEST,per-matrix-best,AlphaSparse-SpMM-CSR,best,pre-plus-solve,"csr-alg1,csr-alg2,csr-alg3,csr-alg4,csr-alg5",manual-selection,csr,ALPHASPARSE_SPMM_CSR_ALG5,workspace-setup,spmm.csr.fp64,fp64,A100-SXM4-80GB,A100-SXM4-80GB,,9700.0,152f8cc9-7213-5fba-8430-8cd9341fa530,suitesparse_all,Shen/shermanACb,shermanACb,18510,18510,145149,2,row-major,N,N,1.0,0.0,20260922,main,pass,pass,0,0,580596.0,0.02177,0.016883200407,0.038653200407,0.017971700407,34.388977563713404,15.020644963071556,32.306125010511366,0.3545255418939526,0.15485200992857276,0.33305283515991096,AlphaSparse 248af573c867cf4c7e05d40c611c7c34ebac4715,CUDA,13040,13000,2026-10-08T02:20:07.946049+00:00,derived,csr-alg5,0,0,,,,5,20,4,true
3,A100-SXM4-80GB-suitesparse_all-fp64-n2-row-major-AlphaSparse-SpMM-CSR-pre-plus-solve,AlphaSparse-SpMM-CSR-best-pre-plus-solve,AlphaSparseLib CSR PER MATRIX BEST,per-matrix-best,AlphaSparse-SpMM-CSR,best,pre-plus-solve,"csr-alg1,csr-alg2,csr-alg3,csr-alg4,csr-alg5",manual-selection,csr,ALPHASPARSE_SPMM_CSR_ALG2,workspace-setup,spmm.csr.fp64,fp64,A100-SXM4-80GB,A100-SXM4-80GB,,9700.0,a0827285-e98d-55a9-b486-73107367c8f5,suitesparse_all,Shen/shermanACd,shermanACd,6136,6136,53329,2,row-major,N,N,1.0,0.0,20260922,main,pass,pass,0,0,213316.0,0.01731,0.017049600184,0.034359600184,0.017915100184,12.511495735846282,6.208337665679049,11.907050354678608,0.12898449212212662,0.06400348108947473,0.12275309643998565,AlphaSparse 248af573c867cf4c7e05d40c611c7c34ebac4715,CUDA,13040,13000,2026-10-06T07:33:18.684022+00:00,derived,csr-alg2,0,0,,,,5,20,4,true
3,A100-SXM4-80GB-suitesparse_all-fp64-n2-row-major-AlphaSparse-SpMM-CSR-pre-plus-solve,AlphaSparse-SpMM-CSR-best-pre-plus-solve,AlphaSparseLib CSR PER MATRIX BEST,per-matrix-best,AlphaSparse-SpMM-CSR,best,pre-plus-solve,"csr-alg1,csr-alg2,csr-alg3,csr-alg4,csr-alg5",manual-selection,csr,ALPHASPARSE_SPMM_CSR_ALG1,workspace-setup,spmm.csr.fp64,fp64,A100-SXM4-80GB,A100-SXM4-80GB,,9700.0,d94c6f41-d28e-5f45-abb9-189a8a3b4f78,suitesparse_all,Shyy/shyy161,shyy161,76480,76480,329762,2,row-major,N,N,1.0,0.0,20260922,main,pass,pass,0,0,1319048.0,0.01752,0.00921600013971,0.0267360001397,0.0100920001397,143.12586588583824,49.336026073749146,130.70233667666307,1.4755243905756519,0.5086188255025684,1.3474467698625057,AlphaSparse 248af573c867cf4c7e05d40c611c7c34ebac4715,CUDA,13040,13000,2026-10-06T01:50:26.700714+00:00,derived,csr-alg1,0,0,,,,5,20,4,true
3,A100-SXM4-80GB-suitesparse_all-fp64-n2-row-major-AlphaSparse-SpMM-CSR-pre-plus-solve,AlphaSparse-SpMM-CSR-best-pre-plus-solve,AlphaSparseLib CSR PER MATRIX BEST,per-matrix-best,AlphaSparse-SpMM-CSR,best,pre-plus-solve,"csr-alg1,csr-alg2,csr-alg3,csr-alg4,csr-alg5",manual-selection,csr,ALPHASPARSE_SPMM_CSR_ALG1,workspace-setup,spmm.csr.fp64,fp64,A100-SXM4-80GB,A100-SXM4-80GB,,9700.0,018f64fd-81d1-5f6a-986f-7d386c913e5c,suitesparse_all,Shyy/shyy41,shyy41,4720,4720,20042,2,row-major,N,N,1.0,0.0,20260922,main,pass,pass,0,0,80168.0,0.01515,0.00593920014799,0.021089200148,0.00669670014799,13.498113887798715,3.8013769814595246,11.971269166659978,0.1391558132762754,0.0391894534171085,0.123415146048041,AlphaSparse 248af573c867cf4c7e05d40c611c7c34ebac4715,CUDA,13040,13000,2026-10-06T20:26:55.197645+00:00,derived,csr-alg1,0,0,,,,5,20,4,true
3,A100-SXM4-80GB-suitesparse_all-fp64-n2-row-major-AlphaSparse-SpMM-CSR-pre-plus-solve,AlphaSparse-SpMM-CSR-best-pre-plus-solve,AlphaSparseLib CSR PER MATRIX BEST,per-matrix-best,AlphaSparse-SpMM-CSR,best,pre-plus-solve,"csr-alg1,csr-alg2,csr-alg3,csr-alg4,csr-alg5",manual-selection,csr,ALPHASPARSE_SPMM_CSR_ALG1,workspace-setup,spmm.csr.fp64,fp64,A100-SXM4-80GB,A100-SXM4-80GB,,9700.0,752b02ae-c4ef-54eb-ad5c-0957985c94ee,suitesparse_all,Simon/bbmat,bbmat,38744,38744,1771722,2,row-major,N,N,1.0,0.0,20260922,main,pass,pass,0,0,7086888.0,0.0188,0.0429567992687,0.0617567992687,0.0438967992687,164.9770960743759,114.75478139929808,161.4442993125744,1.7007948048904733,1.1830389834979183,1.6643742197172617,AlphaSparse 248af573c867cf4c7e05d40c611c7c34ebac4715,CUDA,13040,13000,2026-10-08T03:32:15.596827+00:00,derived,csr-alg1,0,0,,,,5,20,4,true
3,A100-SXM4-80GB-suitesparse_all-fp64-n2-row-major-AlphaSparse-SpMM-CSR-pre-plus-solve,AlphaSparse-SpMM-CSR-best-pre-plus-solve,AlphaSparseLib CSR PER MATRIX BEST,per-matrix-best,AlphaSparse-SpMM-CSR,best,pre-plus-solve,"csr-alg1,csr-alg2,csr-alg3,csr-alg4,csr-alg5",manual-selection,csr,ALPHASPARSE_SPMM_CSR_ALG1,workspace-setup,spmm.csr.fp64,fp64,A100-SXM4-80GB,A100-SXM4-80GB,,9700.0,152f8cc9-7213-5fba-8430-8cd9341fa530,suitesparse_all,Simon/olafu,olafu,16146,16146,1015156,2,row-major,N,N,1.0,0.0,20260922,main,pass,pass,0,0,4060624.0,0.02299,0.0286720007658,0.0516620007658,0.0298215007658,141.62332211024204,78.59982075429247,136.16430748706046,1.4600342485591964,0.8103074304566233,1.403755747289283,AlphaSparse 248af573c867cf4c7e05d40c611c7c34ebac4715,CUDA,13040,13000,2026-10-07T22:25:44.465702+00:00,derived,csr-alg1,0,0,,,,5,20,4,true
3,A100-SXM4-80GB-suitesparse_all-fp64-n2-row-major-AlphaSparse-SpMM-CSR-pre-plus-solve,AlphaSparse-SpMM-CSR-best-pre-plus-solve,AlphaSparseLib CSR PER MATRIX BEST,per-matrix-best,AlphaSparse-SpMM-CSR,best,pre-plus-solve,"csr-alg1,csr-alg2,csr-alg3,csr-alg4,csr-alg5",manual-selection,csr,ALPHASPARSE_SPMM_CSR_ALG5,workspace-setup,spmm.csr.fp64,fp64,A100-SXM4-80GB,A100-SXM4-80GB,,9700.0,a0827285-e98d-55a9-b486-73107367c8f5,suitesparse_all,Simon/raefsky1,raefsky1,3242,3242,294276,2,row-major,N,N,1.0,0.0,20260922,main,pass,pass,0,0,1177104.0,0.01647,0.0198144003749,0.0362844003749,0.0206379003749,59.406491124056565,32.44104871068147,57.03603460706712,0.6124380528253254,0.3344438011410461,0.5880003567738878,AlphaSparse 248af573c867cf4c7e05d40c611c7c34ebac4715,CUDA,13040,13000,2026-10-06T08:57:10.919983+00:00,derived,csr-alg5,0,0,,,,5,20,4,true
3,A100-SXM4-80GB-suitesparse_all-fp64-n2-row-major-AlphaSparse-SpMM-CSR-pre-plus-solve,AlphaSparse-SpMM-CSR-best-pre-plus-solve,AlphaSparseLib CSR PER MATRIX BEST,per-matrix-best,AlphaSparse-SpMM-CSR,best,pre-plus-solve,"csr-alg1,csr-alg2,csr-alg3,csr-alg4,csr-alg5",manual-selection,csr,ALPHASPARSE_SPMM_CSR_ALG2,workspace-setup,spmm.csr.fp64,fp64,A100-SXM4-80GB,A100-SXM4-80GB,,9700.0,dd6a9a30-d69d-5ea7-834e-7b0f3242a57c,suitesparse_all,Simon/raefsky2,raefsky2,3242,3242,294276,2,row-major,N,N,1.0,0.0,20260922,main,pass,pass,0,0,1177104.0,0.01481,0.0184832006693,0.0332932006693,0.0192237006693,63.68507387116841,35.35568753788877,61.23191472076029,0.6565471533110145,0.3644916241019461,0.6312568527913431,AlphaSparse 248af573c867cf4c7e05d40c611c7c34ebac4715,CUDA,13040,13000,2026-10-06T20:28:36.884534+00:00,derived,csr-alg2,0,0,,,,5,20,4,true
3,A100-SXM4-80GB-suitesparse_all-fp64-n2-row-major-AlphaSparse-SpMM-CSR-pre-plus-solve,AlphaSparse-SpMM-CSR-best-pre-plus-solve,AlphaSparseLib CSR PER MATRIX BEST,per-matrix-best,AlphaSparse-SpMM-CSR,best,pre-plus-solve,"csr-alg1,csr-alg2,csr-alg3,csr-alg4,csr-alg5",manual-selection,csr,ALPHASPARSE_SPMM_CSR_ALG1,workspace-setup,spmm.csr.fp64,fp64,A100-SXM4-80GB,A100-SXM4-80GB,,9700.0,005fdebf-9ece-5bc0-9d3c-6fda0356699d,suitesparse_all,Simon/raefsky3,raefsky3,21200,21200,1488768,2,row-major,N,N,1.0,0.0,20260922,main,pass,pass,0,0,5955072.0,0.01316,0.0278016000986,0.0409616000986,0.0284596000986,214.1988942679554,145.381820672663,209.2465101184941,2.2082360233809837,1.4987816564192062,2.1571805166855063,AlphaSparse 248af573c867cf4c7e05d40c611c7c34ebac4715,CUDA,13040,13000,2026-10-08T13:54:04.310672+00:00,derived,csr-alg1,0,0,,,,5,20,4,true
3,A100-SXM4-80GB-suitesparse_all-fp64-n2-row-major-AlphaSparse-SpMM-CSR-pre-plus-solve,AlphaSparse-SpMM-CSR-best-pre-plus-solve,AlphaSparseLib CSR PER MATRIX BEST,per-matrix-best,AlphaSparse-SpMM-CSR,best,pre-plus-solve,"csr-alg1,csr-alg2,csr-alg3,csr-alg4,csr-alg5",manual-selection,csr,ALPHASPARSE_SPMM_CSR_ALG5,workspace-setup,spmm.csr.fp64,fp64,A100-SXM4-80GB,A100-SXM4-80GB,,9700.0,d94c6f41-d28e-5f45-abb9-189a8a3b4f78,suitesparse_all,Simon/raefsky4,raefsky4,19779,19779,1328611,2,row-major,N,N,1.0,0.0,20260922,main,pass,pass,0,0,5314444.0,0.01786,0.0396800011396,0.0575400011396,0.0405730011396,133.93255663736036,92.36086017979777,130.98473986961255,1.3807480065707254,0.9521738162865748,1.3503581429856966,AlphaSparse 248af573c867cf4c7e05d40c611c7c34ebac4715,CUDA,13040,13000,2026-10-06T03:33:12.975364+00:00,derived,csr-alg5,0,0,,,,5,20,4,true
3,A100-SXM4-80GB-suitesparse_all-fp64-n2-row-major-AlphaSparse-SpMM-CSR-pre-plus-solve,AlphaSparse-SpMM-CSR-best-pre-plus-solve,AlphaSparseLib CSR PER MATRIX BEST,per-matrix-best,AlphaSparse-SpMM-CSR,best,pre-plus-solve,"csr-alg1,csr-alg2,csr-alg3,csr-alg4,csr-alg5",manual-selection,csr,ALPHASPARSE_SPMM_CSR_ALG5,workspace-setup,spmm.csr.fp64,fp64,A100-SXM4-80GB,A100-SXM4-80GB,,9700.0,018f64fd-81d1-5f6a-986f-7d386c913e5c,suitesparse_all,Simon/raefsky5,raefsky5,6316,6316,168658,2,row-major,N,N,1.0,0.0,20260922,main,pass,pass,0,0,674632.0,0.014069,0.0151040002704,0.0291730002704,0.0158074502704,44.66578309867401,23.1252183096336,42.67810358152901,0.4604719907079795,0.23840431247044946,0.4399804492941135,AlphaSparse 248af573c867cf4c7e05d40c611c7c34ebac4715,CUDA,13040,13000,2026-10-06T23:07:19.210791+00:00,derived,csr-alg5,0,0,,,,5,20,4,true
3,A100-SXM4-80GB-suitesparse_all-fp64-n2-row-major-AlphaSparse-SpMM-CSR-pre-plus-solve,AlphaSparse-SpMM-CSR-best-pre-plus-solve,AlphaSparseLib CSR PER MATRIX BEST,per-matrix-best,AlphaSparse-SpMM-CSR,best,pre-plus-solve,"csr-alg1,csr-alg2,csr-alg3,csr-alg4,csr-alg5",manual-selection,csr,ALPHASPARSE_SPMM_CSR_ALG1,workspace-setup,spmm.csr.fp64,fp64,A100-SXM4-80GB,A100-SXM4-80GB,,9700.0,752b02ae-c4ef-54eb-ad5c-0957985c94ee,suitesparse_all,Simon/venkat01,venkat01,62424,62424,1717792,2,row-major,N,N,1.0,0.0,20260922,main,pass,pass,0,0,6871168.0,0.02375,0.0291328012943,0.0528828012943,0.0303203012943,235.85675577804403,129.9319973947865,226.6193839337517,2.4315129461654026,1.339505127781304,2.3362823085953783,AlphaSparse 248af573c867cf4c7e05d40c611c7c34ebac4715,CUDA,13040,13000,2026-10-08T03:32:17.621478+00:00,derived,csr-alg1,0,0,,,,5,20,4,true
3,A100-SXM4-80GB-suitesparse_all-fp64-n2-row-major-AlphaSparse-SpMM-CSR-pre-plus-solve,AlphaSparse-SpMM-CSR-best-pre-plus-solve,AlphaSparseLib CSR PER MATRIX BEST,per-matrix-best,AlphaSparse-SpMM-CSR,best,pre-plus-solve,"csr-alg1,csr-alg2,csr-alg3,csr-alg4,csr-alg5",manual-selection,csr,ALPHASPARSE_SPMM_CSR_ALG1,workspace-setup,spmm.csr.fp64,fp64,A100-SXM4-80GB,A100-SXM4-80GB,,9700.0,152f8cc9-7213-5fba-8430-8cd9341fa530,suitesparse_all,Simon/venkat25,venkat25,62424,62424,1717792,2,row-major,N,N,1.0,0.0,20260922,main,pass,pass,0,0,6871168.0,0.02472,0.0311295986176,0.0558495986176,0.0323655986176,220.72780585468874,123.02985464670242,212.29849882225093,2.275544390254523,1.2683490169763136,2.188644317755164,AlphaSparse 248af573c867cf4c7e05d40c611c7c34ebac4715,CUDA,13040,13000,2026-10-07T22:25:46.223005+00:00,derived,csr-alg1,0,0,,,,5,20,4,true
3,A100-SXM4-80GB-suitesparse_all-fp64-n2-row-major-AlphaSparse-SpMM-CSR-pre-plus-solve,AlphaSparse-SpMM-CSR-best-pre-plus-solve,AlphaSparseLib CSR PER MATRIX BEST,per-matrix-best,AlphaSparse-SpMM-CSR,best,pre-plus-solve,"csr-alg1,csr-alg2,csr-alg3,csr-alg4,csr-alg5",manual-selection,csr,ALPHASPARSE_SPMM_CSR_ALG1,workspace-setup,spmm.csr.fp64,fp64,A100-SXM4-80GB,A100-SXM4-80GB,,9700.0,a0827285-e98d-55a9-b486-73107367c8f5,suitesparse_all,Simon/venkat50,venkat50,62424,62424,1717792,2,row-major,N,N,1.0,0.0,20260922,main,pass,pass,0,0,6871168.0,0.026131,0.030105599761,0.056236599761,0.031412149761,228.23554602958572,122.18320505154625,218.74236727761155,2.352943773500884,1.2596206706344975,2.255075951315583,AlphaSparse 248af573c867cf4c7e05d40c611c7c34ebac4715,CUDA,13040,13000,2026-10-06T07:04:39.583279+00:00,derived,csr-alg1,0,0,,,,5,20,4,true
3,A100-SXM4-80GB-suitesparse_all-fp64-n2-row-major-AlphaSparse-SpMM-CSR-pre-plus-solve,AlphaSparse-SpMM-CSR-best-pre-plus-solve,AlphaSparseLib CSR PER MATRIX BEST,per-matrix-best,AlphaSparse-SpMM-CSR,best,pre-plus-solve,"csr-alg1,csr-alg2,csr-alg3,csr-alg4,csr-alg5",manual-selection,csr,ALPHASPARSE_SPMM_CSR_ALG1,workspace-setup,spmm.csr.fp64,fp64,A100-SXM4-80GB,A100-SXM4-80GB,,9700.0,005fdebf-9ece-5bc0-9d3c-6fda0356699d,suitesparse_all,Sinclair/3Dspectralwave,3Dspectralwave,680943,680943,33650589,2,row-major,N,N,1.0,0.0,20260922,main,pass,pass,0,0,134602356.0,0.4147,0.775321578979,1.19002157898,0.796056578979,173.60842216884276,113.10917245330236,169.08641867219694,1.7897775481323996,1.1660739428175502,1.7431589553834737,AlphaSparse 248af573c867cf4c7e05d40c611c7c34ebac4715,CUDA,13040,13000,2026-10-08T13:56:43.286809+00:00,derived,csr-alg1,0,0,,,,5,20,4,true
3,A100-SXM4-80GB-suitesparse_all-fp64-n2-row-major-AlphaSparse-SpMM-CSR-pre-plus-solve,AlphaSparse-SpMM-CSR-best-pre-plus-solve,AlphaSparseLib CSR PER MATRIX BEST,per-matrix-best,AlphaSparse-SpMM-CSR,best,pre-plus-solve,"csr-alg1,csr-alg2,csr-alg3,csr-alg4,csr-alg5",manual-selection,csr,ALPHASPARSE_SPMM_CSR_ALG1,workspace-setup,spmm.csr.fp64,fp64,A100-SXM4-80GB,A100-SXM4-80GB,,9700.0,d94c6f41-d28e-5f45-abb9-189a8a3b4f78,suitesparse_all,Sinclair/3Dspectralwave2,3Dspectralwave2,292008,292008,14322744,2,row-major,N,N,1.0,0.0,20260922,main,pass,pass,0,0,57290976.0,0.04863,0.35599360466,0.40462360466,0.35842510466,160.9325989288967,141.5907904041853,159.84085728131652,1.659098958029863,1.4596988701462401,1.6478438894981084,AlphaSparse 248af573c867cf4c7e05d40c611c7c34ebac4715,CUDA,13040,13000,2026-10-06T01:53:39.465955+00:00,derived,csr-alg1,0,0,,,,5,20,4,true
3,A100-SXM4-80GB-suitesparse_all-fp64-n2-row-major-AlphaSparse-SpMM-CSR-pre-plus-solve,AlphaSparse-SpMM-CSR-best-pre-plus-solve,AlphaSparseLib CSR PER MATRIX BEST,per-matrix-best,AlphaSparse-SpMM-CSR,best,pre-plus-solve,"csr-alg1,csr-alg2,csr-alg3,csr-alg4,csr-alg5",manual-selection,csr,ALPHASPARSE_SPMM_CSR_ALG1,workspace-setup,spmm.csr.fp64,fp64,A100-SXM4-80GB,A100-SXM4-80GB,,9700.0,005fdebf-9ece-5bc0-9d3c-6fda0356699d,suitesparse_all,SNAP/amazon0302,amazon0302,262111,262111,1234877,2,row-major,N,N,1.0,0.0,20260922,main,pass,pass,0,0,4939508.0,0.01665,0.0312831997871,0.0479331997871,0.0321156997871,157.89650782580318,103.04982813455618,153.80353013463107,1.6277990497505483,1.0623693622119192,1.5856034034498048,AlphaSparse 248af573c867cf4c7e05d40c611c7c34ebac4715,CUDA,13040,13000,2026-10-08T14:00:49.610904+00:00,derived,csr-alg1,0,0,,,,5,20,4,true
3,A100-SXM4-80GB-suitesparse_all-fp64-n2-row-major-AlphaSparse-SpMM-CSR-pre-plus-solve,AlphaSparse-SpMM-CSR-best-pre-plus-solve,AlphaSparseLib CSR PER MATRIX BEST,per-matrix-best,AlphaSparse-SpMM-CSR,best,pre-plus-solve,"csr-alg1,csr-alg2,csr-alg3,csr-alg4,csr-alg5",manual-selection,csr,ALPHASPARSE_SPMM_CSR_ALG1,workspace-setup,spmm.csr.fp64,fp64,A100-SXM4-80GB,A100-SXM4-80GB,,9700.0,d94c6f41-d28e-5f45-abb9-189a8a3b4f78,suitesparse_all,SNAP/amazon0312,amazon0312,400727,400727,3200440,2,row-major,N,N,1.0,0.0,20260922,main,pass,pass,0,0,12801760.0,0.02836,0.0966656029224,0.125025602922,0.0980836029224,132.43345733100983,102.39310749804312,130.51885961130796,1.3652933745464932,1.0555990463715785,1.3455552537248243,AlphaSparse 248af573c867cf4c7e05d40c611c7c34ebac4715,CUDA,13040,13000,2026-10-06T02:00:06.984307+00:00,derived,csr-alg1,0,0,,,,5,20,4,true
3,A100-SXM4-80GB-suitesparse_all-fp64-n2-row-major-AlphaSparse-SpMM-CSR-pre-plus-solve,AlphaSparse-SpMM-CSR-best-pre-plus-solve,AlphaSparseLib CSR PER MATRIX BEST,per-matrix-best,AlphaSparse-SpMM-CSR,best,pre-plus-solve,"csr-alg1,csr-alg2,csr-alg3,csr-alg4,csr-alg5",manual-selection,csr,ALPHASPARSE_SPMM_CSR_ALG1,workspace-setup,spmm.csr.fp64,fp64,A100-SXM4-80GB,A100-SXM4-80GB,,9700.0,018f64fd-81d1-5f6a-986f-7d386c913e5c,suitesparse_all,SNAP/amazon0505,amazon0505,410236,410236,3356824,2,row-major,N,N,1.0,0.0,20260922,main,pass,pass,0,0,13427296.0,0.03003,0.0980480015278,0.128078001528,0.0995495015278,136.946146691148,104.83686378464117,134.88059501985873,1.4118159452695669,1.0807924101509399,1.3905215981428736,AlphaSparse 248af573c867cf4c7e05d40c611c7c34ebac4715,CUDA,13040,13000,2026-10-06T20:34:00.472582+00:00,derived,csr-alg1,0,0,,,,5,20,4,true
3,A100-SXM4-80GB-suitesparse_all-fp64-n2-row-major-AlphaSparse-SpMM-CSR-pre-plus-solve,AlphaSparse-SpMM-CSR-best-pre-plus-solve,AlphaSparseLib CSR PER MATRIX BEST,per-matrix-best,AlphaSparse-SpMM-CSR,best,pre-plus-solve,"csr-alg1,csr-alg2,csr-alg3,csr-alg4,csr-alg5",manual-selection,csr,ALPHASPARSE_SPMM_CSR_ALG5,workspace-setup,spmm.csr.fp64,fp64,A100-SXM4-80GB,A100-SXM4-80GB,,9700.0,005fdebf-9ece-5bc0-9d3c-6fda0356699d,suitesparse_all,SNAP/as-735,as-735,7716,7716,26467,2,row-major,N,N,1.0,0.0,20260922,main,pass,pass,0,0,105868.0,0.0155,0.0129023998976,0.0284023998976,0.0136773998976,8.205295204010278,3.7274314981018852,7.740360067893962,0.08459067220629153,0.03842712884641119,0.07979752647313362,AlphaSparse 248af573c867cf4c7e05d40c611c7c34ebac4715,CUDA,13040,13000,2026-10-08T15:38:44.950004+00:00,derived,csr-alg5,0,0,,,,5,20,4,true
3,A100-SXM4-80GB-suitesparse_all-fp64-n2-row-major-AlphaSparse-SpMM-CSR-pre-plus-solve,AlphaSparse-SpMM-CSR-best-pre-plus-solve,AlphaSparseLib CSR PER MATRIX BEST,per-matrix-best,AlphaSparse-SpMM-CSR,best,pre-plus-solve,"csr-alg1,csr-alg2,csr-alg3,csr-alg4,csr-alg5",manual-selection,csr,ALPHASPARSE_SPMM_CSR_ALG3,workspace-setup,spmm.csr.fp64,fp64,A100-SXM4-80GB,A100-SXM4-80GB,,9700.0,018f64fd-81d1-5f6a-986f-7d386c913e5c,suitesparse_all,SNAP/as-caida,as-caida,31379,31379,106762,2,row-major,N,N,1.0,0.0,20260922,main,pass,pass,0,0,427048.0,0.0126,0.0194560006261,0.0320560006261,0.0200860006261,21.949423635766134,13.321936350734205,21.260977132754267,0.22628271789449625,0.13733955000756912,0.2191853312655079,AlphaSparse 248af573c867cf4c7e05d40c611c7c34ebac4715,CUDA,13040,13000,2026-10-06T21:59:08.322416+00:00,derived,csr-alg3,0,0,,,,5,20,4,true
3,A100-SXM4-80GB-suitesparse_all-fp64-n2-row-major-AlphaSparse-SpMM-CSR-pre-plus-solve,AlphaSparse-SpMM-CSR-best-pre-plus-solve,AlphaSparseLib CSR PER MATRIX BEST,per-matrix-best,AlphaSparse-SpMM-CSR,best,pre-plus-solve,"csr-alg1,csr-alg2,csr-alg3,csr-alg4,csr-alg5",manual-selection,csr,ALPHASPARSE_SPMM_CSR_ALG5,workspace-setup,spmm.csr.fp64,fp64,A100-SXM4-80GB,A100-SXM4-80GB,,9700.0,d94c6f41-d28e-5f45-abb9-189a8a3b4f78,suitesparse_all,SNAP/as-Skitter,as-Skitter,1696415,1696415,22190596,2,row-major,N,N,1.0,0.0,20260922,main,pass,pass,0,0,88762384.0,0.44161,0.852275180817,1.29388518082,0.874355680817,104.14756407069302,68.6014379913887,101.51747846718422,1.0736862275329178,0.7072313194988527,1.0465719429606621,AlphaSparse 248af573c867cf4c7e05d40c611c7c34ebac4715,CUDA,13040,13000,2026-10-06T03:43:13.060836+00:00,derived,csr-alg5,0,0,,,,5,20,4,true
3,A100-SXM4-80GB-suitesparse_all-fp64-n2-row-major-AlphaSparse-SpMM-CSR-pre-plus-solve,AlphaSparse-SpMM-CSR-best-pre-plus-solve,AlphaSparseLib CSR PER MATRIX BEST,per-matrix-best,AlphaSparse-SpMM-CSR,best,pre-plus-solve,"csr-alg1,csr-alg2,csr-alg3,csr-alg4,csr-alg5",manual-selection,csr,ALPHASPARSE_SPMM_CSR_ALG5,workspace-setup,spmm.csr.fp64,fp64,A100-SXM4-80GB,A100-SXM4-80GB,,9700.0,dd6a9a30-d69d-5ea7-834e-7b0f3242a57c,suitesparse_all,SNAP/ca-AstroPh,ca-AstroPh,18772,18772,396160,2,row-major,N,N,1.0,0.0,20260922,main,pass,pass,0,0,1584640.0,0.01815,0.022528000176,0.040678000176,0.023435500176,70.34090854137075,38.95570070170108,67.61707614940558,0.7251640055811417,0.40160516187320705,0.6970832592722225,AlphaSparse 248af573c867cf4c7e05d40c611c7c34ebac4715,CUDA,13040,13000,2026-10-06T22:26:58.461401+00:00,derived,csr-alg5,0,0,,,,5,20,4,true
3,A100-SXM4-80GB-suitesparse_all-fp64-n2-row-major-AlphaSparse-SpMM-CSR-pre-plus-solve,AlphaSparse-SpMM-CSR-best-pre-plus-solve,AlphaSparseLib CSR PER MATRIX BEST,per-matrix-best,AlphaSparse-SpMM-CSR,best,pre-plus-solve,"csr-alg1,csr-alg2,csr-alg3,csr-alg4,csr-alg5",manual-selection,csr,ALPHASPARSE_SPMM_CSR_ALG5,workspace-setup,spmm.csr.fp64,fp64,A100-SXM4-80GB,A100-SXM4-80GB,,9700.0,005fdebf-9ece-5bc0-9d3c-6fda0356699d,suitesparse_all,SNAP/ca-CondMat,ca-CondMat,23133,23133,186936,2,row-major,N,N,1.0,0.0,20260922,main,pass,pass,0,0,747744.0,0.01607,0.015513600409,0.031583600409,0.016317100409,48.1992561550191,23.67507156615762,45.825788973362435,0.4968995479898876,0.244072902743893,0.4724308141583756,AlphaSparse 248af573c867cf4c7e05d40c611c7c34ebac4715,CUDA,13040,13000,2026-10-08T15:38:42.128878+00:00,derived,csr-alg5,0,0,,,,5,20,4,true
3,A100-SXM4-80GB-suitesparse_all-fp64-n2-row-major-AlphaSparse-SpMM-CSR-pre-plus-solve,AlphaSparse-SpMM-CSR-best-pre-plus-solve,AlphaSparseLib CSR PER MATRIX BEST,per-matrix-best,AlphaSparse-SpMM-CSR,best,pre-plus-solve,"csr-alg1,csr-alg2,csr-alg3,csr-alg4,csr-alg5",manual-selection,csr,ALPHASPARSE_SPMM_CSR_ALG3,workspace-setup,spmm.csr.fp64,fp64,A100-SXM4-80GB,A100-SXM4-80GB,,9700.0,d94c6f41-d28e-5f45-abb9-189a8a3b4f78,suitesparse_all,SNAP/ca-GrQc,ca-GrQc,5242,5242,28980,2,row-major,N,N,1.0,0.0,20260922,main,pass,pass,0,0,115920.0,0.01377,0.0136079996824,0.0273779996824,0.0142964996824,8.518518717334034,4.234056590866256,8.108278430048559,0.08781978059107251,0.0436500679470748,0.08359049927885112,AlphaSparse 248af573c867cf4c7e05d40c611c7c34ebac4715,CUDA,13040,13000,2026-10-06T02:54:30.033431+00:00,derived,csr-alg3,0,0,,,,5,20,4,true
3,A100-SXM4-80GB-suitesparse_all-fp64-n2-row-major-AlphaSparse-SpMM-CSR-pre-plus-solve,AlphaSparse-SpMM-CSR-best-pre-plus-solve,AlphaSparseLib CSR PER MATRIX BEST,per-matrix-best,AlphaSparse-SpMM-CSR,best,pre-plus-solve,"csr-alg1,csr-alg2,csr-alg3,csr-alg4,csr-alg5",manual-selection,csr,ALPHASPARSE_SPMM_CSR_ALG5,workspace-setup,spmm.csr.fp64,fp64,A100-SXM4-80GB,A100-SXM4-80GB,,9700.0,018f64fd-81d1-5f6a-986f-7d386c913e5c,suitesparse_all,SNAP/ca-HepPh,ca-HepPh,12008,12008,237010,2,row-major,N,N,1.0,0.0,20260922,main,pass,pass,0,0,948040.0,0.01338,0.0225792005658,0.0359592005658,0.0232482005658,41.9873147074997,26.364323596828232,40.77907007541238,0.4328589145103061,0.27179715048276526,0.4204027842826018,AlphaSparse 248af573c867cf4c7e05d40c611c7c34ebac4715,CUDA,13040,13000,2026-10-06T23:14:17.428454+00:00,derived,csr-alg5,0,0,,,,5,20,4,true
3,A100-SXM4-80GB-suitesparse_all-fp64-n2-row-major-AlphaSparse-SpMM-CSR-pre-plus-solve,AlphaSparse-SpMM-CSR-best-pre-plus-solve,AlphaSparseLib CSR PER MATRIX BEST,per-matrix-best,AlphaSparse-SpMM-CSR,best,pre-plus-solve,"csr-alg1,csr-alg2,csr-alg3,csr-alg4,csr-alg5",manual-selection,csr,ALPHASPARSE_SPMM_CSR_ALG5,workspace-setup,spmm.csr.fp64,fp64,A100-SXM4-80GB,A100-SXM4-80GB,,9700.0,752b02ae-c4ef-54eb-ad5c-0957985c94ee,suitesparse_all,SNAP/cit-HepPh,cit-HepPh,34546,34546,421578,2,row-major,N,N,1.0,0.0,20260922,main,pass,pass,0,0,1686312.0,0.013431,0.0252927988768,0.0387237988768,0.0259643488768,66.67162492430926,43.54717380298901,64.9472092676576,0.6873363394258686,0.44893993611328875,0.6695588584294597,AlphaSparse 248af573c867cf4c7e05d40c611c7c34ebac4715,CUDA,13040,13000,2026-10-08T08:03:38.134822+00:00,derived,csr-alg5,0,0,,,,5,20,4,true
3,A100-SXM4-80GB-suitesparse_all-fp64-n2-row-major-AlphaSparse-SpMM-CSR-pre-plus-solve,AlphaSparse-SpMM-CSR-best-pre-plus-solve,AlphaSparseLib CSR PER MATRIX BEST,per-matrix-best,AlphaSparse-SpMM-CSR,best,pre-plus-solve,"csr-alg1,csr-alg2,csr-alg3,csr-alg4,csr-alg5",manual-selection,csr,ALPHASPARSE_SPMM_CSR_ALG5,workspace-setup,spmm.csr.fp64,fp64,A100-SXM4-80GB,A100-SXM4-80GB,,9700.0,152f8cc9-7213-5fba-8430-8cd9341fa530,suitesparse_all,SNAP/cit-HepTh,cit-HepTh,27770,27770,352807,2,row-major,N,N,1.0,0.0,20260922,main,pass,pass,0,0,1411228.0,0.02341,0.0238591998816,0.0472691998816,0.0250296998816,59.148169553176274,29.855127726613677,56.38213828674115,0.6097749438471781,0.3077848219238523,0.5812591575952696,AlphaSparse 248af573c867cf4c7e05d40c611c7c34ebac4715,CUDA,13040,13000,2026-10-08T02:25:17.304547+00:00,derived,csr-alg5,0,0,,,,5,20,4,true
3,A100-SXM4-80GB-suitesparse_all-fp64-n2-row-major-AlphaSparse-SpMM-CSR-pre-plus-solve,AlphaSparse-SpMM-CSR-best-pre-plus-solve,AlphaSparseLib CSR PER MATRIX BEST,per-matrix-best,AlphaSparse-SpMM-CSR,best,pre-plus-solve,"csr-alg1,csr-alg2,csr-alg3,csr-alg4,csr-alg5",manual-selection,csr,ALPHASPARSE_SPMM_CSR_ALG5,workspace-setup,spmm.csr.fp64,fp64,A100-SXM4-80GB,A100-SXM4-80GB,,9700.0,a0827285-e98d-55a9-b486-73107367c8f5,suitesparse_all,SNAP/cit-Patents,cit-Patents,3774768,3774768,16518948,2,row-major,N,N,1.0,0.0,20260922,main,pass,pass,0,0,66075792.0,0.44212,0.806451225281,1.24857122528,0.828557225281,81.93402146171523,52.921123490718024,79.74801254987646,0.8446806336259303,0.5455785926878146,0.8221444592770769,AlphaSparse 248af573c867cf4c7e05d40c611c7c34ebac4715,CUDA,13040,13000,2026-10-06T09:02:28.534609+00:00,derived,csr-alg5,0,0,,,,5,20,4,true
3,A100-SXM4-80GB-suitesparse_all-fp64-n2-row-major-AlphaSparse-SpMM-CSR-pre-plus-solve,AlphaSparse-SpMM-CSR-best-pre-plus-solve,AlphaSparseLib CSR PER MATRIX BEST,per-matrix-best,AlphaSparse-SpMM-CSR,best,pre-plus-solve,"csr-alg1,csr-alg2,csr-alg3,csr-alg4,csr-alg5",manual-selection,csr,ALPHASPARSE_SPMM_CSR_ALG5,workspace-setup,spmm.csr.fp64,fp64,A100-SXM4-80GB,A100-SXM4-80GB,,9700.0,d94c6f41-d28e-5f45-abb9-189a8a3b4f78,suitesparse_all,SNAP/CollegeMsg,CollegeMsg,1899,1899,20296,2,row-major,N,N,1.0,0.0,20260922,main,pass,pass,0,0,81184.0,0.01389,0.0129536002874,0.0268436002874,0.0136481002874,6.2672923510668985,3.0243335145362975,5.948373641051679,0.06461126135120514,0.031178696026147396,0.061323439598470926,AlphaSparse 248af573c867cf4c7e05d40c611c7c34ebac4715,CUDA,13040,13000,2026-10-06T03:53:14.417295+00:00,derived,csr-alg5,0,0,,,,5,20,4,true
3,A100-SXM4-80GB-suitesparse_all-fp64-n2-row-major-AlphaSparse-SpMM-CSR-pre-plus-solve,AlphaSparse-SpMM-CSR-best-pre-plus-solve,AlphaSparseLib CSR PER MATRIX BEST,per-matrix-best,AlphaSparse-SpMM-CSR,best,pre-plus-solve,"csr-alg1,csr-alg2,csr-alg3,csr-alg4,csr-alg5",manual-selection,csr,ALPHASPARSE_SPMM_CSR_ALG5,workspace-setup,spmm.csr.fp64,fp64,A100-SXM4-80GB,A100-SXM4-80GB,,9700.0,018f64fd-81d1-5f6a-986f-7d386c913e5c,suitesparse_all,SNAP/com-Amazon,com-Amazon,334863,334863,1851744,2,row-major,N,N,1.0,0.0,20260922,main,pass,pass,0,0,7406976.0,0.01806,0.0787455976009,0.0968055976009,0.0796485976009,94.06209649382792,76.5139225784929,92.99568634107757,0.9697123349879168,0.7888033255514731,0.9587184158873977,AlphaSparse 248af573c867cf4c7e05d40c611c7c34ebac4715,CUDA,13040,13000,2026-10-06T23:20:15.105848+00:00,derived,csr-alg5,0,0,,,,5,20,4,true
3,A100-SXM4-80GB-suitesparse_all-fp64-n2-row-major-AlphaSparse-SpMM-CSR-pre-plus-solve,AlphaSparse-SpMM-CSR-best-pre-plus-solve,AlphaSparseLib CSR PER MATRIX BEST,per-matrix-best,AlphaSparse-SpMM-CSR,best,pre-plus-solve,"csr-alg1,csr-alg2,csr-alg3,csr-alg4,csr-alg5",manual-selection,csr,ALPHASPARSE_SPMM_CSR_ALG2,workspace-setup,spmm.csr.fp64,fp64,A100-SXM4-80GB,A100-SXM4-80GB,,9700.0,152f8cc9-7213-5fba-8430-8cd9341fa530,suitesparse_all,SNAP/com-LiveJournal,com-LiveJournal,3997962,3997962,69362378,2,row-major,N,N,1.0,0.0,20260922,main,pass,pass,0,0,277449512.0,0.47292,3.48805122375,3.96097122375,3.51169722375,79.54284332490803,70.04582874432704,79.00724188964185,0.8200293126279179,0.7221219458178045,0.8145076483468232,AlphaSparse 248af573c867cf4c7e05d40c611c7c34ebac4715,CUDA,13040,13000,2026-10-07T23:37:11.569804+00:00,derived,csr-alg2,0,0,,,,5,20,4,true
3,A100-SXM4-80GB-suitesparse_all-fp64-n2-row-major-AlphaSparse-SpMM-CSR-pre-plus-solve,AlphaSparse-SpMM-CSR-best-pre-plus-solve,AlphaSparseLib CSR PER MATRIX BEST,per-matrix-best,AlphaSparse-SpMM-CSR,best,pre-plus-solve,"csr-alg1,csr-alg2,csr-alg3,csr-alg4,csr-alg5",manual-selection,csr,ALPHASPARSE_SPMM_CSR_ALG5,workspace-setup,spmm.csr.fp64,fp64,A100-SXM4-80GB,A100-SXM4-80GB,,9700.0,a0827285-e98d-55a9-b486-73107367c8f5,suitesparse_all,SNAP/com-Orkut,com-Orkut,3072441,3072441,234370166,2,row-major,N,N,1.0,0.0,20260922,main,pass,pass,0,0,937480664.0,0.42048,7.87551040649,8.29599040649,7.89653440649,119.03744844619175,113.00406799730669,118.72051912159135,1.227190190166925,1.1649903917248112,1.2239228775421789,AlphaSparse 248af573c867cf4c7e05d40c611c7c34ebac4715,CUDA,13040,13000,2026-10-06T09:20:54.759011+00:00,derived,csr-alg5,0,0,,,,5,20,4,true
3,A100-SXM4-80GB-suitesparse_all-fp64-n2-row-major-AlphaSparse-SpMM-CSR-pre-plus-solve,AlphaSparse-SpMM-CSR-best-pre-plus-solve,AlphaSparseLib CSR PER MATRIX BEST,per-matrix-best,AlphaSparse-SpMM-CSR,best,pre-plus-solve,"csr-alg1,csr-alg2,csr-alg3,csr-alg4,csr-alg5",manual-selection,csr,ALPHASPARSE_SPMM_CSR_ALG2,workspace-setup,spmm.csr.fp64,fp64,A100-SXM4-80GB,A100-SXM4-80GB,,9700.0,dd6a9a30-d69d-5ea7-834e-7b0f3242a57c,suitesparse_all,SNAP/com-Youtube,com-Youtube,1134890,1134890,5975248,2,row-major,N,N,1.0,0.0,20260922,main,pass,pass,0,0,23900992.0,0.20305,0.357683205605,0.560733205605,0.367835705605,66.82167802531539,42.62453473610888,64.97735710753989,0.6888832786114989,0.43942819315576165,0.669869660902473,AlphaSparse 248af573c867cf4c7e05d40c611c7c34ebac4715,CUDA,13040,13000,2026-10-06T20:47:51.020271+00:00,derived,csr-alg2,0,0,,,,5,20,4,true
3,A100-SXM4-80GB-suitesparse_all-fp64-n2-row-major-AlphaSparse-SpMM-CSR-pre-plus-solve,AlphaSparse-SpMM-CSR-best-pre-plus-solve,AlphaSparseLib CSR PER MATRIX BEST,per-matrix-best,AlphaSparse-SpMM-CSR,best,pre-plus-solve,"csr-alg1,csr-alg2,csr-alg3,csr-alg4,csr-alg5",manual-selection,csr,ALPHASPARSE_SPMM_CSR_ALG5,workspace-setup,spmm.csr.fp64,fp64,A100-SXM4-80GB,A100-SXM4-80GB,,9700.0,018f64fd-81d1-5f6a-986f-7d386c913e5c,suitesparse_all,SNAP/email-Enron,email-Enron,36692,36692,367662,2,row-major,N,N,1.0,0.0,20260922,main,pass,pass,0,0,1470648.0,0.01403,0.0243711993098,0.0384011993098,0.0250726993098,60.343686057691535,38.296928909318986,58.65535185615925,0.6220998562648612,0.39481370009607203,0.6046943490325696,AlphaSparse 248af573c867cf4c7e05d40c611c7c34ebac4715,CUDA,13040,13000,2026-10-06T23:14:16.712898+00:00,derived,csr-alg5,0,0,,,,5,20,4,true
3,A100-SXM4-80GB-suitesparse_all-fp64-n2-row-major-AlphaSparse-SpMM-CSR-pre-plus-solve,AlphaSparse-SpMM-CSR-best-pre-plus-solve,AlphaSparseLib CSR PER MATRIX BEST,per-matrix-best,AlphaSparse-SpMM-CSR,best,pre-plus-solve,"csr-alg1,csr-alg2,csr-alg3,csr-alg4,csr-alg5",manual-selection,csr,ALPHASPARSE_SPMM_CSR_ALG3,workspace-setup,spmm.csr.fp64,fp64,A100-SXM4-80GB,A100-SXM4-80GB,,9700.0,005fdebf-9ece-5bc0-9d3c-6fda0356699d,suitesparse_all,SNAP/email-Eu-core,email-Eu-core,1005,1005,25571,2,row-major,N,N,1.0,0.0,20260922,main,pass,pass,0,0,102284.0,0.013571,0.0119584001601,0.0255294001601,0.0126369501601,8.553318055142308,4.006517950228226,8.09404157681592,0.08817853665095163,0.041304308765239446,0.0834437275960404,AlphaSparse 248af573c867cf4c7e05d40c611c7c34ebac4715,CUDA,13040,13000,2026-10-08T15:02:48.981937+00:00,derived,csr-alg3,0,0,,,,5,20,4,true
3,A100-SXM4-80GB-suitesparse_all-fp64-n2-row-major-AlphaSparse-SpMM-CSR-pre-plus-solve,AlphaSparse-SpMM-CSR-best-pre-plus-solve,AlphaSparseLib CSR PER MATRIX BEST,per-matrix-best,AlphaSparse-SpMM-CSR,best,pre-plus-solve,"csr-alg1,csr-alg2,csr-alg3,csr-alg4,csr-alg5",manual-selection,csr,ALPHASPARSE_SPMM_CSR_ALG5,workspace-setup,spmm.csr.fp64,fp64,A100-SXM4-80GB,A100-SXM4-80GB,,9700.0,d94c6f41-d28e-5f45-abb9-189a8a3b4f78,suitesparse_all,SNAP/email-Eu-core-temporal,email-Eu-core-temporal,1005,1005,24929,2,row-major,N,N,1.0,0.0,20260922,main,pass,pass,0,0,99716.0,0.014,0.0133120000362,0.0273120000362,0.0140120000362,7.490685075784044,3.6509958943993097,7.116471577389647,0.07722355748230973,0.03763913293195165,0.07336568636484171,AlphaSparse 248af573c867cf4c7e05d40c611c7c34ebac4715,CUDA,13040,13000,2026-10-06T03:53:15.381501+00:00,derived,csr-alg5,0,0,,,,5,20,4,true
3,A100-SXM4-80GB-suitesparse_all-fp64-n2-row-major-AlphaSparse-SpMM-CSR-pre-plus-solve,AlphaSparse-SpMM-CSR-best-pre-plus-solve,AlphaSparseLib CSR PER MATRIX BEST,per-matrix-best,AlphaSparse-SpMM-CSR,best,pre-plus-solve,"csr-alg1,csr-alg2,csr-alg3,csr-alg4,csr-alg5",manual-selection,csr,ALPHASPARSE_SPMM_CSR_ALG5,workspace-setup,spmm.csr.fp64,fp64,A100-SXM4-80GB,A100-SXM4-80GB,,9700.0,d94c6f41-d28e-5f45-abb9-189a8a3b4f78,suitesparse_all,SNAP/email-EuAll,email-EuAll,265214,265214,420045,2,row-major,N,N,1.0,0.0,20260922,main,pass,pass,0,0,1680180.0,0.01941,0.0339455991983,0.0533555991983,0.0349160991983,49.49625399701719,31.490228303040656,48.12049566183513,0.5102706597630637,0.32464152889732634,0.4960875841426302,AlphaSparse 248af573c867cf4c7e05d40c611c7c34ebac4715,CUDA,13040,13000,2026-10-06T03:43:02.984674+00:00,derived,csr-alg5,0,0,,,,5,20,4,true
3,A100-SXM4-80GB-suitesparse_all-fp64-n2-row-major-AlphaSparse-SpMM-CSR-pre-plus-solve,AlphaSparse-SpMM-CSR-best-pre-plus-solve,AlphaSparseLib CSR PER MATRIX BEST,per-matrix-best,AlphaSparse-SpMM-CSR,best,pre-plus-solve,"csr-alg1,csr-alg2,csr-alg3,csr-alg4,csr-alg5",manual-selection,csr,ALPHASPARSE_SPMM_CSR_ALG5,workspace-setup,spmm.csr.fp64,fp64,A100-SXM4-80GB,A100-SXM4-80GB,,9700.0,018f64fd-81d1-5f6a-986f-7d386c913e5c,suitesparse_all,SNAP/higgs-twitter,higgs-twitter,456626,456626,14855842,2,row-major,N,N,1.0,0.0,20260922,main,pass,pass,0,0,59423368.0,0.05114,0.498227214813,0.549367214813,0.500784214813,119.26961481279865,108.16693533527884,118.6606251600593,1.2295836578639037,1.1151230446935962,1.2233054140212298,AlphaSparse 248af573c867cf4c7e05d40c611c7c34ebac4715,CUDA,13040,13000,2026-10-06T23:20:21.368506+00:00,derived,csr-alg5,0,0,,,,5,20,4,true
3,A100-SXM4-80GB-suitesparse_all-fp64-n2-row-major-AlphaSparse-SpMM-CSR-pre-plus-solve,AlphaSparse-SpMM-CSR-best-pre-plus-solve,AlphaSparseLib CSR PER MATRIX BEST,per-matrix-best,AlphaSparse-SpMM-CSR,best,pre-plus-solve,"csr-alg1,csr-alg2,csr-alg3,csr-alg4,csr-alg5",manual-selection,csr,ALPHASPARSE_SPMM_CSR_ALG5,workspace-setup,spmm.csr.fp64,fp64,A100-SXM4-80GB,A100-SXM4-80GB,,9700.0,752b02ae-c4ef-54eb-ad5c-0957985c94ee,suitesparse_all,SNAP/loc-Gowalla,loc-Gowalla,196591,196591,1900654,2,row-major,N,N,1.0,0.0,20260922,main,pass,pass,0,0,7602616.0,0.01854,0.0755711972713,0.0941111972713,0.0764981972713,100.60203191841289,80.78333100027919,99.38294327430236,1.0371343496743597,0.832817845363703,1.0245664255082718,AlphaSparse 248af573c867cf4c7e05d40c611c7c34ebac4715,CUDA,13040,13000,2026-10-08T08:25:16.167030+00:00,derived,csr-alg5,0,0,,,,5,20,4,true
3,A100-SXM4-80GB-suitesparse_all-fp64-n2-row-major-AlphaSparse-SpMM-CSR-pre-plus-solve,AlphaSparse-SpMM-CSR-best-pre-plus-solve,AlphaSparseLib CSR PER MATRIX BEST,per-matrix-best,AlphaSparse-SpMM-CSR,best,pre-plus-solve,"csr-alg1,csr-alg2,csr-alg3,csr-alg4,csr-alg5",manual-selection,csr,ALPHASPARSE_SPMM_CSR_ALG5,workspace-setup,spmm.csr.fp64,fp64,A100-SXM4-80GB,A100-SXM4-80GB,,9700.0,752b02ae-c4ef-54eb-ad5c-0957985c94ee,suitesparse_all,SNAP/Oregon-2,Oregon-2,11806,11806,65460,2,row-major,N,N,1.0,0.0,20260922,main,pass,pass,0,0,261840.0,0.01265,0.0163328006864,0.0289828006864,0.0169653006864,16.03154321340791,9.034323591883473,15.43385554079218,0.1652736413753393,0.0931373566173554,0.15911191279167194,AlphaSparse 248af573c867cf4c7e05d40c611c7c34ebac4715,CUDA,13040,13000,2026-10-08T08:03:43.058208+00:00,derived,csr-alg5,0,0,,,,5,20,4,true
3,A100-SXM4-80GB-suitesparse_all-fp64-n2-row-major-AlphaSparse-SpMM-CSR-pre-plus-solve,AlphaSparse-SpMM-CSR-best-pre-plus-solve,AlphaSparseLib CSR PER MATRIX BEST,per-matrix-best,AlphaSparse-SpMM-CSR,best,pre-plus-solve,"csr-alg1,csr-alg2,csr-alg3,csr-alg4,csr-alg5",manual-selection,csr,ALPHASPARSE_SPMM_CSR_ALG5,workspace-setup,spmm.csr.fp64,fp64,A100-SXM4-80GB,A100-SXM4-80GB,,9700.0,752b02ae-c4ef-54eb-ad5c-0957985c94ee,suitesparse_all,SNAP/p2p-Gnutella04,p2p-Gnutella04,10879,10879,39994,2,row-major,N,N,1.0,0.0,20260922,main,pass,pass,0,0,159976.0,0.0128,0.0153088003397,0.0281088003397,0.0159488003397,10.449937059087347,5.691313683496298,10.03059769967684,0.10773130988749842,0.05867333694326081,0.10340822370800865,AlphaSparse 248af573c867cf4c7e05d40c611c7c34ebac4715,CUDA,13040,13000,2026-10-08T08:03:41.732025+00:00,derived,csr-alg5,0,0,,,,5,20,4,true
3,A100-SXM4-80GB-suitesparse_all-fp64-n2-row-major-AlphaSparse-SpMM-CSR-pre-plus-solve,AlphaSparse-SpMM-CSR-best-pre-plus-solve,AlphaSparseLib CSR PER MATRIX BEST,per-matrix-best,AlphaSparse-SpMM-CSR,best,pre-plus-solve,"csr-alg1,csr-alg2,csr-alg3,csr-alg4,csr-alg5",manual-selection,csr,ALPHASPARSE_SPMM_CSR_ALG5,workspace-setup,spmm.csr.fp64,fp64,A100-SXM4-80GB,A100-SXM4-80GB,,9700.0,152f8cc9-7213-5fba-8430-8cd9341fa530,suitesparse_all,SNAP/p2p-Gnutella05,p2p-Gnutella05,8846,8846,31839,2,row-major,N,N,1.0,0.0,20260922,main,pass,pass,0,0,127356.0,0.02033,0.0150015994906,0.0353315994906,0.0160180994906,8.489494742197406,3.604591975347257,7.950755960451932,0.08752056435255058,0.03716074201388925,0.08196655629331889,AlphaSparse 248af573c867cf4c7e05d40c611c7c34ebac4715,CUDA,13040,13000,2026-10-08T02:25:20.421388+00:00,derived,csr-alg5,0,0,,,,5,20,4,true
3,A100-SXM4-80GB-suitesparse_all-fp64-n2-row-major-AlphaSparse-SpMM-CSR-pre-plus-solve,AlphaSparse-SpMM-CSR-best-pre-plus-solve,AlphaSparseLib CSR PER MATRIX BEST,per-matrix-best,AlphaSparse-SpMM-CSR,best,pre-plus-solve,"csr-alg1,csr-alg2,csr-alg3,csr-alg4,csr-alg5",manual-selection,csr,ALPHASPARSE_SPMM_CSR_ALG5,workspace-setup,spmm.csr.fp64,fp64,A100-SXM4-80GB,A100-SXM4-80GB,,9700.0,a0827285-e98d-55a9-b486-73107367c8f5,suitesparse_all,SNAP/p2p-Gnutella06,p2p-Gnutella06,8717,8717,31525,2,row-major,N,N,1.0,0.0,20260922,main,pass,pass,0,0,126100.0,0.01753,0.0150015994906,0.0325315994906,0.0158780994906,8.405770336624053,3.876231171370365,7.941756510258202,0.08665742615076344,0.03996114609660171,0.08187377845627011,AlphaSparse 248af573c867cf4c7e05d40c611c7c34ebac4715,CUDA,13040,13000,2026-10-06T09:02:30.791998+00:00,derived,csr-alg5,0,0,,,,5,20,4,true
3,A100-SXM4-80GB-suitesparse_all-fp64-n2-row-major-AlphaSparse-SpMM-CSR-pre-plus-solve,AlphaSparse-SpMM-CSR-best-pre-plus-solve,AlphaSparseLib CSR PER MATRIX BEST,per-matrix-best,AlphaSparse-SpMM-CSR,best,pre-plus-solve,"csr-alg1,csr-alg2,csr-alg3,csr-alg4,csr-alg5",manual-selection,csr,ALPHASPARSE_SPMM_CSR_ALG3,workspace-setup,spmm.csr.fp64,fp64,A100-SXM4-80GB,A100-SXM4-80GB,,9700.0,dd6a9a30-d69d-5ea7-834e-7b0f3242a57c,suitesparse_all,SNAP/p2p-Gnutella08,p2p-Gnutella08,6301,6301,20777,2,row-major,N,N,1.0,0.0,20260922,main,pass,pass,0,0,83108.0,0.01303,0.0155647993088,0.0285947993088,0.0162162993088,5.339484200931042,2.9064026329579327,5.124967072783387,0.05504622887557776,0.029962913741834355,0.05283471209055038,AlphaSparse 248af573c867cf4c7e05d40c611c7c34ebac4715,CUDA,13040,13000,2026-10-06T21:12:38.791491+00:00,derived,csr-alg3,0,0,,,,5,20,4,true
3,A100-SXM4-80GB-suitesparse_all-fp64-n2-row-major-AlphaSparse-SpMM-CSR-pre-plus-solve,AlphaSparse-SpMM-CSR-best-pre-plus-solve,AlphaSparseLib CSR PER MATRIX BEST,per-matrix-best,AlphaSparse-SpMM-CSR,best,pre-plus-solve,"csr-alg1,csr-alg2,csr-alg3,csr-alg4,csr-alg5",manual-selection,csr,ALPHASPARSE_SPMM_CSR_ALG5,workspace-setup,spmm.csr.fp64,fp64,A100-SXM4-80GB,A100-SXM4-80GB,,9700.0,005fdebf-9ece-5bc0-9d3c-6fda0356699d,suitesparse_all,SNAP/p2p-Gnutella09,p2p-Gnutella09,8114,8114,26013,2,row-major,N,N,1.0,0.0,20260922,main,pass,pass,0,0,104052.0,0.01456,0.0125440001488,0.0271040001488,0.0132720001488,8.29496163629701,3.8389905338237242,7.839963745736392,0.0855150684154331,0.03957722199818273,0.08082436851274631,AlphaSparse 248af573c867cf4c7e05d40c611c7c34ebac4715,CUDA,13040,13000,2026-10-08T15:38:44.275983+00:00,derived,csr-alg5,0,0,,,,5,20,4,true
3,A100-SXM4-80GB-suitesparse_all-fp64-n2-row-major-AlphaSparse-SpMM-CSR-pre-plus-solve,AlphaSparse-SpMM-CSR-best-pre-plus-solve,AlphaSparseLib CSR PER MATRIX BEST,per-matrix-best,AlphaSparse-SpMM-CSR,best,pre-plus-solve,"csr-alg1,csr-alg2,csr-alg3,csr-alg4,csr-alg5",manual-selection,csr,ALPHASPARSE_SPMM_CSR_ALG5,workspace-setup,spmm.csr.fp64,fp64,A100-SXM4-80GB,A100-SXM4-80GB,,9700.0,d94c6f41-d28e-5f45-abb9-189a8a3b4f78,suitesparse_all,SNAP/p2p-Gnutella24,p2p-Gnutella24,26518,26518,65369,2,row-major,N,N,1.0,0.0,20260922,main,pass,pass,0,0,261476.0,0.013391,0.0166400000453,0.0300310000453,0.0173095500453,15.713701880298636,8.706869554979148,15.10588081814395,0.16199692660101686,0.08976154180390875,0.15573073008395824,AlphaSparse 248af573c867cf4c7e05d40c611c7c34ebac4715,CUDA,13040,13000,2026-10-06T03:43:06.860954+00:00,derived,csr-alg5,0,0,,,,5,20,4,true
3,A100-SXM4-80GB-suitesparse_all-fp64-n2-row-major-AlphaSparse-SpMM-CSR-pre-plus-solve,AlphaSparse-SpMM-CSR-best-pre-plus-solve,AlphaSparseLib CSR PER MATRIX BEST,per-matrix-best,AlphaSparse-SpMM-CSR,best,pre-plus-solve,"csr-alg1,csr-alg2,csr-alg3,csr-alg4,csr-alg5",manual-selection,csr,ALPHASPARSE_SPMM_CSR_ALG3,workspace-setup,spmm.csr.fp64,fp64,A100-SXM4-80GB,A100-SXM4-80GB,,9700.0,018f64fd-81d1-5f6a-986f-7d386c913e5c,suitesparse_all,SNAP/p2p-Gnutella25,p2p-Gnutella25,22687,22687,54705,2,row-major,N,N,1.0,0.0,20260922,main,pass,pass,0,0,218820.0,0.01307,0.0171519994736,0.0302219994736,0.0178054994736,12.757696287059895,7.240421011559713,12.28946148488796,0.1315226421346381,0.07464351558308982,0.12669547922564908,AlphaSparse 248af573c867cf4c7e05d40c611c7c34ebac4715,CUDA,13040,13000,2026-10-06T21:59:07.493224+00:00,derived,csr-alg3,0,0,,,,5,20,4,true
3,A100-SXM4-80GB-suitesparse_all-fp64-n2-row-major-AlphaSparse-SpMM-CSR-pre-plus-solve,AlphaSparse-SpMM-CSR-best-pre-plus-solve,AlphaSparseLib CSR PER MATRIX BEST,per-matrix-best,AlphaSparse-SpMM-CSR,best,pre-plus-solve,"csr-alg1,csr-alg2,csr-alg3,csr-alg4,csr-alg5",manual-selection,csr,ALPHASPARSE_SPMM_CSR_ALG5,workspace-setup,spmm.csr.fp64,fp64,A100-SXM4-80GB,A100-SXM4-80GB,,9700.0,752b02ae-c4ef-54eb-ad5c-0957985c94ee,suitesparse_all,SNAP/p2p-Gnutella31,p2p-Gnutella31,62586,62586,147892,2,row-major,N,N,1.0,0.0,20260922,main,pass,pass,0,0,591568.0,0.01366,0.0188927993178,0.0325527993178,0.0195757993178,31.311823623863383,18.17256925356119,30.219353518918407,0.32280230540065347,0.18734607477898133,0.31153972699915883,AlphaSparse 248af573c867cf4c7e05d40c611c7c34ebac4715,CUDA,13040,13000,2026-10-08T08:03:42.440763+00:00,derived,csr-alg5,0,0,,,,5,20,4,true
3,A100-SXM4-80GB-suitesparse_all-fp64-n2-row-major-AlphaSparse-SpMM-CSR-pre-plus-solve,AlphaSparse-SpMM-CSR-best-pre-plus-solve,AlphaSparseLib CSR PER MATRIX BEST,per-matrix-best,AlphaSparse-SpMM-CSR,best,pre-plus-solve,"csr-alg1,csr-alg2,csr-alg3,csr-alg4,csr-alg5",manual-selection,csr,ALPHASPARSE_SPMM_CSR_ALG5,workspace-setup,spmm.csr.fp64,fp64,A100-SXM4-80GB,A100-SXM4-80GB,,9700.0,152f8cc9-7213-5fba-8430-8cd9341fa530,suitesparse_all,SNAP/roadNet-CA,roadNet-CA,1971281,1971281,5533214,2,row-major,N,N,1.0,0.0,20260922,main,pass,pass,0,0,22132856.0,0.43561,0.284825611115,0.720435611115,0.306606111115,77.70669187141226,30.721490801579808,72.1866107609921,0.8010999162001264,0.3167164000162867,0.7441918635153824,AlphaSparse 248af573c867cf4c7e05d40c611c7c34ebac4715,CUDA,13040,13000,2026-10-08T02:25:22.483027+00:00,derived,csr-alg5,0,0,,,,5,20,4,true
3,A100-SXM4-80GB-suitesparse_all-fp64-n2-row-major-AlphaSparse-SpMM-CSR-pre-plus-solve,AlphaSparse-SpMM-CSR-best-pre-plus-solve,AlphaSparseLib CSR PER MATRIX BEST,per-matrix-best,AlphaSparse-SpMM-CSR,best,pre-plus-solve,"csr-alg1,csr-alg2,csr-alg3,csr-alg4,csr-alg5",manual-selection,csr,ALPHASPARSE_SPMM_CSR_ALG5,workspace-setup,spmm.csr.fp64,fp64,A100-SXM4-80GB,A100-SXM4-80GB,,9700.0,a0827285-e98d-55a9-b486-73107367c8f5,suitesparse_all,SNAP/roadNet-PA,roadNet-PA,1090920,1090920,3083796,2,row-major,N,N,1.0,0.0,20260922,main,pass,pass,0,0,12335184.0,0.28054,0.162918400764,0.443458400764,0.176945400764,75.7138784947225,27.815876255244394,69.71180910461746,0.780555448399201,0.2867616108788082,0.7186784443774996,AlphaSparse 248af573c867cf4c7e05d40c611c7c34ebac4715,CUDA,13040,13000,2026-10-06T09:02:32.250971+00:00,derived,csr-alg5,0,0,,,,5,20,4,true
3,A100-SXM4-80GB-suitesparse_all-fp64-n2-row-major-AlphaSparse-SpMM-CSR-pre-plus-solve,AlphaSparse-SpMM-CSR-best-pre-plus-solve,AlphaSparseLib CSR PER MATRIX BEST,per-matrix-best,AlphaSparse-SpMM-CSR,best,pre-plus-solve,"csr-alg1,csr-alg2,csr-alg3,csr-alg4,csr-alg5",manual-selection,csr,ALPHASPARSE_SPMM_CSR_ALG3,workspace-setup,spmm.csr.fp64,fp64,A100-SXM4-80GB,A100-SXM4-80GB,,9700.0,dd6a9a30-d69d-5ea7-834e-7b0f3242a57c,suitesparse_all,SNAP/roadNet-TX,roadNet-TX,1393383,1393383,3843320,2,row-major,N,N,1.0,0.0,20260922,main,pass,pass,0,0,15373280.0,0.20202,0.245606398582,0.447626398582,0.255707398582,62.59315754295123,34.343997692494874,60.120591290087816,0.6452902839479508,0.35406183188139045,0.6197999102070909,AlphaSparse 248af573c867cf4c7e05d40c611c7c34ebac4715,CUDA,13040,13000,2026-10-06T21:12:40.393667+00:00,derived,csr-alg3,0,0,,,,5,20,4,true
3,A100-SXM4-80GB-suitesparse_all-fp64-n2-row-major-AlphaSparse-SpMM-CSR-pre-plus-solve,AlphaSparse-SpMM-CSR-best-pre-plus-solve,AlphaSparseLib CSR PER MATRIX BEST,per-matrix-best,AlphaSparse-SpMM-CSR,best,pre-plus-solve,"csr-alg1,csr-alg2,csr-alg3,csr-alg4,csr-alg5",manual-selection,csr,ALPHASPARSE_SPMM_CSR_ALG5,workspace-setup,spmm.csr.fp64,fp64,A100-SXM4-80GB,A100-SXM4-80GB,,9700.0,752b02ae-c4ef-54eb-ad5c-0957985c94ee,suitesparse_all,SNAP/soc-Epinions1,soc-Epinions1,75888,75888,508837,2,row-major,N,N,1.0,0.0,20260922,main,pass,pass,0,0,2035348.0,0.01362,0.0333824008703,0.0470024008703,0.0340634008703,60.97068955309411,43.30306457358226,59.75175549117373,0.6285638098257125,0.4464233461194048,0.6159974792904508,AlphaSparse 248af573c867cf4c7e05d40c611c7c34ebac4715,CUDA,13040,13000,2026-10-08T08:03:37.416554+00:00,derived,csr-alg5,0,0,,,,5,20,4,true
3,A100-SXM4-80GB-suitesparse_all-fp64-n2-row-major-AlphaSparse-SpMM-CSR-pre-plus-solve,AlphaSparse-SpMM-CSR-best-pre-plus-solve,AlphaSparseLib CSR PER MATRIX BEST,per-matrix-best,AlphaSparse-SpMM-CSR,best,pre-plus-solve,"csr-alg1,csr-alg2,csr-alg3,csr-alg4,csr-alg5",manual-selection,csr,ALPHASPARSE_SPMM_CSR_ALG5,workspace-setup,spmm.csr.fp64,fp64,A100-SXM4-80GB,A100-SXM4-80GB,,9700.0,152f8cc9-7213-5fba-8430-8cd9341fa530,suitesparse_all,SNAP/soc-LiveJournal1,soc-LiveJournal1,4847571,4847571,68993773,2,row-major,N,N,1.0,0.0,20260922,main,pass,pass,0,0,275975092.0,0.38231,2.7960319519,3.1783419519,2.8151474519,98.70240996797817,86.82989312557235,98.03219785654169,1.017550618226579,0.8951535373770346,1.0106412150158937,AlphaSparse 248af573c867cf4c7e05d40c611c7c34ebac4715,CUDA,13040,13000,2026-10-08T02:25:16.594307+00:00,derived,csr-alg5,0,0,,,,5,20,4,true
3,A100-SXM4-80GB-suitesparse_all-fp64-n2-row-major-AlphaSparse-SpMM-CSR-pre-plus-solve,AlphaSparse-SpMM-CSR-best-pre-plus-solve,AlphaSparseLib CSR PER MATRIX BEST,per-matrix-best,AlphaSparse-SpMM-CSR,best,pre-plus-solve,"csr-alg1,csr-alg2,csr-alg3,csr-alg4,csr-alg5",manual-selection,csr,ALPHASPARSE_SPMM_CSR_ALG3,workspace-setup,spmm.csr.fp64,fp64,A100-SXM4-80GB,A100-SXM4-80GB,,9700.0,152f8cc9-7213-5fba-8430-8cd9341fa530,suitesparse_all,SNAP/soc-Pokec,soc-Pokec,1632803,1632803,30622564,2,row-major,N,N,1.0,0.0,20260922,main,pass,pass,0,0,122490256.0,0.45579,1.38695678711,1.84274678711,1.40974628711,88.31584166023859,66.47156128927665,86.88815648602046,0.9104725944354494,0.6852738277245016,0.8957541905775305,AlphaSparse 248af573c867cf4c7e05d40c611c7c34ebac4715,CUDA,13040,13000,2026-10-08T00:36:11.333288+00:00,derived,csr-alg3,0,0,,,,5,20,4,true
3,A100-SXM4-80GB-suitesparse_all-fp64-n2-row-major-AlphaSparse-SpMM-CSR-pre-plus-solve,AlphaSparse-SpMM-CSR-best-pre-plus-solve,AlphaSparseLib CSR PER MATRIX BEST,per-matrix-best,AlphaSparse-SpMM-CSR,best,pre-plus-solve,"csr-alg1,csr-alg2,csr-alg3,csr-alg4,csr-alg5",manual-selection,csr,ALPHASPARSE_SPMM_CSR_ALG2,workspace-setup,spmm.csr.fp64,fp64,A100-SXM4-80GB,A100-SXM4-80GB,,9700.0,a0827285-e98d-55a9-b486-73107367c8f5,suitesparse_all,SNAP/soc-sign-bitcoin-alpha,soc-sign-bitcoin-alpha,3783,3783,24186,2,row-major,N,N,1.0,0.0,20260922,main,pass,pass,0,0,96744.0,0.01569,0.0136112004519,0.0293012004519,0.0143957004519,7.10767579552437,3.3017077289653076,6.720339890597777,0.07327500820128216,0.03403822400995162,0.06928185454224513,AlphaSparse 248af573c867cf4c7e05d40c611c7c34ebac4715,CUDA,13040,13000,2026-10-06T07:57:22.086794+00:00,derived,csr-alg2,0,0,,,,5,20,4,true
3,A100-SXM4-80GB-suitesparse_all-fp64-n2-row-major-AlphaSparse-SpMM-CSR-pre-plus-solve,AlphaSparse-SpMM-CSR-best-pre-plus-solve,AlphaSparseLib CSR PER MATRIX BEST,per-matrix-best,AlphaSparse-SpMM-CSR,best,pre-plus-solve,"csr-alg1,csr-alg2,csr-alg3,csr-alg4,csr-alg5",manual-selection,csr,ALPHASPARSE_SPMM_CSR_ALG3,workspace-setup,spmm.csr.fp64,fp64,A100-SXM4-80GB,A100-SXM4-80GB,,9700.0,dd6a9a30-d69d-5ea7-834e-7b0f3242a57c,suitesparse_all,SNAP/soc-sign-bitcoin-otc,soc-sign-bitcoin-otc,5881,5881,35592,2,row-major,N,N,1.0,0.0,20260922,main,pass,pass,0,0,142368.0,0.01277,0.0128511995077,0.0256211995077,0.0134896995077,11.078187675375979,5.556648507311838,10.553830344310896,0.11420812036470082,0.057285036157854,0.10880237468361748,AlphaSparse 248af573c867cf4c7e05d40c611c7c34ebac4715,CUDA,13040,13000,2026-10-06T21:26:12.248597+00:00,derived,csr-alg3,0,0,,,,5,20,4,true
3,A100-SXM4-80GB-suitesparse_all-fp64-n2-row-major-AlphaSparse-SpMM-CSR-pre-plus-solve,AlphaSparse-SpMM-CSR-best-pre-plus-solve,AlphaSparseLib CSR PER MATRIX BEST,per-matrix-best,AlphaSparse-SpMM-CSR,best,pre-plus-solve,"csr-alg1,csr-alg2,csr-alg3,csr-alg4,csr-alg5",manual-selection,csr,ALPHASPARSE_SPMM_CSR_ALG5,workspace-setup,spmm.csr.fp64,fp64,A100-SXM4-80GB,A100-SXM4-80GB,,9700.0,152f8cc9-7213-5fba-8430-8cd9341fa530,suitesparse_all,SNAP/soc-sign-epinions,soc-sign-epinions,131828,131828,841372,2,row-major,N,N,1.0,0.0,20260922,main,pass,pass,0,0,3365488.0,0.02176,0.0414719998837,0.0632319998837,0.0425599998837,81.15084899300358,53.22444341773157,79.07631600555864,0.8366066906495214,0.5487056022446554,0.8152197526346251,AlphaSparse 248af573c867cf4c7e05d40c611c7c34ebac4715,CUDA,13040,13000,2026-10-08T02:25:23.523515+00:00,derived,csr-alg5,0,0,,,,5,20,4,true
3,A100-SXM4-80GB-suitesparse_all-fp64-n2-row-major-AlphaSparse-SpMM-CSR-pre-plus-solve,AlphaSparse-SpMM-CSR-best-pre-plus-solve,AlphaSparseLib CSR PER MATRIX BEST,per-matrix-best,AlphaSparse-SpMM-CSR,best,pre-plus-solve,"csr-alg1,csr-alg2,csr-alg3,csr-alg4,csr-alg5",manual-selection,csr,ALPHASPARSE_SPMM_CSR_ALG5,workspace-setup,spmm.csr.fp64,fp64,A100-SXM4-80GB,A100-SXM4-80GB,,9700.0,a0827285-e98d-55a9-b486-73107367c8f5,suitesparse_all,SNAP/soc-sign-Slashdot081106,soc-sign-Slashdot081106,77357,77357,516575,2,row-major,N,N,1.0,0.0,20260922,main,pass,pass,0,0,2066300.0,0.01853,0.0329216003418,0.0514516003418,0.0338481003418,62.76426353965708,40.16007250062753,61.04626195072657,0.6470542632954338,0.4140213659858508,0.6293429067085213,AlphaSparse 248af573c867cf4c7e05d40c611c7c34ebac4715,CUDA,13040,13000,2026-10-06T09:02:33.156166+00:00,derived,csr-alg5,0,0,,,,5,20,4,true
3,A100-SXM4-80GB-suitesparse_all-fp64-n2-row-major-AlphaSparse-SpMM-CSR-pre-plus-solve,AlphaSparse-SpMM-CSR-best-pre-plus-solve,AlphaSparseLib CSR PER MATRIX BEST,per-matrix-best,AlphaSparse-SpMM-CSR,best,pre-plus-solve,"csr-alg1,csr-alg2,csr-alg3,csr-alg4,csr-alg5",manual-selection,csr,ALPHASPARSE_SPMM_CSR_ALG5,workspace-setup,spmm.csr.fp64,fp64,A100-SXM4-80GB,A100-SXM4-80GB,,9700.0,dd6a9a30-d69d-5ea7-834e-7b0f3242a57c,suitesparse_all,SNAP/soc-sign-Slashdot090216,soc-sign-Slashdot090216,81871,81871,545671,2,row-major,N,N,1.0,0.0,20260922,main,pass,pass,0,0,2182684.0,0.01541,0.0332560002804,0.0486660002804,0.0340265002804,65.63278751493162,44.85028536193605,64.14659109850545,0.6766266754116662,0.462374075896248,0.6613050628711903,AlphaSparse 248af573c867cf4c7e05d40c611c7c34ebac4715,CUDA,13040,13000,2026-10-06T22:27:05.286489+00:00,derived,csr-alg5,0,0,,,,5,20,4,true
3,A100-SXM4-80GB-suitesparse_all-fp64-n2-row-major-AlphaSparse-SpMM-CSR-pre-plus-solve,AlphaSparse-SpMM-CSR-best-pre-plus-solve,AlphaSparseLib CSR PER MATRIX BEST,per-matrix-best,AlphaSparse-SpMM-CSR,best,pre-plus-solve,"csr-alg1,csr-alg2,csr-alg3,csr-alg4,csr-alg5",manual-selection,csr,ALPHASPARSE_SPMM_CSR_ALG5,workspace-setup,spmm.csr.fp64,fp64,A100-SXM4-80GB,A100-SXM4-80GB,,9700.0,005fdebf-9ece-5bc0-9d3c-6fda0356699d,suitesparse_all,SNAP/soc-sign-Slashdot090221,soc-sign-Slashdot090221,82144,82144,549202,2,row-major,N,N,1.0,0.0,20260922,main,pass,pass,0,0,2196808.0,0.01546,0.0274944007397,0.0429544007397,0.0282674007397,79.90019570886525,51.1427924070567,77.71524591982399,0.8237133578233531,0.5272452825469763,0.8011881022662266,AlphaSparse 248af573c867cf4c7e05d40c611c7c34ebac4715,CUDA,13040,13000,2026-10-08T15:38:46.004288+00:00,derived,csr-alg5,0,0,,,,5,20,4,true
3,A100-SXM4-80GB-suitesparse_all-fp64-n2-row-major-AlphaSparse-SpMM-CSR-pre-plus-solve,AlphaSparse-SpMM-CSR-best-pre-plus-solve,AlphaSparseLib CSR PER MATRIX BEST,per-matrix-best,AlphaSparse-SpMM-CSR,best,pre-plus-solve,"csr-alg1,csr-alg2,csr-alg3,csr-alg4,csr-alg5",manual-selection,csr,ALPHASPARSE_SPMM_CSR_ALG5,workspace-setup,spmm.csr.fp64,fp64,A100-SXM4-80GB,A100-SXM4-80GB,,9700.0,a0827285-e98d-55a9-b486-73107367c8f5,suitesparse_all,SNAP/soc-Slashdot0811,soc-Slashdot0811,77360,77360,905468,2,row-major,N,N,1.0,0.0,20260922,main,pass,pass,0,0,3621872.0,0.01919,0.0323583990335,0.0515483990335,0.0333178990335,111.92988862799884,70.26158072622657,108.70649425878662,1.1539163776082355,0.7243461930538821,1.1206855078225424,AlphaSparse 248af573c867cf4c7e05d40c611c7c34ebac4715,CUDA,13040,13000,2026-10-06T09:02:20.661127+00:00,derived,csr-alg5,0,0,,,,5,20,4,true
3,A100-SXM4-80GB-suitesparse_all-fp64-n2-row-major-AlphaSparse-SpMM-CSR-pre-plus-solve,AlphaSparse-SpMM-CSR-best-pre-plus-solve,AlphaSparseLib CSR PER MATRIX BEST,per-matrix-best,AlphaSparse-SpMM-CSR,best,pre-plus-solve,"csr-alg1,csr-alg2,csr-alg3,csr-alg4,csr-alg5",manual-selection,csr,ALPHASPARSE_SPMM_CSR_ALG5,workspace-setup,spmm.csr.fp64,fp64,A100-SXM4-80GB,A100-SXM4-80GB,,9700.0,dd6a9a30-d69d-5ea7-834e-7b0f3242a57c,suitesparse_all,SNAP/soc-Slashdot0902,soc-Slashdot0902,82168,82168,948464,2,row-major,N,N,1.0,0.0,20260922,main,pass,pass,0,0,3793856.0,0.01426,0.0413695991039,0.0556295991039,0.0420825991039,91.70637574881273,68.19851412040872,90.15260655914204,0.9454265541114716,0.7030774651588527,0.9294083150427015,AlphaSparse 248af573c867cf4c7e05d40c611c7c34ebac4715,CUDA,13040,13000,2026-10-06T22:26:57.045978+00:00,derived,csr-alg5,0,0,,,,5,20,4,true
3,A100-SXM4-80GB-suitesparse_all-fp64-n2-row-major-AlphaSparse-SpMM-CSR-pre-plus-solve,AlphaSparse-SpMM-CSR-best-pre-plus-solve,AlphaSparseLib CSR PER MATRIX BEST,per-matrix-best,AlphaSparse-SpMM-CSR,best,pre-plus-solve,"csr-alg1,csr-alg2,csr-alg3,csr-alg4,csr-alg5",manual-selection,csr,ALPHASPARSE_SPMM_CSR_ALG5,workspace-setup,spmm.csr.fp64,fp64,A100-SXM4-80GB,A100-SXM4-80GB,,9700.0,005fdebf-9ece-5bc0-9d3c-6fda0356699d,suitesparse_all,SNAP/sx-askubuntu,sx-askubuntu,159316,159316,596933,2,row-major,N,N,1.0,0.0,20260922,main,pass,pass,0,0,2387732.0,0.01864,0.0368943989277,0.0555343989277,0.0378263989277,64.71800786561428,42.99554953513728,63.12342881393029,0.6671959573774668,0.44325308799110597,0.6507569980817555,AlphaSparse 248af573c867cf4c7e05d40c611c7c34ebac4715,CUDA,13040,13000,2026-10-08T15:50:33.483482+00:00,derived,csr-alg5,0,0,,,,5,20,4,true
3,A100-SXM4-80GB-suitesparse_all-fp64-n2-row-major-AlphaSparse-SpMM-CSR-pre-plus-solve,AlphaSparse-SpMM-CSR-best-pre-plus-solve,AlphaSparseLib CSR PER MATRIX BEST,per-matrix-best,AlphaSparse-SpMM-CSR,best,pre-plus-solve,"csr-alg1,csr-alg2,csr-alg3,csr-alg4,csr-alg5",manual-selection,csr,ALPHASPARSE_SPMM_CSR_ALG5,workspace-setup,spmm.csr.fp64,fp64,A100-SXM4-80GB,A100-SXM4-80GB,,9700.0,d94c6f41-d28e-5f45-abb9-189a8a3b4f78,suitesparse_all,SNAP/sx-mathoverflow,sx-mathoverflow,24818,24818,239978,2,row-major,N,N,1.0,0.0,20260922,main,pass,pass,0,0,959912.0,0.01438,0.0238591998816,0.0382391998816,0.0245781998816,40.232363397075844,25.102826496688596,39.05542328665899,0.41476663295954475,0.2587920257390577,0.40263322975937105,AlphaSparse 248af573c867cf4c7e05d40c611c7c34ebac4715,CUDA,13040,13000,2026-10-06T03:53:16.242018+00:00,derived,csr-alg5,0,0,,,,5,20,4,true
3,A100-SXM4-80GB-suitesparse_all-fp64-n2-row-major-AlphaSparse-SpMM-CSR-pre-plus-solve,AlphaSparse-SpMM-CSR-best-pre-plus-solve,AlphaSparseLib CSR PER MATRIX BEST,per-matrix-best,AlphaSparse-SpMM-CSR,best,pre-plus-solve,"csr-alg1,csr-alg2,csr-alg3,csr-alg4,csr-alg5",manual-selection,csr,ALPHASPARSE_SPMM_CSR_ALG5,workspace-setup,spmm.csr.fp64,fp64,A100-SXM4-80GB,A100-SXM4-80GB,,9700.0,018f64fd-81d1-5f6a-986f-7d386c913e5c,suitesparse_all,SNAP/sx-stackoverflow,sx-stackoverflow,2601977,2601977,36233450,2,row-major,N,N,1.0,0.0,20260922,main,pass,pass,0,0,144933800.0,0.37867,1.61438713074,1.99305713074,1.63332063074,89.77635985834792,72.71934043666259,88.73566969783245,0.9255294830757518,0.7496839220274494,0.9148007185343551,AlphaSparse 248af573c867cf4c7e05d40c611c7c34ebac4715,CUDA,13040,13000,2026-10-06T23:20:41.589293+00:00,derived,csr-alg5,0,0,,,,5,20,4,true
3,A100-SXM4-80GB-suitesparse_all-fp64-n2-row-major-AlphaSparse-SpMM-CSR-pre-plus-solve,AlphaSparse-SpMM-CSR-best-pre-plus-solve,AlphaSparseLib CSR PER MATRIX BEST,per-matrix-best,AlphaSparse-SpMM-CSR,best,pre-plus-solve,"csr-alg1,csr-alg2,csr-alg3,csr-alg4,csr-alg5",manual-selection,csr,ALPHASPARSE_SPMM_CSR_ALG5,workspace-setup,spmm.csr.fp64,fp64,A100-SXM4-80GB,A100-SXM4-80GB,,9700.0,752b02ae-c4ef-54eb-ad5c-0957985c94ee,suitesparse_all,SNAP/twitter7,twitter7,41652230,41652230,1468365182,2,row-major,N,N,1.0,0.0,20260922,main,pass,pass,0,0,5873460728.0,0.48057,76.4146179199,76.8951879199,76.4386464199,76.86305170244691,76.38268254338949,76.8388897905825,0.7924025948705867,0.7874503354988608,0.7921535029956959,AlphaSparse 248af573c867cf4c7e05d40c611c7c34ebac4715,CUDA,13040,13000,2026-10-08T08:36:31.381224+00:00,derived,csr-alg5,0,0,,,,5,20,4,true
3,A100-SXM4-80GB-suitesparse_all-fp64-n2-row-major-AlphaSparse-SpMM-CSR-pre-plus-solve,AlphaSparse-SpMM-CSR-best-pre-plus-solve,AlphaSparseLib CSR PER MATRIX BEST,per-matrix-best,AlphaSparse-SpMM-CSR,best,pre-plus-solve,"csr-alg1,csr-alg2,csr-alg3,csr-alg4,csr-alg5",manual-selection,csr,ALPHASPARSE_SPMM_CSR_ALG5,workspace-setup,spmm.csr.fp64,fp64,A100-SXM4-80GB,A100-SXM4-80GB,,9700.0,752b02ae-c4ef-54eb-ad5c-0957985c94ee,suitesparse_all,SNAP/web-BerkStan,web-BerkStan,685230,685230,7600595,2,row-major,N,N,1.0,0.0,20260922,main,pass,pass,0,0,30402380.0,0.43084,0.249651193619,0.680491193619,0.271193193619,121.77942976871147,44.67711013027742,112.1059846461795,1.2554580388526955,0.46058876422966416,1.1557318004760773,AlphaSparse 248af573c867cf4c7e05d40c611c7c34ebac4715,CUDA,13040,13000,2026-10-08T08:03:41.109167+00:00,derived,csr-alg5,0,0,,,,5,20,4,true
3,A100-SXM4-80GB-suitesparse_all-fp64-n2-row-major-AlphaSparse-SpMM-CSR-pre-plus-solve,AlphaSparse-SpMM-CSR-best-pre-plus-solve,AlphaSparseLib CSR PER MATRIX BEST,per-matrix-best,AlphaSparse-SpMM-CSR,best,pre-plus-solve,"csr-alg1,csr-alg2,csr-alg3,csr-alg4,csr-alg5",manual-selection,csr,ALPHASPARSE_SPMM_CSR_ALG5,workspace-setup,spmm.csr.fp64,fp64,A100-SXM4-80GB,A100-SXM4-80GB,,9700.0,152f8cc9-7213-5fba-8430-8cd9341fa530,suitesparse_all,SNAP/web-Google,web-Google,916428,916428,5105039,2,row-major,N,N,1.0,0.0,20260922,main,pass,pass,0,0,20420156.0,0.35286,0.229324793816,0.582184793816,0.246967793816,89.04469359900187,35.07504183706627,82.68347740602063,0.9179865319484729,0.36159836945429147,0.852406983567223,AlphaSparse 248af573c867cf4c7e05d40c611c7c34ebac4715,CUDA,13040,13000,2026-10-08T02:25:19.805721+00:00,derived,csr-alg5,0,0,,,,5,20,4,true
3,A100-SXM4-80GB-suitesparse_all-fp64-n2-row-major-AlphaSparse-SpMM-CSR-pre-plus-solve,AlphaSparse-SpMM-CSR-best-pre-plus-solve,AlphaSparseLib CSR PER MATRIX BEST,per-matrix-best,AlphaSparse-SpMM-CSR,best,pre-plus-solve,"csr-alg1,csr-alg2,csr-alg3,csr-alg4,csr-alg5",manual-selection,csr,ALPHASPARSE_SPMM_CSR_ALG5,workspace-setup,spmm.csr.fp64,fp64,A100-SXM4-80GB,A100-SXM4-80GB,,9700.0,a0827285-e98d-55a9-b486-73107367c8f5,suitesparse_all,SNAP/web-NotreDame,web-NotreDame,325729,325729,1497134,2,row-major,N,N,1.0,0.0,20260922,main,pass,pass,0,0,5988536.0,0.02948,0.11863039732,0.14811039732,0.12010439732,50.48061993627317,40.43292103971246,49.86108863312016,0.5204187622296204,0.41683423752280885,0.5140318415785583,AlphaSparse 248af573c867cf4c7e05d40c611c7c34ebac4715,CUDA,13040,13000,2026-10-06T09:02:30.130933+00:00,derived,csr-alg5,0,0,,,,5,20,4,true
3,A100-SXM4-80GB-suitesparse_all-fp64-n2-row-major-AlphaSparse-SpMM-CSR-pre-plus-solve,AlphaSparse-SpMM-CSR-best-pre-plus-solve,AlphaSparseLib CSR PER MATRIX BEST,per-matrix-best,AlphaSparse-SpMM-CSR,best,pre-plus-solve,"csr-alg1,csr-alg2,csr-alg3,csr-alg4,csr-alg5",manual-selection,csr,ALPHASPARSE_SPMM_CSR_ALG5,workspace-setup,spmm.csr.fp64,fp64,A100-SXM4-80GB,A100-SXM4-80GB,,9700.0,dd6a9a30-d69d-5ea7-834e-7b0f3242a57c,suitesparse_all,SNAP/web-Stanford,web-Stanford,281903,281903,2312497,2,row-major,N,N,1.0,0.0,20260922,main,pass,pass,0,0,9249988.0,0.02237,0.0913919985294,0.113761998529,0.0925104985294,101.21223027007514,81.30999911751735,99.98852181150377,1.0434250543306716,0.8382474135826532,1.030809503211379,AlphaSparse 248af573c867cf4c7e05d40c611c7c34ebac4715,CUDA,13040,13000,2026-10-06T22:27:00.360890+00:00,derived,csr-alg5,0,0,,,,5,20,4,true
3,A100-SXM4-80GB-suitesparse_all-fp64-n2-row-major-AlphaSparse-SpMM-CSR-pre-plus-solve,AlphaSparse-SpMM-CSR-best-pre-plus-solve,AlphaSparseLib CSR PER MATRIX BEST,per-matrix-best,AlphaSparse-SpMM-CSR,best,pre-plus-solve,"csr-alg1,csr-alg2,csr-alg3,csr-alg4,csr-alg5",manual-selection,csr,ALPHASPARSE_SPMM_CSR_ALG5,workspace-setup,spmm.csr.fp64,fp64,A100-SXM4-80GB,A100-SXM4-80GB,,9700.0,152f8cc9-7213-5fba-8430-8cd9341fa530,suitesparse_all,SNAP/wiki-RfA,wiki-RfA,11380,11380,188077,2,row-major,N,N,1.0,0.0,20260922,main,pass,pass,0,0,752308.0,0.0149,0.0193535998464,0.0342535998464,0.0200985998464,38.87173476617779,21.96288867078204,37.43086611750973,0.40073953367193593,0.22642153268847462,0.38588521770628587,AlphaSparse 248af573c867cf4c7e05d40c611c7c34ebac4715,CUDA,13040,13000,2026-10-08T02:34:26.162153+00:00,derived,csr-alg5,0,0,,,,5,20,4,true
3,A100-SXM4-80GB-suitesparse_all-fp64-n2-row-major-AlphaSparse-SpMM-CSR-pre-plus-solve,AlphaSparse-SpMM-CSR-best-pre-plus-solve,AlphaSparseLib CSR PER MATRIX BEST,per-matrix-best,AlphaSparse-SpMM-CSR,best,pre-plus-solve,"csr-alg1,csr-alg2,csr-alg3,csr-alg4,csr-alg5",manual-selection,csr,ALPHASPARSE_SPMM_CSR_ALG5,workspace-setup,spmm.csr.fp64,fp64,A100-SXM4-80GB,A100-SXM4-80GB,,9700.0,a0827285-e98d-55a9-b486-73107367c8f5,suitesparse_all,SNAP/wiki-talk-temporal,wiki-talk-temporal,1140149,1140149,3309592,2,row-major,N,N,1.0,0.0,20260922,main,pass,pass,0,0,13238368.0,1.643211,0.191129601002,1.834340601,0.273290151002,69.26382899664753,7.216962865447691,48.44070652185018,0.7140600927489437,0.07440167902523392,0.4993887270293833,AlphaSparse 248af573c867cf4c7e05d40c611c7c34ebac4715,CUDA,13040,13000,2026-10-06T09:20:58.914458+00:00,derived,csr-alg5,0,0,,,,5,20,4,true
3,A100-SXM4-80GB-suitesparse_all-fp64-n2-row-major-AlphaSparse-SpMM-CSR-pre-plus-solve,AlphaSparse-SpMM-CSR-best-pre-plus-solve,AlphaSparseLib CSR PER MATRIX BEST,per-matrix-best,AlphaSparse-SpMM-CSR,best,pre-plus-solve,"csr-alg1,csr-alg2,csr-alg3,csr-alg4,csr-alg5",manual-selection,csr,ALPHASPARSE_SPMM_CSR_ALG5,workspace-setup,spmm.csr.fp64,fp64,A100-SXM4-80GB,A100-SXM4-80GB,,9700.0,dd6a9a30-d69d-5ea7-834e-7b0f3242a57c,suitesparse_all,SNAP/wiki-topcats,wiki-topcats,1791489,1791489,28511807,2,row-major,N,N,1.0,0.0,20260922,main,pass,pass,0,0,114047228.0,0.26555,1.02696962357,1.29251962357,1.04024712357,111.05219218027469,88.23636091883556,109.63474487543303,1.1448679606213885,0.9096532053488202,1.130255101808588,AlphaSparse 248af573c867cf4c7e05d40c611c7c34ebac4715,CUDA,13040,13000,2026-10-06T22:40:14.914892+00:00,derived,csr-alg5,0,0,,,,5,20,4,true
3,A100-SXM4-80GB-suitesparse_all-fp64-n2-row-major-AlphaSparse-SpMM-CSR-pre-plus-solve,AlphaSparse-SpMM-CSR-best-pre-plus-solve,AlphaSparseLib CSR PER MATRIX BEST,per-matrix-best,AlphaSparse-SpMM-CSR,best,pre-plus-solve,"csr-alg1,csr-alg2,csr-alg3,csr-alg4,csr-alg5",manual-selection,csr,ALPHASPARSE_SPMM_CSR_ALG5,workspace-setup,spmm.csr.fp64,fp64,A100-SXM4-80GB,A100-SXM4-80GB,,9700.0,005fdebf-9ece-5bc0-9d3c-6fda0356699d,suitesparse_all,SNAP/wiki-Vote,wiki-Vote,8297,8297,103689,2,row-major,N,N,1.0,0.0,20260922,main,pass,pass,0,0,414756.0,0.01389,0.0145408004522,0.0284308004522,0.0152353004522,28.523601665769927,14.588263200584839,27.223355476400116,0.2940577491316487,0.1503944659854107,0.2806531492412383,AlphaSparse 248af573c867cf4c7e05d40c611c7c34ebac4715,CUDA,13040,13000,2026-10-08T15:38:41.424958+00:00,derived,csr-alg5,0,0,,,,5,20,4,true
3,A100-SXM4-80GB-suitesparse_all-fp64-n2-row-major-AlphaSparse-SpMM-CSR-pre-plus-solve,AlphaSparse-SpMM-CSR-best-pre-plus-solve,AlphaSparseLib CSR PER MATRIX BEST,per-matrix-best,AlphaSparse-SpMM-CSR,best,pre-plus-solve,"csr-alg1,csr-alg2,csr-alg3,csr-alg4,csr-alg5",manual-selection,csr,ALPHASPARSE_SPMM_CSR_ALG5,workspace-setup,spmm.csr.fp64,fp64,A100-SXM4-80GB,A100-SXM4-80GB,,9700.0,a0827285-e98d-55a9-b486-73107367c8f5,suitesparse_all,Sorensen/Linux_call_graph,Linux_call_graph,324085,324085,1208908,2,row-major,N,N,1.0,0.0,20260922,main,pass,pass,0,0,4835632.0,0.02789,0.056627202034,0.084517202034,0.058021702034,85.39415380432533,57.21476674126881,83.34178127291715,0.8803521010755189,0.5898429560955548,0.8591936213702798,AlphaSparse 248af573c867cf4c7e05d40c611c7c34ebac4715,CUDA,13040,13000,2026-10-06T09:18:13.172255+00:00,derived,csr-alg5,0,0,,,,5,20,4,true
3,A100-SXM4-80GB-suitesparse_all-fp64-n2-row-major-AlphaSparse-SpMM-CSR-pre-plus-solve,AlphaSparse-SpMM-CSR-best-pre-plus-solve,AlphaSparseLib CSR PER MATRIX BEST,per-matrix-best,AlphaSparse-SpMM-CSR,best,pre-plus-solve,"csr-alg1,csr-alg2,csr-alg3,csr-alg4,csr-alg5",manual-selection,csr,ALPHASPARSE_SPMM_CSR_ALG1,workspace-setup,spmm.csr.fp64,fp64,A100-SXM4-80GB,A100-SXM4-80GB,,9700.0,752b02ae-c4ef-54eb-ad5c-0957985c94ee,suitesparse_all,Springer/ESOC,ESOC,327062,37830,6019939,2,row-major,N,N,1.0,0.0,20260922,main,pass,pass,0,0,24079756.0,0.03558,0.10052959919,0.13610959919,0.10230859919,239.529016270019,176.91445822558225,235.36394976223698,2.469371301752773,1.8238603940781675,2.426432471775639,AlphaSparse 248af573c867cf4c7e05d40c611c7c34ebac4715,CUDA,13040,13000,2026-10-08T03:37:18.293845+00:00,derived,csr-alg1,0,0,,,,5,20,4,true
3,A100-SXM4-80GB-suitesparse_all-fp64-n2-row-major-AlphaSparse-SpMM-CSR-pre-plus-solve,AlphaSparse-SpMM-CSR-best-pre-plus-solve,AlphaSparseLib CSR PER MATRIX BEST,per-matrix-best,AlphaSparse-SpMM-CSR,best,pre-plus-solve,"csr-alg1,csr-alg2,csr-alg3,csr-alg4,csr-alg5",manual-selection,csr,ALPHASPARSE_SPMM_CSR_ALG3,workspace-setup,spmm.csr.fp64,fp64,A100-SXM4-80GB,A100-SXM4-80GB,,9700.0,d94c6f41-d28e-5f45-abb9-189a8a3b4f78,suitesparse_all,Stevenson/LargeRegFile,LargeRegFile,2111154,801374,4944201,2,row-major,N,N,1.0,0.0,20260922,main,pass,pass,0,0,19776804.0,0.19349,0.304281592369,0.497771592369,0.313956092369,64.99507198587557,39.73068030234112,62.99226063992367,0.6700522885141811,0.4095946422921765,0.6494047488651925,AlphaSparse 248af573c867cf4c7e05d40c611c7c34ebac4715,CUDA,13040,13000,2026-10-06T02:54:21.405920+00:00,derived,csr-alg3,0,0,,,,5,20,4,true
3,A100-SXM4-80GB-suitesparse_all-fp64-n2-row-major-AlphaSparse-SpMM-CSR-pre-plus-solve,AlphaSparse-SpMM-CSR-best-pre-plus-solve,AlphaSparseLib CSR PER MATRIX BEST,per-matrix-best,AlphaSparse-SpMM-CSR,best,pre-plus-solve,"csr-alg1,csr-alg2,csr-alg3,csr-alg4,csr-alg5",manual-selection,csr,ALPHASPARSE_SPMM_CSR_ALG1,workspace-setup,spmm.csr.fp64,fp64,A100-SXM4-80GB,A100-SXM4-80GB,,9700.0,152f8cc9-7213-5fba-8430-8cd9341fa530,suitesparse_all,Sumner/graphics,graphics,29493,11822,117954,2,row-major,N,N,1.0,0.0,20260922,main,pass,pass,0,0,471816.0,0.02409,0.00614399984479,0.0302339998448,0.00734849984479,76.79297068994742,15.605477357345046,64.20575763290137,0.7916801102056436,0.16088120986953655,0.6619150271433131,AlphaSparse 248af573c867cf4c7e05d40c611c7c34ebac4715,CUDA,13040,13000,2026-10-07T22:26:14.398390+00:00,derived,csr-alg1,0,0,,,,5,20,4,true
3,A100-SXM4-80GB-suitesparse_all-fp64-n2-row-major-AlphaSparse-SpMM-CSR-pre-plus-solve,AlphaSparse-SpMM-CSR-best-pre-plus-solve,AlphaSparseLib CSR PER MATRIX BEST,per-matrix-best,AlphaSparse-SpMM-CSR,best,pre-plus-solve,"csr-alg1,csr-alg2,csr-alg3,csr-alg4,csr-alg5",manual-selection,csr,ALPHASPARSE_SPMM_CSR_ALG1,workspace-setup,spmm.csr.fp64,fp64,A100-SXM4-80GB,A100-SXM4-80GB,,9700.0,a0827285-e98d-55a9-b486-73107367c8f5,suitesparse_all,Szczerba/Ill_Stokes,Ill_Stokes,20896,20896,191368,2,row-major,N,N,1.0,0.0,20260922,main,pass,pass,0,0,765472.0,0.018011,0.0109056003392,0.0289166003392,0.0118061503392,70.19072551636827,26.471714898044528,64.83671459429081,0.7236157269728688,0.2729042772994281,0.6684197380854723,AlphaSparse 248af573c867cf4c7e05d40c611c7c34ebac4715,CUDA,13040,13000,2026-10-06T07:08:16.001568+00:00,derived,csr-alg1,0,0,,,,5,20,4,true
3,A100-SXM4-80GB-suitesparse_all-fp64-n2-row-major-AlphaSparse-SpMM-CSR-pre-plus-solve,AlphaSparse-SpMM-CSR-best-pre-plus-solve,AlphaSparseLib CSR PER MATRIX BEST,per-matrix-best,AlphaSparse-SpMM-CSR,best,pre-plus-solve,"csr-alg1,csr-alg2,csr-alg3,csr-alg4,csr-alg5",manual-selection,csr,ALPHASPARSE_SPMM_CSR_ALG5,workspace-setup,spmm.csr.fp64,fp64,A100-SXM4-80GB,A100-SXM4-80GB,,9700.0,752b02ae-c4ef-54eb-ad5c-0957985c94ee,suitesparse_all,TAMU_SmartGridCenter/ACTIVSg10K,ACTIVSg10K,20000,20000,137736,2,row-major,N,N,1.0,0.0,20260922,main,pass,pass,0,0,550944.0,0.01314,0.0158720001578,0.0290120001578,0.0165290001578,34.71169320328219,18.990210843904066,33.3319616879555,0.35785250725033185,0.1957753695247842,0.3436284710098505,AlphaSparse 248af573c867cf4c7e05d40c611c7c34ebac4715,CUDA,13040,13000,2026-10-08T08:39:36.923487+00:00,derived,csr-alg5,0,0,,,,5,20,4,true
3,A100-SXM4-80GB-suitesparse_all-fp64-n2-row-major-AlphaSparse-SpMM-CSR-pre-plus-solve,AlphaSparse-SpMM-CSR-best-pre-plus-solve,AlphaSparseLib CSR PER MATRIX BEST,per-matrix-best,AlphaSparse-SpMM-CSR,best,pre-plus-solve,"csr-alg1,csr-alg2,csr-alg3,csr-alg4,csr-alg5",manual-selection,csr,ALPHASPARSE_SPMM_CSR_ALG1,workspace-setup,spmm.csr.fp64,fp64,A100-SXM4-80GB,A100-SXM4-80GB,,9700.0,152f8cc9-7213-5fba-8430-8cd9341fa530,suitesparse_all,TAMU_SmartGridCenter/ACTIVSg70K,ACTIVSg70K,69999,69999,238627,2,row-major,N,N,1.0,0.0,20260922,main,pass,pass,0,0,954508.0,0.02465,0.0138751998544,0.0385251998544,0.0151076998544,68.79237848940342,24.776198529985944,63.180233205520494,0.7091997782412723,0.25542472711325714,0.6513426103661907,AlphaSparse 248af573c867cf4c7e05d40c611c7c34ebac4715,CUDA,13040,13000,2026-10-07T22:41:20.322412+00:00,derived,csr-alg1,0,0,,,,5,20,4,true
3,A100-SXM4-80GB-suitesparse_all-fp64-n2-row-major-AlphaSparse-SpMM-CSR-pre-plus-solve,AlphaSparse-SpMM-CSR-best-pre-plus-solve,AlphaSparseLib CSR PER MATRIX BEST,per-matrix-best,AlphaSparse-SpMM-CSR,best,pre-plus-solve,"csr-alg1,csr-alg2,csr-alg3,csr-alg4,csr-alg5",manual-selection,csr,ALPHASPARSE_SPMM_CSR_ALG5,workspace-setup,spmm.csr.fp64,fp64,A100-SXM4-80GB,A100-SXM4-80GB,,9700.0,005fdebf-9ece-5bc0-9d3c-6fda0356699d,suitesparse_all,TKK/cbuckle,cbuckle,13681,13681,676515,2,row-major,N,N,1.0,0.0,20260922,main,pass,pass,0,0,2706060.0,0.01546,0.0226815998554,0.0381415998554,0.0234545998554,119.30639889830105,70.94773187960239,115.37438356156729,1.229962875240217,0.7314199162845607,1.1894266346553328,AlphaSparse 248af573c867cf4c7e05d40c611c7c34ebac4715,CUDA,13040,13000,2026-10-08T15:37:09.613277+00:00,derived,csr-alg5,0,0,,,,5,20,4,true
3,A100-SXM4-80GB-suitesparse_all-fp64-n2-row-major-AlphaSparse-SpMM-CSR-pre-plus-solve,AlphaSparse-SpMM-CSR-best-pre-plus-solve,AlphaSparseLib CSR PER MATRIX BEST,per-matrix-best,AlphaSparse-SpMM-CSR,best,pre-plus-solve,"csr-alg1,csr-alg2,csr-alg3,csr-alg4,csr-alg5",manual-selection,csr,ALPHASPARSE_SPMM_CSR_ALG5,workspace-setup,spmm.csr.fp64,fp64,A100-SXM4-80GB,A100-SXM4-80GB,,9700.0,d94c6f41-d28e-5f45-abb9-189a8a3b4f78,suitesparse_all,TKK/cyl6,cyl6,13681,13681,714241,2,row-major,N,N,1.0,0.0,20260922,main,pass,pass,0,0,2856964.0,0.01786,0.0228863999248,0.0407463999248,0.0237793999248,124.83238995156057,70.11574041566135,120.14449519478481,1.2869318551707274,0.7228426846975397,1.2386030432452042,AlphaSparse 248af573c867cf4c7e05d40c611c7c34ebac4715,CUDA,13040,13000,2026-10-06T03:41:14.544694+00:00,derived,csr-alg5,0,0,,,,5,20,4,true
3,A100-SXM4-80GB-suitesparse_all-fp64-n2-row-major-AlphaSparse-SpMM-CSR-pre-plus-solve,AlphaSparse-SpMM-CSR-best-pre-plus-solve,AlphaSparseLib CSR PER MATRIX BEST,per-matrix-best,AlphaSparse-SpMM-CSR,best,pre-plus-solve,"csr-alg1,csr-alg2,csr-alg3,csr-alg4,csr-alg5",manual-selection,csr,ALPHASPARSE_SPMM_CSR_ALG1,workspace-setup,spmm.csr.fp64,fp64,A100-SXM4-80GB,A100-SXM4-80GB,,9700.0,a0827285-e98d-55a9-b486-73107367c8f5,suitesparse_all,TKK/engine,engine,143571,143571,4706073,2,row-major,N,N,1.0,0.0,20260922,main,pass,pass,0,0,18824292.0,0.03271,0.125235199928,0.157945199928,0.126870699928,150.31150994945853,119.18242535120496,148.37383265547453,1.5496031953552425,1.2286847974351027,1.529627140778088,AlphaSparse 248af573c867cf4c7e05d40c611c7c34ebac4715,CUDA,13040,13000,2026-10-06T07:08:56.032779+00:00,derived,csr-alg1,0,0,,,,5,20,4,true
3,A100-SXM4-80GB-suitesparse_all-fp64-n2-row-major-AlphaSparse-SpMM-CSR-pre-plus-solve,AlphaSparse-SpMM-CSR-best-pre-plus-solve,AlphaSparseLib CSR PER MATRIX BEST,per-matrix-best,AlphaSparse-SpMM-CSR,best,pre-plus-solve,"csr-alg1,csr-alg2,csr-alg3,csr-alg4,csr-alg5",manual-selection,csr,ALPHASPARSE_SPMM_CSR_ALG3,workspace-setup,spmm.csr.fp64,fp64,A100-SXM4-80GB,A100-SXM4-80GB,,9700.0,dd6a9a30-d69d-5ea7-834e-7b0f3242a57c,suitesparse_all,TKK/plbuckle,plbuckle,1282,1282,30644,2,row-major,N,N,1.0,0.0,20260922,main,pass,pass,0,0,122576.0,0.01283,0.0119103997946,0.0247403997946,0.0125518997946,10.291510118373537,4.954487438265012,9.76553366469145,0.10609804245745914,0.05107719008520631,0.1006756047906335,AlphaSparse 248af573c867cf4c7e05d40c611c7c34ebac4715,CUDA,13040,13000,2026-10-06T21:11:09.988580+00:00,derived,csr-alg3,0,0,,,,5,20,4,true
3,A100-SXM4-80GB-suitesparse_all-fp64-n2-row-major-AlphaSparse-SpMM-CSR-pre-plus-solve,AlphaSparse-SpMM-CSR-best-pre-plus-solve,AlphaSparseLib CSR PER MATRIX BEST,per-matrix-best,AlphaSparse-SpMM-CSR,best,pre-plus-solve,"csr-alg1,csr-alg2,csr-alg3,csr-alg4,csr-alg5",manual-selection,csr,ALPHASPARSE_SPMM_CSR_ALG1,workspace-setup,spmm.csr.fp64,fp64,A100-SXM4-80GB,A100-SXM4-80GB,,9700.0,018f64fd-81d1-5f6a-986f-7d386c913e5c,suitesparse_all,TKK/s4dkt3m2,s4dkt3m2,90449,90449,3753461,2,row-major,N,N,1.0,0.0,20260922,main,pass,pass,0,0,15013844.0,0.02124,0.069068801403,0.090308801403,0.070130801403,217.37519248955545,166.25006385591615,214.08345120319342,2.240981365871706,1.7139181840816098,2.207045888692716,AlphaSparse 248af573c867cf4c7e05d40c611c7c34ebac4715,CUDA,13040,13000,2026-10-06T20:31:52.545534+00:00,derived,csr-alg1,0,0,,,,5,20,4,true
3,A100-SXM4-80GB-suitesparse_all-fp64-n2-row-major-AlphaSparse-SpMM-CSR-pre-plus-solve,AlphaSparse-SpMM-CSR-best-pre-plus-solve,AlphaSparseLib CSR PER MATRIX BEST,per-matrix-best,AlphaSparse-SpMM-CSR,best,pre-plus-solve,"csr-alg1,csr-alg2,csr-alg3,csr-alg4,csr-alg5",manual-selection,csr,ALPHASPARSE_SPMM_CSR_ALG5,workspace-setup,spmm.csr.fp64,fp64,A100-SXM4-80GB,A100-SXM4-80GB,,9700.0,152f8cc9-7213-5fba-8430-8cd9341fa530,suitesparse_all,TKK/smt,smt,25710,25710,3753184,2,row-major,N,N,1.0,0.0,20260922,main,pass,pass,0,0,15012736.0,0.02917,0.118220794201,0.147390794201,0.119679294201,126.98896248721879,101.85667348753687,125.44138148731294,1.3091645617239052,1.0500687988405861,1.2932101184259066,AlphaSparse 248af573c867cf4c7e05d40c611c7c34ebac4715,CUDA,13040,13000,2026-10-08T02:23:52.611077+00:00,derived,csr-alg5,0,0,,,,5,20,4,true
3,A100-SXM4-80GB-suitesparse_all-fp64-n2-row-major-AlphaSparse-SpMM-CSR-pre-plus-solve,AlphaSparse-SpMM-CSR-best-pre-plus-solve,AlphaSparseLib CSR PER MATRIX BEST,per-matrix-best,AlphaSparse-SpMM-CSR,best,pre-plus-solve,"csr-alg1,csr-alg2,csr-alg3,csr-alg4,csr-alg5",manual-selection,csr,ALPHASPARSE_SPMM_CSR_ALG1,workspace-setup,spmm.csr.fp64,fp64,A100-SXM4-80GB,A100-SXM4-80GB,,9700.0,752b02ae-c4ef-54eb-ad5c-0957985c94ee,suitesparse_all,TKK/t2d_q4,t2d_q4,9801,9801,87025,2,row-major,N,N,1.0,0.0,20260922,main,pass,pass,0,0,348100.0,0.01611,0.00732159987092,0.0234315998709,0.00812709987092,47.54425346058406,14.856006500533914,42.83200717706876,0.4901469428926192,0.15315470619107127,0.4415670842996779,AlphaSparse 248af573c867cf4c7e05d40c611c7c34ebac4715,CUDA,13040,13000,2026-10-08T03:37:31.300307+00:00,derived,csr-alg1,0,0,,,,5,20,4,true
3,A100-SXM4-80GB-suitesparse_all-fp64-n2-row-major-AlphaSparse-SpMM-CSR-pre-plus-solve,AlphaSparse-SpMM-CSR-best-pre-plus-solve,AlphaSparseLib CSR PER MATRIX BEST,per-matrix-best,AlphaSparse-SpMM-CSR,best,pre-plus-solve,"csr-alg1,csr-alg2,csr-alg3,csr-alg4,csr-alg5",manual-selection,csr,ALPHASPARSE_SPMM_CSR_ALG3,workspace-setup,spmm.csr.fp64,fp64,A100-SXM4-80GB,A100-SXM4-80GB,,9700.0,152f8cc9-7213-5fba-8430-8cd9341fa530,suitesparse_all,TKK/t2d_q9,t2d_q9,9801,9801,87025,2,row-major,N,N,1.0,0.0,20260922,main,pass,pass,0,0,348100.0,0.0139,0.0162816002965,0.0301816002965,0.0169766002965,21.379962267887752,11.533516996458511,20.504694339288086,0.2204119821431727,0.11890223707689188,0.21138860143595967,AlphaSparse 248af573c867cf4c7e05d40c611c7c34ebac4715,CUDA,13040,13000,2026-10-08T00:26:16.158415+00:00,derived,csr-alg3,0,0,,,,5,20,4,true
3,A100-SXM4-80GB-suitesparse_all-fp64-n2-row-major-AlphaSparse-SpMM-CSR-pre-plus-solve,AlphaSparse-SpMM-CSR-best-pre-plus-solve,AlphaSparseLib CSR PER MATRIX BEST,per-matrix-best,AlphaSparse-SpMM-CSR,best,pre-plus-solve,"csr-alg1,csr-alg2,csr-alg3,csr-alg4,csr-alg5",manual-selection,csr,ALPHASPARSE_SPMM_CSR_ALG5,workspace-setup,spmm.csr.fp64,fp64,A100-SXM4-80GB,A100-SXM4-80GB,,9700.0,752b02ae-c4ef-54eb-ad5c-0957985c94ee,suitesparse_all,TKK/t520,t520,5563,5563,286341,2,row-major,N,N,1.0,0.0,20260922,main,pass,pass,0,0,1145364.0,0.01346,0.0196608006954,0.0331208006954,0.0203338006954,58.256223525422264,34.58141035096034,56.32808234709948,0.6005796239734253,0.3565093850614468,0.5807018798670049,AlphaSparse 248af573c867cf4c7e05d40c611c7c34ebac4715,CUDA,13040,13000,2026-10-08T08:01:51.404286+00:00,derived,csr-alg5,0,0,,,,5,20,4,true
3,A100-SXM4-80GB-suitesparse_all-fp64-n2-row-major-AlphaSparse-SpMM-CSR-pre-plus-solve,AlphaSparse-SpMM-CSR-best-pre-plus-solve,AlphaSparseLib CSR PER MATRIX BEST,per-matrix-best,AlphaSparse-SpMM-CSR,best,pre-plus-solve,"csr-alg1,csr-alg2,csr-alg3,csr-alg4,csr-alg5",manual-selection,csr,ALPHASPARSE_SPMM_CSR_ALG1,workspace-setup,spmm.csr.fp64,fp64,A100-SXM4-80GB,A100-SXM4-80GB,,9700.0,018f64fd-81d1-5f6a-986f-7d386c913e5c,suitesparse_all,TKK/tube1,tube1,21498,21498,897056,2,row-major,N,N,1.0,0.0,20260922,main,pass,pass,0,0,3588224.0,0.01683,0.0195583999157,0.0363883999157,0.0203998999157,183.46204267556908,98.60900749449658,175.89419628664263,1.8913612646965883,1.0165877061288309,1.8133422297592023,AlphaSparse 248af573c867cf4c7e05d40c611c7c34ebac4715,CUDA,13040,13000,2026-10-06T20:31:53.720379+00:00,derived,csr-alg1,0,0,,,,5,20,4,true
3,A100-SXM4-80GB-suitesparse_all-fp64-n2-row-major-AlphaSparse-SpMM-CSR-pre-plus-solve,AlphaSparse-SpMM-CSR-best-pre-plus-solve,AlphaSparseLib CSR PER MATRIX BEST,per-matrix-best,AlphaSparse-SpMM-CSR,best,pre-plus-solve,"csr-alg1,csr-alg2,csr-alg3,csr-alg4,csr-alg5",manual-selection,csr,ALPHASPARSE_SPMM_CSR_ALG1,workspace-setup,spmm.csr.fp64,fp64,A100-SXM4-80GB,A100-SXM4-80GB,,9700.0,dd6a9a30-d69d-5ea7-834e-7b0f3242a57c,suitesparse_all,TOKAMAK/utm1700b,utm1700b,1700,1700,21509,2,row-major,N,N,1.0,0.0,20260922,main,pass,pass,0,0,86036.0,0.013391,0.0117247998714,0.0251157998714,0.0123943498714,7.337950407995055,3.425572764575632,6.941550052458043,0.07564897327829953,0.03531518313995497,0.07156237167482518,AlphaSparse 248af573c867cf4c7e05d40c611c7c34ebac4715,CUDA,13040,13000,2026-10-06T19:49:55.814811+00:00,derived,csr-alg1,0,0,,,,5,20,4,true
3,A100-SXM4-80GB-suitesparse_all-fp64-n2-row-major-AlphaSparse-SpMM-CSR-pre-plus-solve,AlphaSparse-SpMM-CSR-best-pre-plus-solve,AlphaSparseLib CSR PER MATRIX BEST,per-matrix-best,AlphaSparse-SpMM-CSR,best,pre-plus-solve,"csr-alg1,csr-alg2,csr-alg3,csr-alg4,csr-alg5",manual-selection,csr,ALPHASPARSE_SPMM_CSR_ALG1,workspace-setup,spmm.csr.fp64,fp64,A100-SXM4-80GB,A100-SXM4-80GB,,9700.0,005fdebf-9ece-5bc0-9d3c-6fda0356699d,suitesparse_all,TOKAMAK/utm300,utm300,300,300,3155,2,row-major,N,N,1.0,0.0,20260922,main,pass,pass,0,0,12620.0,0.01216,0.0120159998536,0.0241759998536,0.0126239998536,1.0502663243807417,0.5220052976680003,0.9996831548125487,0.010827487880213833,0.005381497914103096,0.010306011905284006,AlphaSparse 248af573c867cf4c7e05d40c611c7c34ebac4715,CUDA,13040,13000,2026-10-08T13:54:04.922679+00:00,derived,csr-alg1,0,0,,,,5,20,4,true
3,A100-SXM4-80GB-suitesparse_all-fp64-n2-row-major-AlphaSparse-SpMM-CSR-pre-plus-solve,AlphaSparse-SpMM-CSR-best-pre-plus-solve,AlphaSparseLib CSR PER MATRIX BEST,per-matrix-best,AlphaSparse-SpMM-CSR,best,pre-plus-solve,"csr-alg1,csr-alg2,csr-alg3,csr-alg4,csr-alg5",manual-selection,csr,ALPHASPARSE_SPMM_CSR_ALG1,workspace-setup,spmm.csr.fp64,fp64,A100-SXM4-80GB,A100-SXM4-80GB,,9700.0,d94c6f41-d28e-5f45-abb9-189a8a3b4f78,suitesparse_all,TOKAMAK/utm3060,utm3060,3060,3060,42211,2,row-major,N,N,1.0,0.0,20260922,main,pass,pass,0,0,168844.0,0.01296,0.0116223998368,0.0245823998368,0.0122703998368,14.527464411040938,6.86849132391214,13.760268796915819,0.14976767434062824,0.07080918890631072,0.14185844120531774,AlphaSparse 248af573c867cf4c7e05d40c611c7c34ebac4715,CUDA,13040,13000,2026-10-06T01:50:28.631898+00:00,derived,csr-alg1,0,0,,,,5,20,4,true
3,A100-SXM4-80GB-suitesparse_all-fp64-n2-row-major-AlphaSparse-SpMM-CSR-pre-plus-solve,AlphaSparse-SpMM-CSR-best-pre-plus-solve,AlphaSparseLib CSR PER MATRIX BEST,per-matrix-best,AlphaSparse-SpMM-CSR,best,pre-plus-solve,"csr-alg1,csr-alg2,csr-alg3,csr-alg4,csr-alg5",manual-selection,csr,ALPHASPARSE_SPMM_CSR_ALG5,workspace-setup,spmm.csr.fp64,fp64,A100-SXM4-80GB,A100-SXM4-80GB,,9700.0,018f64fd-81d1-5f6a-986f-7d386c913e5c,suitesparse_all,TOKAMAK/utm5940,utm5940,5940,5940,83842,2,row-major,N,N,1.0,0.0,20260922,main,pass,pass,0,0,335368.0,0.01314,0.01520639956,0.02834639956,0.01586339956,22.05439878629626,11.831061623545393,21.14099179886004,0.22736493594119858,0.12196970745923086,0.21794836906041276,AlphaSparse 248af573c867cf4c7e05d40c611c7c34ebac4715,CUDA,13040,13000,2026-10-06T23:07:19.905187+00:00,derived,csr-alg5,0,0,,,,5,20,4,true
3,A100-SXM4-80GB-suitesparse_all-fp64-n2-row-major-AlphaSparse-SpMM-CSR-pre-plus-solve,AlphaSparse-SpMM-CSR-best-pre-plus-solve,AlphaSparseLib CSR PER MATRIX BEST,per-matrix-best,AlphaSparse-SpMM-CSR,best,pre-plus-solve,"csr-alg1,csr-alg2,csr-alg3,csr-alg4,csr-alg5",manual-selection,csr,ALPHASPARSE_SPMM_CSR_ALG5,workspace-setup,spmm.csr.fp64,fp64,A100-SXM4-80GB,A100-SXM4-80GB,,9700.0,752b02ae-c4ef-54eb-ad5c-0957985c94ee,suitesparse_all,Toledo/deltaX,deltaX,68600,21961,247424,2,row-major,N,N,1.0,0.0,20260922,main,pass,pass,0,0,989696.0,0.01407,0.0211968004704,0.0352668004704,0.0219003004704,46.69082021987462,28.063107137566053,45.19097814834335,0.4813486620605631,0.2893103828615057,0.4658863726633335,AlphaSparse 248af573c867cf4c7e05d40c611c7c34ebac4715,CUDA,13040,13000,2026-10-08T07:59:52.122028+00:00,derived,csr-alg5,0,0,,,,5,20,4,true
3,A100-SXM4-80GB-suitesparse_all-fp64-n2-row-major-AlphaSparse-SpMM-CSR-pre-plus-solve,AlphaSparse-SpMM-CSR-best-pre-plus-solve,AlphaSparseLib CSR PER MATRIX BEST,per-matrix-best,AlphaSparse-SpMM-CSR,best,pre-plus-solve,"csr-alg1,csr-alg2,csr-alg3,csr-alg4,csr-alg5",manual-selection,csr,ALPHASPARSE_SPMM_CSR_ALG5,workspace-setup,spmm.csr.fp64,fp64,A100-SXM4-80GB,A100-SXM4-80GB,,9700.0,a0827285-e98d-55a9-b486-73107367c8f5,suitesparse_all,Tromble/language,language,399130,399130,1216334,2,row-major,N,N,1.0,0.0,20260922,main,pass,pass,0,0,4865336.0,0.02798,0.0525824010372,0.0805624010372,0.0539814010372,92.52784019044631,60.392142455553326,90.129857812456,0.9538952596953229,0.6225994067582817,0.9291737918809896,AlphaSparse 248af573c867cf4c7e05d40c611c7c34ebac4715,CUDA,13040,13000,2026-10-06T08:57:43.167446+00:00,derived,csr-alg5,0,0,,,,5,20,4,true
3,A100-SXM4-80GB-suitesparse_all-fp64-n2-row-major-AlphaSparse-SpMM-CSR-pre-plus-solve,AlphaSparse-SpMM-CSR-best-pre-plus-solve,AlphaSparseLib CSR PER MATRIX BEST,per-matrix-best,AlphaSparse-SpMM-CSR,best,pre-plus-solve,"csr-alg1,csr-alg2,csr-alg3,csr-alg4,csr-alg5",manual-selection,csr,ALPHASPARSE_SPMM_CSR_ALG5,workspace-setup,spmm.csr.fp64,fp64,A100-SXM4-80GB,A100-SXM4-80GB,,9700.0,152f8cc9-7213-5fba-8430-8cd9341fa530,suitesparse_all,TSOPF/TSOPF_FS_b162_c1,TSOPF_FS_b162_c1,10798,10798,608540,2,row-major,N,N,1.0,0.0,20260922,main,pass,pass,0,0,2434160.0,0.024391,0.0262656003237,0.0506566003237,0.0274851503237,92.67482829256359,48.05217848109644,88.56273192368401,0.9554106009542638,0.4953832833102726,0.9130178548833403,AlphaSparse 248af573c867cf4c7e05d40c611c7c34ebac4715,CUDA,13040,13000,2026-10-08T02:24:30.405881+00:00,derived,csr-alg5,0,0,,,,5,20,4,true
3,A100-SXM4-80GB-suitesparse_all-fp64-n2-row-major-AlphaSparse-SpMM-CSR-pre-plus-solve,AlphaSparse-SpMM-CSR-best-pre-plus-solve,AlphaSparseLib CSR PER MATRIX BEST,per-matrix-best,AlphaSparse-SpMM-CSR,best,pre-plus-solve,"csr-alg1,csr-alg2,csr-alg3,csr-alg4,csr-alg5",manual-selection,csr,ALPHASPARSE_SPMM_CSR_ALG5,workspace-setup,spmm.csr.fp64,fp64,A100-SXM4-80GB,A100-SXM4-80GB,,9700.0,a0827285-e98d-55a9-b486-73107367c8f5,suitesparse_all,TSOPF/TSOPF_FS_b162_c3,TSOPF_FS_b162_c3,30798,30798,1801300,2,row-major,N,N,1.0,0.0,20260922,main,pass,pass,0,0,7205200.0,0.01839,0.0465983986855,0.0649883986855,0.0475178986855,154.62333906855983,110.86901886701818,151.6312841964675,1.594055041943916,1.1429795759486412,1.5632091154275,AlphaSparse 248af573c867cf4c7e05d40c611c7c34ebac4715,CUDA,13040,13000,2026-10-06T09:01:55.473875+00:00,derived,csr-alg5,0,0,,,,5,20,4,true
3,A100-SXM4-80GB-suitesparse_all-fp64-n2-row-major-AlphaSparse-SpMM-CSR-pre-plus-solve,AlphaSparse-SpMM-CSR-best-pre-plus-solve,AlphaSparseLib CSR PER MATRIX BEST,per-matrix-best,AlphaSparse-SpMM-CSR,best,pre-plus-solve,"csr-alg1,csr-alg2,csr-alg3,csr-alg4,csr-alg5",manual-selection,csr,ALPHASPARSE_SPMM_CSR_ALG5,workspace-setup,spmm.csr.fp64,fp64,A100-SXM4-80GB,A100-SXM4-80GB,,9700.0,dd6a9a30-d69d-5ea7-834e-7b0f3242a57c,suitesparse_all,TSOPF/TSOPF_FS_b162_c4,TSOPF_FS_b162_c4,40798,40798,2398220,2,row-major,N,N,1.0,0.0,20260922,main,pass,pass,0,0,9592880.0,0.01489,0.0627200007439,0.0776100007439,0.0634645007439,152.94770226757342,123.60365813749826,151.15347773254226,1.5767804357481798,1.2742645168814253,1.5582832755932192,AlphaSparse 248af573c867cf4c7e05d40c611c7c34ebac4715,CUDA,13040,13000,2026-10-06T22:26:38.217086+00:00,derived,csr-alg5,0,0,,,,5,20,4,true
3,A100-SXM4-80GB-suitesparse_all-fp64-n2-row-major-AlphaSparse-SpMM-CSR-pre-plus-solve,AlphaSparse-SpMM-CSR-best-pre-plus-solve,AlphaSparseLib CSR PER MATRIX BEST,per-matrix-best,AlphaSparse-SpMM-CSR,best,pre-plus-solve,"csr-alg1,csr-alg2,csr-alg3,csr-alg4,csr-alg5",manual-selection,csr,ALPHASPARSE_SPMM_CSR_ALG5,workspace-setup,spmm.csr.fp64,fp64,A100-SXM4-80GB,A100-SXM4-80GB,,9700.0,752b02ae-c4ef-54eb-ad5c-0957985c94ee,suitesparse_all,TSOPF/TSOPF_FS_b300,TSOPF_FS_b300,29214,29214,4400122,2,row-major,N,N,1.0,0.0,20260922,main,pass,pass,0,0,17600488.0,0.01404,0.151244795322,0.165284795322,0.151946795322,116.37086725879448,106.4858262716275,115.83322940573835,1.1996996624617986,1.09779202341884,1.1941570041828695,AlphaSparse 248af573c867cf4c7e05d40c611c7c34ebac4715,CUDA,13040,13000,2026-10-08T08:02:27.034281+00:00,derived,csr-alg5,0,0,,,,5,20,4,true
3,A100-SXM4-80GB-suitesparse_all-fp64-n2-row-major-AlphaSparse-SpMM-CSR-pre-plus-solve,AlphaSparse-SpMM-CSR-best-pre-plus-solve,AlphaSparseLib CSR PER MATRIX BEST,per-matrix-best,AlphaSparse-SpMM-CSR,best,pre-plus-solve,"csr-alg1,csr-alg2,csr-alg3,csr-alg4,csr-alg5",manual-selection,csr,ALPHASPARSE_SPMM_CSR_ALG5,workspace-setup,spmm.csr.fp64,fp64,A100-SXM4-80GB,A100-SXM4-80GB,,9700.0,005fdebf-9ece-5bc0-9d3c-6fda0356699d,suitesparse_all,TSOPF/TSOPF_FS_b300_c1,TSOPF_FS_b300_c1,29214,29214,4400122,2,row-major,N,N,1.0,0.0,20260922,main,pass,pass,0,0,17600488.0,0.02274,0.262860798836,0.285600798836,0.263997798836,66.95744697550366,61.62618617221269,66.669071021057,0.690282958510347,0.6353215069300278,0.6873100105263608,AlphaSparse 248af573c867cf4c7e05d40c611c7c34ebac4715,CUDA,13040,13000,2026-10-08T15:38:23.250156+00:00,derived,csr-alg5,0,0,,,,5,20,4,true
3,A100-SXM4-80GB-suitesparse_all-fp64-n2-row-major-AlphaSparse-SpMM-CSR-pre-plus-solve,AlphaSparse-SpMM-CSR-best-pre-plus-solve,AlphaSparseLib CSR PER MATRIX BEST,per-matrix-best,AlphaSparse-SpMM-CSR,best,pre-plus-solve,"csr-alg1,csr-alg2,csr-alg3,csr-alg4,csr-alg5",manual-selection,csr,ALPHASPARSE_SPMM_CSR_ALG4,workspace-setup,spmm.csr.fp64,fp64,A100-SXM4-80GB,A100-SXM4-80GB,,9700.0,d94c6f41-d28e-5f45-abb9-189a8a3b4f78,suitesparse_all,TSOPF/TSOPF_FS_b300_c2,TSOPF_FS_b300_c2,56814,56814,8767466,2,row-major,N,N,1.0,0.0,20260922,main,pass,pass,0,0,35069864.0,0.01686,0.464383983612,0.481243983612,0.465226983612,75.51910754377225,72.87335570780841,75.3822655077297,0.7785475004512603,0.7512717083279218,0.7771367578116464,AlphaSparse 248af573c867cf4c7e05d40c611c7c34ebac4715,CUDA,13040,13000,2026-10-06T03:18:04.838399+00:00,derived,csr-alg4,0,0,,,,5,20,4,true
3,A100-SXM4-80GB-suitesparse_all-fp64-n2-row-major-AlphaSparse-SpMM-CSR-pre-plus-solve,AlphaSparse-SpMM-CSR-best-pre-plus-solve,AlphaSparseLib CSR PER MATRIX BEST,per-matrix-best,AlphaSparse-SpMM-CSR,best,pre-plus-solve,"csr-alg1,csr-alg2,csr-alg3,csr-alg4,csr-alg5",manual-selection,csr,ALPHASPARSE_SPMM_CSR_ALG5,workspace-setup,spmm.csr.fp64,fp64,A100-SXM4-80GB,A100-SXM4-80GB,,9700.0,018f64fd-81d1-5f6a-986f-7d386c913e5c,suitesparse_all,TSOPF/TSOPF_FS_b300_c3,TSOPF_FS_b300_c3,84414,84414,13135930,2,row-major,N,N,1.0,0.0,20260922,main,pass,pass,0,0,52543720.0,0.05,0.450048017502,0.500048017502,0.452548017502,116.75136420252421,105.07734889637842,116.10639748248987,1.203622311366229,1.083271638106994,1.196973169922576,AlphaSparse 248af573c867cf4c7e05d40c611c7c34ebac4715,CUDA,13040,13000,2026-10-06T23:13:41.350914+00:00,derived,csr-alg5,0,0,,,,5,20,4,true
3,A100-SXM4-80GB-suitesparse_all-fp64-n2-row-major-AlphaSparse-SpMM-CSR-pre-plus-solve,AlphaSparse-SpMM-CSR-best-pre-plus-solve,AlphaSparseLib CSR PER MATRIX BEST,per-matrix-best,AlphaSparse-SpMM-CSR,best,pre-plus-solve,"csr-alg1,csr-alg2,csr-alg3,csr-alg4,csr-alg5",manual-selection,csr,ALPHASPARSE_SPMM_CSR_ALG5,workspace-setup,spmm.csr.fp64,fp64,A100-SXM4-80GB,A100-SXM4-80GB,,9700.0,752b02ae-c4ef-54eb-ad5c-0957985c94ee,suitesparse_all,TSOPF/TSOPF_FS_b39_c30,TSOPF_FS_b39_c30,120216,120216,3121160,2,row-major,N,N,1.0,0.0,20260922,main,pass,pass,0,0,12484640.0,0.01702,0.10357760191,0.12059760191,0.10442860191,120.53416732748916,103.52311988191175,119.55192132859993,1.2426202817266923,1.0672486585764098,1.2324940343154633,AlphaSparse 248af573c867cf4c7e05d40c611c7c34ebac4715,CUDA,13040,13000,2026-10-08T08:02:28.815941+00:00,derived,csr-alg5,0,0,,,,5,20,4,true
3,A100-SXM4-80GB-suitesparse_all-fp64-n2-row-major-AlphaSparse-SpMM-CSR-pre-plus-solve,AlphaSparse-SpMM-CSR-best-pre-plus-solve,AlphaSparseLib CSR PER MATRIX BEST,per-matrix-best,AlphaSparse-SpMM-CSR,best,pre-plus-solve,"csr-alg1,csr-alg2,csr-alg3,csr-alg4,csr-alg5",manual-selection,csr,ALPHASPARSE_SPMM_CSR_ALG5,workspace-setup,spmm.csr.fp64,fp64,A100-SXM4-80GB,A100-SXM4-80GB,,9700.0,152f8cc9-7213-5fba-8430-8cd9341fa530,suitesparse_all,TSOPF/TSOPF_FS_b39_c7,TSOPF_FS_b39_c7,28216,28216,730080,2,row-major,N,N,1.0,0.0,20260922,main,pass,pass,0,0,2920320.0,0.02012,0.0289279997349,0.0490479997349,0.0299339997349,100.95132835875958,59.54004272924616,97.55862984775816,1.040735343904738,0.6138148734973832,1.005759070595445,AlphaSparse 248af573c867cf4c7e05d40c611c7c34ebac4715,CUDA,13040,13000,2026-10-08T02:24:31.327955+00:00,derived,csr-alg5,0,0,,,,5,20,4,true
3,A100-SXM4-80GB-suitesparse_all-fp64-n2-row-major-AlphaSparse-SpMM-CSR-pre-plus-solve,AlphaSparse-SpMM-CSR-best-pre-plus-solve,AlphaSparseLib CSR PER MATRIX BEST,per-matrix-best,AlphaSparse-SpMM-CSR,best,pre-plus-solve,"csr-alg1,csr-alg2,csr-alg3,csr-alg4,csr-alg5",manual-selection,csr,ALPHASPARSE_SPMM_CSR_ALG2,workspace-setup,spmm.csr.fp64,fp64,A100-SXM4-80GB,A100-SXM4-80GB,,9700.0,a0827285-e98d-55a9-b486-73107367c8f5,suitesparse_all,TSOPF/TSOPF_FS_b9_c1,TSOPF_FS_b9_c1,2454,2454,25032,2,row-major,N,N,1.0,0.0,20260922,main,pass,pass,0,0,100128.0,0.01649,0.0123903997242,0.0288803997242,0.0132148997242,8.081095221200773,3.4669880249648655,7.576901988642333,0.0833102600123791,0.035742144587266655,0.07811239163548797,AlphaSparse 248af573c867cf4c7e05d40c611c7c34ebac4715,CUDA,13040,13000,2026-10-06T07:37:54.801660+00:00,derived,csr-alg2,0,0,,,,5,20,4,true
3,A100-SXM4-80GB-suitesparse_all-fp64-n2-row-major-AlphaSparse-SpMM-CSR-pre-plus-solve,AlphaSparse-SpMM-CSR-best-pre-plus-solve,AlphaSparseLib CSR PER MATRIX BEST,per-matrix-best,AlphaSparse-SpMM-CSR,best,pre-plus-solve,"csr-alg1,csr-alg2,csr-alg3,csr-alg4,csr-alg5",manual-selection,csr,ALPHASPARSE_SPMM_CSR_ALG5,workspace-setup,spmm.csr.fp64,fp64,A100-SXM4-80GB,A100-SXM4-80GB,,9700.0,dd6a9a30-d69d-5ea7-834e-7b0f3242a57c,suitesparse_all,TSOPF/TSOPF_FS_b9_c6,TSOPF_FS_b9_c6,14454,14454,147972,2,row-major,N,N,1.0,0.0,20260922,main,pass,pass,0,0,591888.0,0.01481,0.0165375992656,0.0313475992656,0.0172780992656,35.7904427658488,18.881445911857174,34.25654586777524,0.3689736367613279,0.19465408156553787,0.35316026667809525,AlphaSparse 248af573c867cf4c7e05d40c611c7c34ebac4715,CUDA,13040,13000,2026-10-06T22:26:39.107959+00:00,derived,csr-alg5,0,0,,,,5,20,4,true
3,A100-SXM4-80GB-suitesparse_all-fp64-n2-row-major-AlphaSparse-SpMM-CSR-pre-plus-solve,AlphaSparse-SpMM-CSR-best-pre-plus-solve,AlphaSparseLib CSR PER MATRIX BEST,per-matrix-best,AlphaSparse-SpMM-CSR,best,pre-plus-solve,"csr-alg1,csr-alg2,csr-alg3,csr-alg4,csr-alg5",manual-selection,csr,ALPHASPARSE_SPMM_CSR_ALG5,workspace-setup,spmm.csr.fp64,fp64,A100-SXM4-80GB,A100-SXM4-80GB,,9700.0,005fdebf-9ece-5bc0-9d3c-6fda0356699d,suitesparse_all,TSOPF/TSOPF_RS_b162_c1,TSOPF_RS_b162_c1,5374,5374,205399,2,row-major,N,N,1.0,0.0,20260922,main,pass,pass,0,0,821596.0,0.014889,0.0134143993258,0.0283033993258,0.0141588493258,61.247319395048805,29.028173985132348,58.02703179437771,0.6314156638664825,0.2992595256199211,0.5982168226224507,AlphaSparse 248af573c867cf4c7e05d40c611c7c34ebac4715,CUDA,13040,13000,2026-10-08T15:38:24.057155+00:00,derived,csr-alg5,0,0,,,,5,20,4,true
3,A100-SXM4-80GB-suitesparse_all-fp64-n2-row-major-AlphaSparse-SpMM-CSR-pre-plus-solve,AlphaSparse-SpMM-CSR-best-pre-plus-solve,AlphaSparseLib CSR PER MATRIX BEST,per-matrix-best,AlphaSparse-SpMM-CSR,best,pre-plus-solve,"csr-alg1,csr-alg2,csr-alg3,csr-alg4,csr-alg5",manual-selection,csr,ALPHASPARSE_SPMM_CSR_ALG1,workspace-setup,spmm.csr.fp64,fp64,A100-SXM4-80GB,A100-SXM4-80GB,,9700.0,d94c6f41-d28e-5f45-abb9-189a8a3b4f78,suitesparse_all,TSOPF/TSOPF_RS_b162_c3,TSOPF_RS_b162_c3,15374,15374,610299,2,row-major,N,N,1.0,0.0,20260922,main,pass,pass,0,0,2441196.0,0.01428,0.021913599968,0.036193599968,0.022627599968,111.4009566463215,67.44827820825628,107.88576797593842,1.148463470580634,0.6953430743119204,1.1122244121230764,AlphaSparse 248af573c867cf4c7e05d40c611c7c34ebac4715,CUDA,13040,13000,2026-10-06T01:59:38.717643+00:00,derived,csr-alg1,0,0,,,,5,20,4,true
3,A100-SXM4-80GB-suitesparse_all-fp64-n2-row-major-AlphaSparse-SpMM-CSR-pre-plus-solve,AlphaSparse-SpMM-CSR-best-pre-plus-solve,AlphaSparseLib CSR PER MATRIX BEST,per-matrix-best,AlphaSparse-SpMM-CSR,best,pre-plus-solve,"csr-alg1,csr-alg2,csr-alg3,csr-alg4,csr-alg5",manual-selection,csr,ALPHASPARSE_SPMM_CSR_ALG5,workspace-setup,spmm.csr.fp64,fp64,A100-SXM4-80GB,A100-SXM4-80GB,,9700.0,018f64fd-81d1-5f6a-986f-7d386c913e5c,suitesparse_all,TSOPF/TSOPF_RS_b162_c4,TSOPF_RS_b162_c4,20374,20374,812749,2,row-major,N,N,1.0,0.0,20260922,main,pass,pass,0,0,3250996.0,0.01396,0.0286208003759,0.0425808003759,0.0293188003759,113.58857744374907,76.34887017858894,110.8843458231092,1.1710162623066915,0.7871017544184425,1.1431375858052495,AlphaSparse 248af573c867cf4c7e05d40c611c7c34ebac4715,CUDA,13040,13000,2026-10-06T23:13:42.571287+00:00,derived,csr-alg5,0,0,,,,5,20,4,true
3,A100-SXM4-80GB-suitesparse_all-fp64-n2-row-major-AlphaSparse-SpMM-CSR-pre-plus-solve,AlphaSparse-SpMM-CSR-best-pre-plus-solve,AlphaSparseLib CSR PER MATRIX BEST,per-matrix-best,AlphaSparse-SpMM-CSR,best,pre-plus-solve,"csr-alg1,csr-alg2,csr-alg3,csr-alg4,csr-alg5",manual-selection,csr,ALPHASPARSE_SPMM_CSR_ALG5,workspace-setup,spmm.csr.fp64,fp64,A100-SXM4-80GB,A100-SXM4-80GB,,9700.0,752b02ae-c4ef-54eb-ad5c-0957985c94ee,suitesparse_all,TSOPF/TSOPF_RS_b2383_c1,TSOPF_RS_b2383_c1,38120,38120,16171169,2,row-major,N,N,1.0,0.0,20260922,main,pass,pass,0,0,64684676.0,0.01568,0.505497598648,0.521177598648,0.506281598648,127.96238038124243,124.11254084557771,127.76422483601463,1.3191997977447674,1.2795107303667805,1.3171569570723158,AlphaSparse 248af573c867cf4c7e05d40c611c7c34ebac4715,CUDA,13040,13000,2026-10-08T08:02:40.367816+00:00,derived,csr-alg5,0,0,,,,5,20,4,true
3,A100-SXM4-80GB-suitesparse_all-fp64-n2-row-major-AlphaSparse-SpMM-CSR-pre-plus-solve,AlphaSparse-SpMM-CSR-best-pre-plus-solve,AlphaSparseLib CSR PER MATRIX BEST,per-matrix-best,AlphaSparse-SpMM-CSR,best,pre-plus-solve,"csr-alg1,csr-alg2,csr-alg3,csr-alg4,csr-alg5",manual-selection,csr,ALPHASPARSE_SPMM_CSR_ALG5,workspace-setup,spmm.csr.fp64,fp64,A100-SXM4-80GB,A100-SXM4-80GB,,9700.0,152f8cc9-7213-5fba-8430-8cd9341fa530,suitesparse_all,TSOPF/TSOPF_RS_b300_c1,TSOPF_RS_b300_c1,14538,14538,1474325,2,row-major,N,N,1.0,0.0,20260922,main,pass,pass,0,0,5897300.0,0.02114,0.0497664004564,0.0709064004564,0.0508234004564,118.49962918589186,83.17020694945899,116.03513238078456,1.2216456617102254,0.8574248139119482,1.1962384781524182,AlphaSparse 248af573c867cf4c7e05d40c611c7c34ebac4715,CUDA,13040,13000,2026-10-08T02:24:33.021225+00:00,derived,csr-alg5,0,0,,,,5,20,4,true
3,A100-SXM4-80GB-suitesparse_all-fp64-n2-row-major-AlphaSparse-SpMM-CSR-pre-plus-solve,AlphaSparse-SpMM-CSR-best-pre-plus-solve,AlphaSparseLib CSR PER MATRIX BEST,per-matrix-best,AlphaSparse-SpMM-CSR,best,pre-plus-solve,"csr-alg1,csr-alg2,csr-alg3,csr-alg4,csr-alg5",manual-selection,csr,ALPHASPARSE_SPMM_CSR_ALG5,workspace-setup,spmm.csr.fp64,fp64,A100-SXM4-80GB,A100-SXM4-80GB,,9700.0,a0827285-e98d-55a9-b486-73107367c8f5,suitesparse_all,TSOPF/TSOPF_RS_b300_c2,TSOPF_RS_b300_c2,28338,28338,2943887,2,row-major,N,N,1.0,0.0,20260922,main,pass,pass,0,0,11775548.0,0.01925,0.0995328009129,0.118782800913,0.100495300913,118.308214899977,99.13512654601196,117.17511060735302,1.219672318556464,1.022011613876412,1.2079908310036394,AlphaSparse 248af573c867cf4c7e05d40c611c7c34ebac4715,CUDA,13040,13000,2026-10-06T09:01:59.115534+00:00,derived,csr-alg5,0,0,,,,5,20,4,true
3,A100-SXM4-80GB-suitesparse_all-fp64-n2-row-major-AlphaSparse-SpMM-CSR-pre-plus-solve,AlphaSparse-SpMM-CSR-best-pre-plus-solve,AlphaSparseLib CSR PER MATRIX BEST,per-matrix-best,AlphaSparse-SpMM-CSR,best,pre-plus-solve,"csr-alg1,csr-alg2,csr-alg3,csr-alg4,csr-alg5",manual-selection,csr,ALPHASPARSE_SPMM_CSR_ALG5,workspace-setup,spmm.csr.fp64,fp64,A100-SXM4-80GB,A100-SXM4-80GB,,9700.0,dd6a9a30-d69d-5ea7-834e-7b0f3242a57c,suitesparse_all,TSOPF/TSOPF_RS_b300_c3,TSOPF_RS_b300_c3,42138,42138,4413449,2,row-major,N,N,1.0,0.0,20260922,main,pass,pass,0,0,17653796.0,0.019929,0.141516804695,0.161445804695,0.142513254695,124.74699409761146,109.34812479860457,123.8747654580046,1.2860514855423861,1.1273002556557172,1.2770594377113875,AlphaSparse 248af573c867cf4c7e05d40c611c7c34ebac4715,CUDA,13040,13000,2026-10-06T22:26:43.058470+00:00,derived,csr-alg5,0,0,,,,5,20,4,true
3,A100-SXM4-80GB-suitesparse_all-fp64-n2-row-major-AlphaSparse-SpMM-CSR-pre-plus-solve,AlphaSparse-SpMM-CSR-best-pre-plus-solve,AlphaSparseLib CSR PER MATRIX BEST,per-matrix-best,AlphaSparse-SpMM-CSR,best,pre-plus-solve,"csr-alg1,csr-alg2,csr-alg3,csr-alg4,csr-alg5",manual-selection,csr,ALPHASPARSE_SPMM_CSR_ALG1,workspace-setup,spmm.csr.fp64,fp64,A100-SXM4-80GB,A100-SXM4-80GB,,9700.0,005fdebf-9ece-5bc0-9d3c-6fda0356699d,suitesparse_all,TSOPF/TSOPF_RS_b39_c19,TSOPF_RS_b39_c19,38098,38098,684206,2,row-major,N,N,1.0,0.0,20260922,main,pass,pass,0,0,2736824.0,0.015341,0.0132576003671,0.0285986003671,0.0140246503671,206.43434137535854,95.69783013396902,195.14383092360237,2.1281890863439026,0.9865755683914332,2.011792071377344,AlphaSparse 248af573c867cf4c7e05d40c611c7c34ebac4715,CUDA,13040,13000,2026-10-08T14:00:31.466198+00:00,derived,csr-alg1,0,0,,,,5,20,4,true
3,A100-SXM4-80GB-suitesparse_all-fp64-n2-row-major-AlphaSparse-SpMM-CSR-pre-plus-solve,AlphaSparse-SpMM-CSR-best-pre-plus-solve,AlphaSparseLib CSR PER MATRIX BEST,per-matrix-best,AlphaSparse-SpMM-CSR,best,pre-plus-solve,"csr-alg1,csr-alg2,csr-alg3,csr-alg4,csr-alg5",manual-selection,csr,ALPHASPARSE_SPMM_CSR_ALG1,workspace-setup,spmm.csr.fp64,fp64,A100-SXM4-80GB,A100-SXM4-80GB,,9700.0,d94c6f41-d28e-5f45-abb9-189a8a3b4f78,suitesparse_all,TSOPF/TSOPF_RS_b39_c30,TSOPF_RS_b39_c30,60098,60098,1079986,2,row-major,N,N,1.0,0.0,20260922,main,pass,pass,0,0,4319944.0,0.018131,0.0254464000463,0.0435774000463,0.0263529500463,169.76641065690293,99.13266958125445,163.92639125449745,1.7501691820299272,1.0219862843428293,1.6899627964381179,AlphaSparse 248af573c867cf4c7e05d40c611c7c34ebac4715,CUDA,13040,13000,2026-10-06T01:59:40.866986+00:00,derived,csr-alg1,0,0,,,,5,20,4,true
3,A100-SXM4-80GB-suitesparse_all-fp64-n2-row-major-AlphaSparse-SpMM-CSR-pre-plus-solve,AlphaSparse-SpMM-CSR-best-pre-plus-solve,AlphaSparseLib CSR PER MATRIX BEST,per-matrix-best,AlphaSparse-SpMM-CSR,best,pre-plus-solve,"csr-alg1,csr-alg2,csr-alg3,csr-alg4,csr-alg5",manual-selection,csr,ALPHASPARSE_SPMM_CSR_ALG1,workspace-setup,spmm.csr.fp64,fp64,A100-SXM4-80GB,A100-SXM4-80GB,,9700.0,018f64fd-81d1-5f6a-986f-7d386c913e5c,suitesparse_all,TSOPF/TSOPF_RS_b39_c7,TSOPF_RS_b39_c7,14098,14098,252446,2,row-major,N,N,1.0,0.0,20260922,main,pass,pass,0,0,1009784.0,0.01691,0.0134655997157,0.0303755997157,0.0143110997157,74.98990177338025,33.24326134960492,70.55949717771975,0.7730917708595902,0.3427140345320095,0.7274174966775232,AlphaSparse 248af573c867cf4c7e05d40c611c7c34ebac4715,CUDA,13040,13000,2026-10-06T20:33:22.747478+00:00,derived,csr-alg1,0,0,,,,5,20,4,true
3,A100-SXM4-80GB-suitesparse_all-fp64-n2-row-major-AlphaSparse-SpMM-CSR-pre-plus-solve,AlphaSparse-SpMM-CSR-best-pre-plus-solve,AlphaSparseLib CSR PER MATRIX BEST,per-matrix-best,AlphaSparse-SpMM-CSR,best,pre-plus-solve,"csr-alg1,csr-alg2,csr-alg3,csr-alg4,csr-alg5",manual-selection,csr,ALPHASPARSE_SPMM_CSR_ALG1,workspace-setup,spmm.csr.fp64,fp64,A100-SXM4-80GB,A100-SXM4-80GB,,9700.0,752b02ae-c4ef-54eb-ad5c-0957985c94ee,suitesparse_all,TSOPF/TSOPF_RS_b678_c2,TSOPF_RS_b678_c2,35696,35696,8781949,2,row-major,N,N,1.0,0.0,20260922,main,pass,pass,0,0,35127796.0,0.03834,0.239923191071,0.278263191071,0.241840191071,146.41267416956248,126.23946367033862,145.25210158177185,1.5094090120573451,1.3014377697973054,1.4974443462038336,AlphaSparse 248af573c867cf4c7e05d40c611c7c34ebac4715,CUDA,13040,13000,2026-10-08T03:38:34.680717+00:00,derived,csr-alg1,0,0,,,,5,20,4,true
3,A100-SXM4-80GB-suitesparse_all-fp64-n2-row-major-AlphaSparse-SpMM-CSR-pre-plus-solve,AlphaSparse-SpMM-CSR-best-pre-plus-solve,AlphaSparseLib CSR PER MATRIX BEST,per-matrix-best,AlphaSparse-SpMM-CSR,best,pre-plus-solve,"csr-alg1,csr-alg2,csr-alg3,csr-alg4,csr-alg5",manual-selection,csr,ALPHASPARSE_SPMM_CSR_ALG4,workspace-setup,spmm.csr.fp64,fp64,A100-SXM4-80GB,A100-SXM4-80GB,,9700.0,152f8cc9-7213-5fba-8430-8cd9341fa530,suitesparse_all,TSOPF/TSOPF_RS_b9_c6,TSOPF_RS_b9_c6,7224,7224,54082,2,row-major,N,N,1.0,0.0,20260922,main,pass,pass,0,0,216328.0,0.01841,0.0143871992826,0.0327971992826,0.0153076992826,15.036143988192956,6.595929065039684,14.131973460302838,0.15501179369271087,0.06799926871174931,0.14569044804435916,AlphaSparse 248af573c867cf4c7e05d40c611c7c34ebac4715,CUDA,13040,13000,2026-10-08T01:25:46.213269+00:00,derived,csr-alg4,0,0,,,,5,20,4,true
3,A100-SXM4-80GB-suitesparse_all-fp64-n2-row-major-AlphaSparse-SpMM-CSR-pre-plus-solve,AlphaSparse-SpMM-CSR-best-pre-plus-solve,AlphaSparseLib CSR PER MATRIX BEST,per-matrix-best,AlphaSparse-SpMM-CSR,best,pre-plus-solve,"csr-alg1,csr-alg2,csr-alg3,csr-alg4,csr-alg5",manual-selection,csr,ALPHASPARSE_SPMM_CSR_ALG1,workspace-setup,spmm.csr.fp64,fp64,A100-SXM4-80GB,A100-SXM4-80GB,,9700.0,dd6a9a30-d69d-5ea7-834e-7b0f3242a57c,suitesparse_all,Um/2cubes_sphere,2cubes_sphere,101492,101492,1647264,2,row-major,N,N,1.0,0.0,20260922,main,pass,pass,0,0,6589056.0,0.01481,0.0290816009045,0.0438916009045,0.0298221009045,226.5712957700492,150.1211134753678,220.9453995578744,2.3357865543304044,1.5476403451068845,2.277787624307983,AlphaSparse 248af573c867cf4c7e05d40c611c7c34ebac4715,CUDA,13040,13000,2026-10-06T19:55:13.946195+00:00,derived,csr-alg1,0,0,,,,5,20,4,true
3,A100-SXM4-80GB-suitesparse_all-fp64-n2-row-major-AlphaSparse-SpMM-CSR-pre-plus-solve,AlphaSparse-SpMM-CSR-best-pre-plus-solve,AlphaSparseLib CSR PER MATRIX BEST,per-matrix-best,AlphaSparse-SpMM-CSR,best,pre-plus-solve,"csr-alg1,csr-alg2,csr-alg3,csr-alg4,csr-alg5",manual-selection,csr,ALPHASPARSE_SPMM_CSR_ALG1,workspace-setup,spmm.csr.fp64,fp64,A100-SXM4-80GB,A100-SXM4-80GB,,9700.0,dd6a9a30-d69d-5ea7-834e-7b0f3242a57c,suitesparse_all,UTEP/Dubcova1,Dubcova1,16129,16129,253009,2,row-major,N,N,1.0,0.0,20260922,main,pass,pass,0,0,1012036.0,0.01458,0.0111616000533,0.0257416000533,0.0118906000533,90.67122949821024,39.31519400132471,85.11227317910921,0.9347549432805179,0.4053112783641723,0.8774461152485485,AlphaSparse 248af573c867cf4c7e05d40c611c7c34ebac4715,CUDA,13040,13000,2026-10-06T19:53:46.427327+00:00,derived,csr-alg1,0,0,,,,5,20,4,true
3,A100-SXM4-80GB-suitesparse_all-fp64-n2-row-major-AlphaSparse-SpMM-CSR-pre-plus-solve,AlphaSparse-SpMM-CSR-best-pre-plus-solve,AlphaSparseLib CSR PER MATRIX BEST,per-matrix-best,AlphaSparse-SpMM-CSR,best,pre-plus-solve,"csr-alg1,csr-alg2,csr-alg3,csr-alg4,csr-alg5",manual-selection,csr,ALPHASPARSE_SPMM_CSR_ALG1,workspace-setup,spmm.csr.fp64,fp64,A100-SXM4-80GB,A100-SXM4-80GB,,9700.0,005fdebf-9ece-5bc0-9d3c-6fda0356699d,suitesparse_all,UTEP/Dubcova2,Dubcova2,65025,65025,1030225,2,row-major,N,N,1.0,0.0,20260922,main,pass,pass,0,0,4120900.0,0.01391,0.0195071995258,0.0334171995258,0.0202026995258,211.25021018776914,123.31673684440337,203.97769093864787,2.1778372184306094,1.2713065654062203,2.102862793181937,AlphaSparse 248af573c867cf4c7e05d40c611c7c34ebac4715,CUDA,13040,13000,2026-10-08T13:56:26.728912+00:00,derived,csr-alg1,0,0,,,,5,20,4,true
3,A100-SXM4-80GB-suitesparse_all-fp64-n2-row-major-AlphaSparse-SpMM-CSR-pre-plus-solve,AlphaSparse-SpMM-CSR-best-pre-plus-solve,AlphaSparseLib CSR PER MATRIX BEST,per-matrix-best,AlphaSparse-SpMM-CSR,best,pre-plus-solve,"csr-alg1,csr-alg2,csr-alg3,csr-alg4,csr-alg5",manual-selection,csr,ALPHASPARSE_SPMM_CSR_ALG1,workspace-setup,spmm.csr.fp64,fp64,A100-SXM4-80GB,A100-SXM4-80GB,,9700.0,d94c6f41-d28e-5f45-abb9-189a8a3b4f78,suitesparse_all,UTEP/Dubcova3,Dubcova3,146689,146689,3636649,2,row-major,N,N,1.0,0.0,20260922,main,pass,pass,0,0,14546596.0,0.02462,0.065126401186,0.089746401186,0.066357401186,223.3594323514844,162.08556340718425,219.21587856079304,2.3026745603245815,1.670985189764786,2.259957510936011,AlphaSparse 248af573c867cf4c7e05d40c611c7c34ebac4715,CUDA,13040,13000,2026-10-06T01:53:30.560060+00:00,derived,csr-alg1,0,0,,,,5,20,4,true
3,A100-SXM4-80GB-suitesparse_all-fp64-n2-row-major-AlphaSparse-SpMM-CSR-pre-plus-solve,AlphaSparse-SpMM-CSR-best-pre-plus-solve,AlphaSparseLib CSR PER MATRIX BEST,per-matrix-best,AlphaSparse-SpMM-CSR,best,pre-plus-solve,"csr-alg1,csr-alg2,csr-alg3,csr-alg4,csr-alg5",manual-selection,csr,ALPHASPARSE_SPMM_CSR_ALG1,workspace-setup,spmm.csr.fp64,fp64,A100-SXM4-80GB,A100-SXM4-80GB,,9700.0,dd6a9a30-d69d-5ea7-834e-7b0f3242a57c,suitesparse_all,vanHeukelum/cage10,cage10,11397,11397,150645,2,row-major,N,N,1.0,0.0,20260922,main,pass,pass,0,0,602580.0,0.01596,0.010342399776,0.026302399776,0.011140399776,58.263073662875975,22.909696648662177,54.08962084988646,0.600650243947175,0.23618243967692965,0.5576249572153243,AlphaSparse 248af573c867cf4c7e05d40c611c7c34ebac4715,CUDA,13040,13000,2026-10-06T19:50:21.407946+00:00,derived,csr-alg1,0,0,,,,5,20,4,true
3,A100-SXM4-80GB-suitesparse_all-fp64-n2-row-major-AlphaSparse-SpMM-CSR-pre-plus-solve,AlphaSparse-SpMM-CSR-best-pre-plus-solve,AlphaSparseLib CSR PER MATRIX BEST,per-matrix-best,AlphaSparse-SpMM-CSR,best,pre-plus-solve,"csr-alg1,csr-alg2,csr-alg3,csr-alg4,csr-alg5",manual-selection,csr,ALPHASPARSE_SPMM_CSR_ALG1,workspace-setup,spmm.csr.fp64,fp64,A100-SXM4-80GB,A100-SXM4-80GB,,9700.0,005fdebf-9ece-5bc0-9d3c-6fda0356699d,suitesparse_all,vanHeukelum/cage11,cage11,39082,39082,559722,2,row-major,N,N,1.0,0.0,20260922,main,pass,pass,0,0,2238888.0,0.0138,0.013055999577,0.026855999577,0.013745999577,171.48346143822795,83.3663998832286,162.8756051867002,1.7678707364765769,0.8594474214765835,1.6791299503783526,AlphaSparse 248af573c867cf4c7e05d40c611c7c34ebac4715,CUDA,13040,13000,2026-10-08T13:54:21.817907+00:00,derived,csr-alg1,0,0,,,,5,20,4,true
3,A100-SXM4-80GB-suitesparse_all-fp64-n2-row-major-AlphaSparse-SpMM-CSR-pre-plus-solve,AlphaSparse-SpMM-CSR-best-pre-plus-solve,AlphaSparseLib CSR PER MATRIX BEST,per-matrix-best,AlphaSparse-SpMM-CSR,best,pre-plus-solve,"csr-alg1,csr-alg2,csr-alg3,csr-alg4,csr-alg5",manual-selection,csr,ALPHASPARSE_SPMM_CSR_ALG1,workspace-setup,spmm.csr.fp64,fp64,A100-SXM4-80GB,A100-SXM4-80GB,,9700.0,d94c6f41-d28e-5f45-abb9-189a8a3b4f78,suitesparse_all,vanHeukelum/cage12,cage12,130228,130228,2032536,2,row-major,N,N,1.0,0.0,20260922,main,pass,pass,0,0,8130144.0,0.02289,0.0430079996586,0.0658979996586,0.0441524996586,189.03794792916563,123.37467058363094,184.13779656564506,1.9488448240120169,1.2719038204498034,1.8983277996458252,AlphaSparse 248af573c867cf4c7e05d40c611c7c34ebac4715,CUDA,13040,13000,2026-10-06T01:50:40.411817+00:00,derived,csr-alg1,0,0,,,,5,20,4,true
3,A100-SXM4-80GB-suitesparse_all-fp64-n2-row-major-AlphaSparse-SpMM-CSR-pre-plus-solve,AlphaSparse-SpMM-CSR-best-pre-plus-solve,AlphaSparseLib CSR PER MATRIX BEST,per-matrix-best,AlphaSparse-SpMM-CSR,best,pre-plus-solve,"csr-alg1,csr-alg2,csr-alg3,csr-alg4,csr-alg5",manual-selection,csr,ALPHASPARSE_SPMM_CSR_ALG1,workspace-setup,spmm.csr.fp64,fp64,A100-SXM4-80GB,A100-SXM4-80GB,,9700.0,018f64fd-81d1-5f6a-986f-7d386c913e5c,suitesparse_all,vanHeukelum/cage13,cage13,445315,445315,7479343,2,row-major,N,N,1.0,0.0,20260922,main,pass,pass,0,0,29917372.0,0.04224,0.146892797947,0.189132797947,0.149004797947,203.6680655425626,158.1818295121063,200.78126618876664,2.099670778789305,1.6307405104340855,2.069909960708934,AlphaSparse 248af573c867cf4c7e05d40c611c7c34ebac4715,CUDA,13040,13000,2026-10-06T20:27:18.626330+00:00,derived,csr-alg1,0,0,,,,5,20,4,true
3,A100-SXM4-80GB-suitesparse_all-fp64-n2-row-major-AlphaSparse-SpMM-CSR-pre-plus-solve,AlphaSparse-SpMM-CSR-best-pre-plus-solve,AlphaSparseLib CSR PER MATRIX BEST,per-matrix-best,AlphaSparse-SpMM-CSR,best,pre-plus-solve,"csr-alg1,csr-alg2,csr-alg3,csr-alg4,csr-alg5",manual-selection,csr,ALPHASPARSE_SPMM_CSR_ALG1,workspace-setup,spmm.csr.fp64,fp64,A100-SXM4-80GB,A100-SXM4-80GB,,9700.0,752b02ae-c4ef-54eb-ad5c-0957985c94ee,suitesparse_all,vanHeukelum/cage15,cage15,5154859,5154859,99199551,2,row-major,N,N,1.0,0.0,20260922,main,pass,pass,0,0,396798204.0,0.40578,1.81084156036,2.21662156036,1.83113056036,219.1236454287671,179.01035120111177,216.69574665500068,2.2590066539048155,1.8454675381557915,2.2339767696391823,AlphaSparse 248af573c867cf4c7e05d40c611c7c34ebac4715,CUDA,13040,13000,2026-10-08T03:33:28.539476+00:00,derived,csr-alg1,0,0,,,,5,20,4,true
3,A100-SXM4-80GB-suitesparse_all-fp64-n2-row-major-AlphaSparse-SpMM-CSR-pre-plus-solve,AlphaSparse-SpMM-CSR-best-pre-plus-solve,AlphaSparseLib CSR PER MATRIX BEST,per-matrix-best,AlphaSparse-SpMM-CSR,best,pre-plus-solve,"csr-alg1,csr-alg2,csr-alg3,csr-alg4,csr-alg5",manual-selection,csr,ALPHASPARSE_SPMM_CSR_ALG1,workspace-setup,spmm.csr.fp64,fp64,A100-SXM4-80GB,A100-SXM4-80GB,,9700.0,005fdebf-9ece-5bc0-9d3c-6fda0356699d,suitesparse_all,vanHeukelum/cage3,cage3,5,5,19,2,row-major,N,N,1.0,0.0,20260922,main,pass,pass,0,0,76.0,0.013149,0.00506879985332,0.0182177998533,0.00572624985332,0.014993687302571427,0.004171744151982943,0.01327221164754735,0.0001545740959027982,4.300767166992725e-05,0.00013682692420151907,AlphaSparse 248af573c867cf4c7e05d40c611c7c34ebac4715,CUDA,13040,13000,2026-10-08T13:54:20.657405+00:00,derived,csr-alg1,0,0,,,,5,20,4,true
3,A100-SXM4-80GB-suitesparse_all-fp64-n2-row-major-AlphaSparse-SpMM-CSR-pre-plus-solve,AlphaSparse-SpMM-CSR-best-pre-plus-solve,AlphaSparseLib CSR PER MATRIX BEST,per-matrix-best,AlphaSparse-SpMM-CSR,best,pre-plus-solve,"csr-alg1,csr-alg2,csr-alg3,csr-alg4,csr-alg5",manual-selection,csr,ALPHASPARSE_SPMM_CSR_ALG1,workspace-setup,spmm.csr.fp64,fp64,A100-SXM4-80GB,A100-SXM4-80GB,,9700.0,d94c6f41-d28e-5f45-abb9-189a8a3b4f78,suitesparse_all,vanHeukelum/cage4,cage4,9,9,49,2,row-major,N,N,1.0,0.0,20260922,main,pass,pass,0,0,196.0,0.01448,0.00506879985332,0.0195487998533,0.00579279985332,0.03866793041189473,0.010026190941175019,0.03383510650513283,0.00039863845785458485,0.00010336279320798987,0.00034881553098075084,AlphaSparse 248af573c867cf4c7e05d40c611c7c34ebac4715,CUDA,13040,13000,2026-10-06T01:50:38.141275+00:00,derived,csr-alg1,0,0,,,,5,20,4,true
3,A100-SXM4-80GB-suitesparse_all-fp64-n2-row-major-AlphaSparse-SpMM-CSR-pre-plus-solve,AlphaSparse-SpMM-CSR-best-pre-plus-solve,AlphaSparseLib CSR PER MATRIX BEST,per-matrix-best,AlphaSparse-SpMM-CSR,best,pre-plus-solve,"csr-alg1,csr-alg2,csr-alg3,csr-alg4,csr-alg5",manual-selection,csr,ALPHASPARSE_SPMM_CSR_ALG1,workspace-setup,spmm.csr.fp64,fp64,A100-SXM4-80GB,A100-SXM4-80GB,,9700.0,018f64fd-81d1-5f6a-986f-7d386c913e5c,suitesparse_all,vanHeukelum/cage5,cage5,37,37,233,2,row-major,N,N,1.0,0.0,20260922,main,pass,pass,0,0,932.0,0.01572,0.00588800013065,0.0216080001307,0.00667400013065,0.15828803996597612,0.04313217300826661,0.13964638623841769,0.0016318354635667643,0.00044466157740481044,0.0014396534663754402,AlphaSparse 248af573c867cf4c7e05d40c611c7c34ebac4715,CUDA,13040,13000,2026-10-06T20:27:12.469006+00:00,derived,csr-alg1,0,0,,,,5,20,4,true
3,A100-SXM4-80GB-suitesparse_all-fp64-n2-row-major-AlphaSparse-SpMM-CSR-pre-plus-solve,AlphaSparse-SpMM-CSR-best-pre-plus-solve,AlphaSparseLib CSR PER MATRIX BEST,per-matrix-best,AlphaSparse-SpMM-CSR,best,pre-plus-solve,"csr-alg1,csr-alg2,csr-alg3,csr-alg4,csr-alg5",manual-selection,csr,ALPHASPARSE_SPMM_CSR_ALG4,workspace-setup,spmm.csr.fp64,fp64,A100-SXM4-80GB,A100-SXM4-80GB,,9700.0,752b02ae-c4ef-54eb-ad5c-0957985c94ee,suitesparse_all,vanHeukelum/cage7,cage7,340,340,3084,2,row-major,N,N,1.0,0.0,20260922,main,pass,pass,0,0,12336.0,0.01068,0.013670399785,0.024350399785,0.014204399785,0.9023876546416598,0.5066035920937549,0.8684633062093162,0.009302965511769689,0.005222717444265515,0.008953229960920786,AlphaSparse 248af573c867cf4c7e05d40c611c7c34ebac4715,CUDA,13040,13000,2026-10-08T06:55:35.080499+00:00,derived,csr-alg4,0,0,,,,5,20,4,true
3,A100-SXM4-80GB-suitesparse_all-fp64-n2-row-major-AlphaSparse-SpMM-CSR-pre-plus-solve,AlphaSparse-SpMM-CSR-best-pre-plus-solve,AlphaSparseLib CSR PER MATRIX BEST,per-matrix-best,AlphaSparse-SpMM-CSR,best,pre-plus-solve,"csr-alg1,csr-alg2,csr-alg3,csr-alg4,csr-alg5",manual-selection,csr,ALPHASPARSE_SPMM_CSR_ALG5,workspace-setup,spmm.csr.fp64,fp64,A100-SXM4-80GB,A100-SXM4-80GB,,9700.0,152f8cc9-7213-5fba-8430-8cd9341fa530,suitesparse_all,vanHeukelum/cage8,cage8,1015,1015,11003,2,row-major,N,N,1.0,0.0,20260922,main,pass,pass,0,0,44012.0,0.012631,0.0134512007236,0.0260822007236,0.0140827507236,3.27197555849281,1.687434295380472,3.1252417133425716,0.03373170678858567,0.017396229849283216,0.03221898673549043,AlphaSparse 248af573c867cf4c7e05d40c611c7c34ebac4715,CUDA,13040,13000,2026-10-08T02:20:08.884028+00:00,derived,csr-alg5,0,0,,,,5,20,4,true
3,A100-SXM4-80GB-suitesparse_all-fp64-n2-row-major-AlphaSparse-SpMM-CSR-pre-plus-solve,AlphaSparse-SpMM-CSR-best-pre-plus-solve,AlphaSparseLib CSR PER MATRIX BEST,per-matrix-best,AlphaSparse-SpMM-CSR,best,pre-plus-solve,"csr-alg1,csr-alg2,csr-alg3,csr-alg4,csr-alg5",manual-selection,csr,ALPHASPARSE_SPMM_CSR_ALG1,workspace-setup,spmm.csr.fp64,fp64,A100-SXM4-80GB,A100-SXM4-80GB,,9700.0,a0827285-e98d-55a9-b486-73107367c8f5,suitesparse_all,vanHeukelum/cage9,cage9,3534,3534,41594,2,row-major,N,N,1.0,0.0,20260922,main,pass,pass,0,0,166376.0,0.02129,0.00859040021896,0.029880400219,0.00965490021896,19.36766573841217,5.56806464373281,17.23228580584146,0.19966665709703268,0.05740272828590526,0.17765243098805628,AlphaSparse 248af573c867cf4c7e05d40c611c7c34ebac4715,CUDA,13040,13000,2026-10-06T07:04:50.693915+00:00,derived,csr-alg1,0,0,,,,5,20,4,true
3,A100-SXM4-80GB-suitesparse_all-fp64-n2-row-major-AlphaSparse-SpMM-CSR-pre-plus-solve,AlphaSparse-SpMM-CSR-best-pre-plus-solve,AlphaSparseLib CSR PER MATRIX BEST,per-matrix-best,AlphaSparse-SpMM-CSR,best,pre-plus-solve,"csr-alg1,csr-alg2,csr-alg3,csr-alg4,csr-alg5",manual-selection,csr,ALPHASPARSE_SPMM_CSR_ALG2,workspace-setup,spmm.csr.fp64,fp64,A100-SXM4-80GB,A100-SXM4-80GB,,9700.0,a0827285-e98d-55a9-b486-73107367c8f5,suitesparse_all,VanVelzen/std1_Jac2,std1_Jac2,21982,21982,1248731,2,row-major,N,N,1.0,0.0,20260922,main,pass,pass,0,0,4994924.0,0.01755,0.0510976016521,0.0686476016521,0.0519751016521,97.75261144364727,72.76181366559366,96.10224590677997,1.007758880862343,0.750121790366945,0.9907448031626801,AlphaSparse 248af573c867cf4c7e05d40c611c7c34ebac4715,CUDA,13040,13000,2026-10-06T07:34:22.740411+00:00,derived,csr-alg2,0,0,,,,5,20,4,true
3,A100-SXM4-80GB-suitesparse_all-fp64-n2-row-major-AlphaSparse-SpMM-CSR-pre-plus-solve,AlphaSparse-SpMM-CSR-best-pre-plus-solve,AlphaSparseLib CSR PER MATRIX BEST,per-matrix-best,AlphaSparse-SpMM-CSR,best,pre-plus-solve,"csr-alg1,csr-alg2,csr-alg3,csr-alg4,csr-alg5",manual-selection,csr,ALPHASPARSE_SPMM_CSR_ALG2,workspace-setup,spmm.csr.fp64,fp64,A100-SXM4-80GB,A100-SXM4-80GB,,9700.0,152f8cc9-7213-5fba-8430-8cd9341fa530,suitesparse_all,VanVelzen/std1_Jac2_db,std1_Jac2_db,21982,21982,498771,2,row-major,N,N,1.0,0.0,20260922,main,pass,pass,0,0,1995084.0,0.01892,0.0320511996746,0.0509711996746,0.0329971996746,62.246780783717995,39.14139774493461,60.46222163318121,0.6417193895228659,0.40351956438076914,0.6233218725070228,AlphaSparse 248af573c867cf4c7e05d40c611c7c34ebac4715,CUDA,13040,13000,2026-10-07T23:25:18.832413+00:00,derived,csr-alg2,0,0,,,,5,20,4,true
3,A100-SXM4-80GB-suitesparse_all-fp64-n2-row-major-AlphaSparse-SpMM-CSR-pre-plus-solve,AlphaSparse-SpMM-CSR-best-pre-plus-solve,AlphaSparseLib CSR PER MATRIX BEST,per-matrix-best,AlphaSparse-SpMM-CSR,best,pre-plus-solve,"csr-alg1,csr-alg2,csr-alg3,csr-alg4,csr-alg5",manual-selection,csr,ALPHASPARSE_SPMM_CSR_ALG5,workspace-setup,spmm.csr.fp64,fp64,A100-SXM4-80GB,A100-SXM4-80GB,,9700.0,005fdebf-9ece-5bc0-9d3c-6fda0356699d,suitesparse_all,VanVelzen/std1_Jac3,std1_Jac3,21982,21982,1455848,2,row-major,N,N,1.0,0.0,20260922,main,pass,pass,0,0,5823392.0,0.01453,0.0524800002575,0.0670100002575,0.0532065002575,110.96402384578438,86.90332752756892,109.44888259548952,1.1439590087194267,0.8959105930677207,1.128338995829789,AlphaSparse 248af573c867cf4c7e05d40c611c7c34ebac4715,CUDA,13040,13000,2026-10-08T15:33:01.391377+00:00,derived,csr-alg5,0,0,,,,5,20,4,true
3,A100-SXM4-80GB-suitesparse_all-fp64-n2-row-major-AlphaSparse-SpMM-CSR-pre-plus-solve,AlphaSparse-SpMM-CSR-best-pre-plus-solve,AlphaSparseLib CSR PER MATRIX BEST,per-matrix-best,AlphaSparse-SpMM-CSR,best,pre-plus-solve,"csr-alg1,csr-alg2,csr-alg3,csr-alg4,csr-alg5",manual-selection,csr,ALPHASPARSE_SPMM_CSR_ALG3,workspace-setup,spmm.csr.fp64,fp64,A100-SXM4-80GB,A100-SXM4-80GB,,9700.0,dd6a9a30-d69d-5ea7-834e-7b0f3242a57c,suitesparse_all,VanVelzen/std1_Jac3_db,std1_Jac3_db,21982,21982,531826,2,row-major,N,N,1.0,0.0,20260922,main,pass,pass,0,0,2127304.0,0.012629,0.0276767998934,0.0403057998934,0.0283082498934,76.8623543254107,52.7791038914065,75.14784587569915,0.7923954054166052,0.5441144731072836,0.774720060574218,AlphaSparse 248af573c867cf4c7e05d40c611c7c34ebac4715,CUDA,13040,13000,2026-10-06T21:08:02.326895+00:00,derived,csr-alg3,0,0,,,,5,20,4,true
3,A100-SXM4-80GB-suitesparse_all-fp64-n2-row-major-AlphaSparse-SpMM-CSR-pre-plus-solve,AlphaSparse-SpMM-CSR-best-pre-plus-solve,AlphaSparseLib CSR PER MATRIX BEST,per-matrix-best,AlphaSparse-SpMM-CSR,best,pre-plus-solve,"csr-alg1,csr-alg2,csr-alg3,csr-alg4,csr-alg5",manual-selection,csr,ALPHASPARSE_SPMM_CSR_ALG5,workspace-setup,spmm.csr.fp64,fp64,A100-SXM4-80GB,A100-SXM4-80GB,,9700.0,018f64fd-81d1-5f6a-986f-7d386c913e5c,suitesparse_all,VanVelzen/Zd_Jac2,Zd_Jac2,22835,22835,1642833,2,row-major,N,N,1.0,0.0,20260922,main,pass,pass,0,0,6571332.0,0.01495,0.0573440015316,0.0722940015316,0.0580915015316,114.59493276517858,90.89733395277123,113.12036746761308,1.1813910594348307,0.9370859170388787,1.1661893553362173,AlphaSparse 248af573c867cf4c7e05d40c611c7c34ebac4715,CUDA,13040,13000,2026-10-06T23:09:11.641722+00:00,derived,csr-alg5,0,0,,,,5,20,4,true
3,A100-SXM4-80GB-suitesparse_all-fp64-n2-row-major-AlphaSparse-SpMM-CSR-pre-plus-solve,AlphaSparse-SpMM-CSR-best-pre-plus-solve,AlphaSparseLib CSR PER MATRIX BEST,per-matrix-best,AlphaSparse-SpMM-CSR,best,pre-plus-solve,"csr-alg1,csr-alg2,csr-alg3,csr-alg4,csr-alg5",manual-selection,csr,ALPHASPARSE_SPMM_CSR_ALG5,workspace-setup,spmm.csr.fp64,fp64,A100-SXM4-80GB,A100-SXM4-80GB,,9700.0,d94c6f41-d28e-5f45-abb9-189a8a3b4f78,suitesparse_all,VanVelzen/Zd_Jac2_db,Zd_Jac2_db,22835,22835,676439,2,row-major,N,N,1.0,0.0,20260922,main,pass,pass,0,0,2705756.0,0.0142,0.0302015990019,0.0444015990019,0.0309115990019,89.58982601648937,60.93825584714229,87.53206198856581,0.9236064537782409,0.6282294417231163,0.9023923916346991,AlphaSparse 248af573c867cf4c7e05d40c611c7c34ebac4715,CUDA,13040,13000,2026-10-06T03:34:48.625801+00:00,derived,csr-alg5,0,0,,,,5,20,4,true
3,A100-SXM4-80GB-suitesparse_all-fp64-n2-row-major-AlphaSparse-SpMM-CSR-pre-plus-solve,AlphaSparse-SpMM-CSR-best-pre-plus-solve,AlphaSparseLib CSR PER MATRIX BEST,per-matrix-best,AlphaSparse-SpMM-CSR,best,pre-plus-solve,"csr-alg1,csr-alg2,csr-alg3,csr-alg4,csr-alg5",manual-selection,csr,ALPHASPARSE_SPMM_CSR_ALG5,workspace-setup,spmm.csr.fp64,fp64,A100-SXM4-80GB,A100-SXM4-80GB,,9700.0,752b02ae-c4ef-54eb-ad5c-0957985c94ee,suitesparse_all,VanVelzen/Zd_Jac3,Zd_Jac3,22835,22835,1916152,2,row-major,N,N,1.0,0.0,20260922,main,pass,pass,0,0,7664608.0,0.017811,0.0652927994728,0.0831037994728,0.0661833494728,117.38825815230912,92.22933305845586,115.8087050754359,1.2101882283743208,0.9508178665820192,1.1939041760354216,AlphaSparse 248af573c867cf4c7e05d40c611c7c34ebac4715,CUDA,13040,13000,2026-10-08T07:59:54.214974+00:00,derived,csr-alg5,0,0,,,,5,20,4,true
3,A100-SXM4-80GB-suitesparse_all-fp64-n2-row-major-AlphaSparse-SpMM-CSR-pre-plus-solve,AlphaSparse-SpMM-CSR-best-pre-plus-solve,AlphaSparseLib CSR PER MATRIX BEST,per-matrix-best,AlphaSparse-SpMM-CSR,best,pre-plus-solve,"csr-alg1,csr-alg2,csr-alg3,csr-alg4,csr-alg5",manual-selection,csr,ALPHASPARSE_SPMM_CSR_ALG5,workspace-setup,spmm.csr.fp64,fp64,A100-SXM4-80GB,A100-SXM4-80GB,,9700.0,a0827285-e98d-55a9-b486-73107367c8f5,suitesparse_all,VanVelzen/Zd_Jac6,Zd_Jac6,22835,22835,1711983,2,row-major,N,N,1.0,0.0,20260922,main,pass,pass,0,0,6847932.0,0.01776,0.0596992015839,0.0774592015839,0.0605872015839,114.70726271566731,88.40695307945636,113.02604875250947,1.1825491001615187,0.9114118874170759,1.1652169974485511,AlphaSparse 248af573c867cf4c7e05d40c611c7c34ebac4715,CUDA,13040,13000,2026-10-06T08:58:32.628866+00:00,derived,csr-alg5,0,0,,,,5,20,4,true
3,A100-SXM4-80GB-suitesparse_all-fp64-n2-row-major-AlphaSparse-SpMM-CSR-pre-plus-solve,AlphaSparse-SpMM-CSR-best-pre-plus-solve,AlphaSparseLib CSR PER MATRIX BEST,per-matrix-best,AlphaSparse-SpMM-CSR,best,pre-plus-solve,"csr-alg1,csr-alg2,csr-alg3,csr-alg4,csr-alg5",manual-selection,csr,ALPHASPARSE_SPMM_CSR_ALG5,workspace-setup,spmm.csr.fp64,fp64,A100-SXM4-80GB,A100-SXM4-80GB,,9700.0,152f8cc9-7213-5fba-8430-8cd9341fa530,suitesparse_all,VanVelzen/Zd_Jac6_db,Zd_Jac6_db,22835,22835,663643,2,row-major,N,N,1.0,0.0,20260922,main,pass,pass,0,0,2654572.0,0.02017,0.0293888002634,0.0495588002634,0.0303973002634,90.32597371135053,53.564089241289516,87.32920282385238,0.931195605271655,0.5522071055803043,0.9003010600397152,AlphaSparse 248af573c867cf4c7e05d40c611c7c34ebac4715,CUDA,13040,13000,2026-10-08T02:21:24.454538+00:00,derived,csr-alg5,0,0,,,,5,20,4,true
3,A100-SXM4-80GB-suitesparse_all-fp64-n2-row-major-AlphaSparse-SpMM-CSR-pre-plus-solve,AlphaSparse-SpMM-CSR-best-pre-plus-solve,AlphaSparseLib CSR PER MATRIX BEST,per-matrix-best,AlphaSparse-SpMM-CSR,best,pre-plus-solve,"csr-alg1,csr-alg2,csr-alg3,csr-alg4,csr-alg5",manual-selection,csr,ALPHASPARSE_SPMM_CSR_ALG2,workspace-setup,spmm.csr.fp64,fp64,A100-SXM4-80GB,A100-SXM4-80GB,,9700.0,d94c6f41-d28e-5f45-abb9-189a8a3b4f78,suitesparse_all,VDOL/dynamicSoaringProblem_1,dynamicSoaringProblem_1,647,647,5367,2,row-major,N,N,1.0,0.0,20260922,main,pass,pass,0,0,21468.0,0.01259,0.0140159994364,0.0266059994364,0.0146454994364,1.5316781437823772,0.8068856819800334,1.4658428067426175,0.015790496327653374,0.008318409092577665,0.01511178151281049,AlphaSparse 248af573c867cf4c7e05d40c611c7c34ebac4715,CUDA,13040,13000,2026-10-06T02:39:59.618588+00:00,derived,csr-alg2,0,0,,,,5,20,4,true
3,A100-SXM4-80GB-suitesparse_all-fp64-n2-row-major-AlphaSparse-SpMM-CSR-pre-plus-solve,AlphaSparse-SpMM-CSR-best-pre-plus-solve,AlphaSparseLib CSR PER MATRIX BEST,per-matrix-best,AlphaSparse-SpMM-CSR,best,pre-plus-solve,"csr-alg1,csr-alg2,csr-alg3,csr-alg4,csr-alg5",manual-selection,csr,ALPHASPARSE_SPMM_CSR_ALG3,workspace-setup,spmm.csr.fp64,fp64,A100-SXM4-80GB,A100-SXM4-80GB,,9700.0,018f64fd-81d1-5f6a-986f-7d386c913e5c,suitesparse_all,VDOL/dynamicSoaringProblem_2,dynamicSoaringProblem_2,1591,1591,15588,2,row-major,N,N,1.0,0.0,20260922,main,pass,pass,0,0,62352.0,0.01184,0.0143360003829,0.0261760003829,0.0149280003829,4.349330240976664,2.382029305009206,4.176848767462795,0.044838456092542923,0.024557003144424806,0.0430602965717814,AlphaSparse 248af573c867cf4c7e05d40c611c7c34ebac4715,CUDA,13040,13000,2026-10-06T22:04:43.676151+00:00,derived,csr-alg3,0,0,,,,5,20,4,true
3,A100-SXM4-80GB-suitesparse_all-fp64-n2-row-major-AlphaSparse-SpMM-CSR-pre-plus-solve,AlphaSparse-SpMM-CSR-best-pre-plus-solve,AlphaSparseLib CSR PER MATRIX BEST,per-matrix-best,AlphaSparse-SpMM-CSR,best,pre-plus-solve,"csr-alg1,csr-alg2,csr-alg3,csr-alg4,csr-alg5",manual-selection,csr,ALPHASPARSE_SPMM_CSR_ALG5,workspace-setup,spmm.csr.fp64,fp64,A100-SXM4-80GB,A100-SXM4-80GB,,9700.0,752b02ae-c4ef-54eb-ad5c-0957985c94ee,suitesparse_all,VDOL/dynamicSoaringProblem_4,dynamicSoaringProblem_4,3191,3191,36516,2,row-major,N,N,1.0,0.0,20260922,main,pass,pass,0,0,146064.0,0.01176,0.0152575999498,0.0270175999498,0.0158455999498,9.573196340222214,5.40625371133609,9.217953278054555,0.09869274577548676,0.05573457434367103,0.09503044616551087,AlphaSparse 248af573c867cf4c7e05d40c611c7c34ebac4715,CUDA,13040,13000,2026-10-08T08:16:37.661444+00:00,derived,csr-alg5,0,0,,,,5,20,4,true
3,A100-SXM4-80GB-suitesparse_all-fp64-n2-row-major-AlphaSparse-SpMM-CSR-pre-plus-solve,AlphaSparse-SpMM-CSR-best-pre-plus-solve,AlphaSparseLib CSR PER MATRIX BEST,per-matrix-best,AlphaSparse-SpMM-CSR,best,pre-plus-solve,"csr-alg1,csr-alg2,csr-alg3,csr-alg4,csr-alg5",manual-selection,csr,ALPHASPARSE_SPMM_CSR_ALG4,workspace-setup,spmm.csr.fp64,fp64,A100-SXM4-80GB,A100-SXM4-80GB,,9700.0,152f8cc9-7213-5fba-8430-8cd9341fa530,suitesparse_all,VDOL/dynamicSoaringProblem_5,dynamicSoaringProblem_5,3271,3271,36789,2,row-major,N,N,1.0,0.0,20260922,main,pass,pass,0,0,147156.0,0.01772,0.0189439997077,0.0366639997077,0.0198299997077,7.767947754992143,4.013637387442347,7.4208775677822745,0.0800819356184757,0.04137770502517883,0.07650389245136366,AlphaSparse 248af573c867cf4c7e05d40c611c7c34ebac4715,CUDA,13040,13000,2026-10-08T01:33:53.659274+00:00,derived,csr-alg4,0,0,,,,5,20,4,true
3,A100-SXM4-80GB-suitesparse_all-fp64-n2-row-major-AlphaSparse-SpMM-CSR-pre-plus-solve,AlphaSparse-SpMM-CSR-best-pre-plus-solve,AlphaSparseLib CSR PER MATRIX BEST,per-matrix-best,AlphaSparse-SpMM-CSR,best,pre-plus-solve,"csr-alg1,csr-alg2,csr-alg3,csr-alg4,csr-alg5",manual-selection,csr,ALPHASPARSE_SPMM_CSR_ALG2,workspace-setup,spmm.csr.fp64,fp64,A100-SXM4-80GB,A100-SXM4-80GB,,9700.0,a0827285-e98d-55a9-b486-73107367c8f5,suitesparse_all,VDOL/dynamicSoaringProblem_6,dynamicSoaringProblem_6,3431,3431,36741,2,row-major,N,N,1.0,0.0,20260922,main,pass,pass,0,0,146964.0,0.01653,0.0159743994474,0.0325043994474,0.0168008994474,9.199970270176255,4.521357185442647,8.747388820468371,0.09484505433171397,0.04661192974683141,0.09017926619039558,AlphaSparse 248af573c867cf4c7e05d40c611c7c34ebac4715,CUDA,13040,13000,2026-10-06T07:54:58.323672+00:00,derived,csr-alg2,0,0,,,,5,20,4,true
3,A100-SXM4-80GB-suitesparse_all-fp64-n2-row-major-AlphaSparse-SpMM-CSR-pre-plus-solve,AlphaSparse-SpMM-CSR-best-pre-plus-solve,AlphaSparseLib CSR PER MATRIX BEST,per-matrix-best,AlphaSparse-SpMM-CSR,best,pre-plus-solve,"csr-alg1,csr-alg2,csr-alg3,csr-alg4,csr-alg5",manual-selection,csr,ALPHASPARSE_SPMM_CSR_ALG2,workspace-setup,spmm.csr.fp64,fp64,A100-SXM4-80GB,A100-SXM4-80GB,,9700.0,dd6a9a30-d69d-5ea7-834e-7b0f3242a57c,suitesparse_all,VDOL/dynamicSoaringProblem_7,dynamicSoaringProblem_7,3511,3511,37680,2,row-major,N,N,1.0,0.0,20260922,main,pass,pass,0,0,150720.0,0.01436,0.0130048006773,0.0273648006773,0.0137228006773,11.589566325540318,5.507805511809454,10.98318073287461,0.11948006521175585,0.056781500121746944,0.11322866734922278,AlphaSparse 248af573c867cf4c7e05d40c611c7c34ebac4715,CUDA,13040,13000,2026-10-06T20:43:56.553404+00:00,derived,csr-alg2,0,0,,,,5,20,4,true
3,A100-SXM4-80GB-suitesparse_all-fp64-n2-row-major-AlphaSparse-SpMM-CSR-pre-plus-solve,AlphaSparse-SpMM-CSR-best-pre-plus-solve,AlphaSparseLib CSR PER MATRIX BEST,per-matrix-best,AlphaSparse-SpMM-CSR,best,pre-plus-solve,"csr-alg1,csr-alg2,csr-alg3,csr-alg4,csr-alg5",manual-selection,csr,ALPHASPARSE_SPMM_CSR_ALG5,workspace-setup,spmm.csr.fp64,fp64,A100-SXM4-80GB,A100-SXM4-80GB,,9700.0,005fdebf-9ece-5bc0-9d3c-6fda0356699d,suitesparse_all,VDOL/dynamicSoaringProblem_8,dynamicSoaringProblem_8,3543,3543,38136,2,row-major,N,N,1.0,0.0,20260922,main,pass,pass,0,0,152544.0,0.01386,0.0147535994649,0.0286135994649,0.0154465994649,10.33944295172947,5.331171291019297,9.875571665247913,0.10659219537865433,0.05496052877339481,0.10181001716750425,AlphaSparse 248af573c867cf4c7e05d40c611c7c34ebac4715,CUDA,13040,13000,2026-10-08T15:45:06.994163+00:00,derived,csr-alg5,0,0,,,,5,20,4,true
3,A100-SXM4-80GB-suitesparse_all-fp64-n2-row-major-AlphaSparse-SpMM-CSR-pre-plus-solve,AlphaSparse-SpMM-CSR-best-pre-plus-solve,AlphaSparseLib CSR PER MATRIX BEST,per-matrix-best,AlphaSparse-SpMM-CSR,best,pre-plus-solve,"csr-alg1,csr-alg2,csr-alg3,csr-alg4,csr-alg5",manual-selection,csr,ALPHASPARSE_SPMM_CSR_ALG3,workspace-setup,spmm.csr.fp64,fp64,A100-SXM4-80GB,A100-SXM4-80GB,,9700.0,d94c6f41-d28e-5f45-abb9-189a8a3b4f78,suitesparse_all,VDOL/freeFlyingRobot_1,freeFlyingRobot_1,798,798,5246,2,row-major,N,N,1.0,0.0,20260922,main,pass,pass,0,0,20984.0,0.01356,0.0135168001056,0.0270768001056,0.0141948001056,1.5524384348412719,0.7749807923448129,1.4782878127125996,0.016004519946817234,0.0079894927045857,0.015240080543428862,AlphaSparse 248af573c867cf4c7e05d40c611c7c34ebac4715,CUDA,13040,13000,2026-10-06T03:04:13.639218+00:00,derived,csr-alg3,0,0,,,,5,20,4,true
3,A100-SXM4-80GB-suitesparse_all-fp64-n2-row-major-AlphaSparse-SpMM-CSR-pre-plus-solve,AlphaSparse-SpMM-CSR-best-pre-plus-solve,AlphaSparseLib CSR PER MATRIX BEST,per-matrix-best,AlphaSparse-SpMM-CSR,best,pre-plus-solve,"csr-alg1,csr-alg2,csr-alg3,csr-alg4,csr-alg5",manual-selection,csr,ALPHASPARSE_SPMM_CSR_ALG3,workspace-setup,spmm.csr.fp64,fp64,A100-SXM4-80GB,A100-SXM4-80GB,,9700.0,018f64fd-81d1-5f6a-986f-7d386c913e5c,suitesparse_all,VDOL/freeFlyingRobot_10,freeFlyingRobot_10,5218,5218,40080,2,row-major,N,N,1.0,0.0,20260922,main,pass,pass,0,0,160320.0,0.01218,0.0154111996293,0.0275911996293,0.0160201996293,10.402824170494636,5.810548368826665,10.007365932368545,0.10724561000509934,0.05990256050336768,0.10316872095225305,AlphaSparse 248af573c867cf4c7e05d40c611c7c34ebac4715,CUDA,13040,13000,2026-10-06T22:04:45.055120+00:00,derived,csr-alg3,0,0,,,,5,20,4,true
3,A100-SXM4-80GB-suitesparse_all-fp64-n2-row-major-AlphaSparse-SpMM-CSR-pre-plus-solve,AlphaSparse-SpMM-CSR-best-pre-plus-solve,AlphaSparseLib CSR PER MATRIX BEST,per-matrix-best,AlphaSparse-SpMM-CSR,best,pre-plus-solve,"csr-alg1,csr-alg2,csr-alg3,csr-alg4,csr-alg5",manual-selection,csr,ALPHASPARSE_SPMM_CSR_ALG3,workspace-setup,spmm.csr.fp64,fp64,A100-SXM4-80GB,A100-SXM4-80GB,,9700.0,752b02ae-c4ef-54eb-ad5c-0957985c94ee,suitesparse_all,VDOL/freeFlyingRobot_12,freeFlyingRobot_12,5578,5578,41940,2,row-major,N,N,1.0,0.0,20260922,main,pass,pass,0,0,167760.0,0.01207,0.015513600409,0.027583600409,0.016117100409,10.81373733866939,6.0818746469827465,10.408820181223208,0.11148182823370505,0.0626997386286881,0.10730742454869285,AlphaSparse 248af573c867cf4c7e05d40c611c7c34ebac4715,CUDA,13040,13000,2026-10-08T06:14:25.224239+00:00,derived,csr-alg3,0,0,,,,5,20,4,true
3,A100-SXM4-80GB-suitesparse_all-fp64-n2-row-major-AlphaSparse-SpMM-CSR-pre-plus-solve,AlphaSparse-SpMM-CSR-best-pre-plus-solve,AlphaSparseLib CSR PER MATRIX BEST,per-matrix-best,AlphaSparse-SpMM-CSR,best,pre-plus-solve,"csr-alg1,csr-alg2,csr-alg3,csr-alg4,csr-alg5",manual-selection,csr,ALPHASPARSE_SPMM_CSR_ALG4,workspace-setup,spmm.csr.fp64,fp64,A100-SXM4-80GB,A100-SXM4-80GB,,9700.0,152f8cc9-7213-5fba-8430-8cd9341fa530,suitesparse_all,VDOL/freeFlyingRobot_13,freeFlyingRobot_13,5718,5718,43994,2,row-major,N,N,1.0,0.0,20260922,main,pass,pass,0,0,175976.0,0.01524,0.0165375992656,0.0317775992656,0.0172995992656,10.640964094833834,5.537737402035218,10.172258749942591,0.10970066077148281,0.05709007630964143,0.10486864690662465,AlphaSparse 248af573c867cf4c7e05d40c611c7c34ebac4715,CUDA,13040,13000,2026-10-08T01:33:55.109187+00:00,derived,csr-alg4,0,0,,,,5,20,4,true
3,A100-SXM4-80GB-suitesparse_all-fp64-n2-row-major-AlphaSparse-SpMM-CSR-pre-plus-solve,AlphaSparse-SpMM-CSR-best-pre-plus-solve,AlphaSparseLib CSR PER MATRIX BEST,per-matrix-best,AlphaSparse-SpMM-CSR,best,pre-plus-solve,"csr-alg1,csr-alg2,csr-alg3,csr-alg4,csr-alg5",manual-selection,csr,ALPHASPARSE_SPMM_CSR_ALG3,workspace-setup,spmm.csr.fp64,fp64,A100-SXM4-80GB,A100-SXM4-80GB,,9700.0,a0827285-e98d-55a9-b486-73107367c8f5,suitesparse_all,VDOL/freeFlyingRobot_14,freeFlyingRobot_14,5958,5958,43298,2,row-major,N,N,1.0,0.0,20260922,main,pass,pass,0,0,173192.0,0.01603,0.0151552006602,0.0311852006602,0.0159567006602,11.427892238657725,5.553659951947517,10.853872845530288,0.11781332204801778,0.057254226308737284,0.11189559634567306,AlphaSparse 248af573c867cf4c7e05d40c611c7c34ebac4715,CUDA,13040,13000,2026-10-06T08:22:50.940912+00:00,derived,csr-alg3,0,0,,,,5,20,4,true
3,A100-SXM4-80GB-suitesparse_all-fp64-n2-row-major-AlphaSparse-SpMM-CSR-pre-plus-solve,AlphaSparse-SpMM-CSR-best-pre-plus-solve,AlphaSparseLib CSR PER MATRIX BEST,per-matrix-best,AlphaSparse-SpMM-CSR,best,pre-plus-solve,"csr-alg1,csr-alg2,csr-alg3,csr-alg4,csr-alg5",manual-selection,csr,ALPHASPARSE_SPMM_CSR_ALG5,workspace-setup,spmm.csr.fp64,fp64,A100-SXM4-80GB,A100-SXM4-80GB,,9700.0,dd6a9a30-d69d-5ea7-834e-7b0f3242a57c,suitesparse_all,VDOL/freeFlyingRobot_15,freeFlyingRobot_15,6038,6038,43378,2,row-major,N,N,1.0,0.0,20260922,main,pass,pass,0,0,173512.0,0.0142,0.0151040002704,0.0293040002704,0.0158140002704,11.487817590949028,5.921102866466482,10.972049894597047,0.11843110918504153,0.06104229759243796,0.11311391643914481,AlphaSparse 248af573c867cf4c7e05d40c611c7c34ebac4715,CUDA,13040,13000,2026-10-06T22:36:26.194546+00:00,derived,csr-alg5,0,0,,,,5,20,4,true
3,A100-SXM4-80GB-suitesparse_all-fp64-n2-row-major-AlphaSparse-SpMM-CSR-pre-plus-solve,AlphaSparse-SpMM-CSR-best-pre-plus-solve,AlphaSparseLib CSR PER MATRIX BEST,per-matrix-best,AlphaSparse-SpMM-CSR,best,pre-plus-solve,"csr-alg1,csr-alg2,csr-alg3,csr-alg4,csr-alg5",manual-selection,csr,ALPHASPARSE_SPMM_CSR_ALG4,workspace-setup,spmm.csr.fp64,fp64,A100-SXM4-80GB,A100-SXM4-80GB,,9700.0,005fdebf-9ece-5bc0-9d3c-6fda0356699d,suitesparse_all,VDOL/freeFlyingRobot_16,freeFlyingRobot_16,6078,6078,44006,2,row-major,N,N,1.0,0.0,20260922,main,pass,pass,0,0,176024.0,0.01547,0.0141328006983,0.0296028006983,0.0149063006983,12.454997686422727,5.946194138654878,11.808697782413232,0.128402038004358,0.06130097050159668,0.1217391523960127,AlphaSparse 248af573c867cf4c7e05d40c611c7c34ebac4715,CUDA,13040,13000,2026-10-08T15:21:13.874387+00:00,derived,csr-alg4,0,0,,,,5,20,4,true
3,A100-SXM4-80GB-suitesparse_all-fp64-n2-row-major-AlphaSparse-SpMM-CSR-pre-plus-solve,AlphaSparse-SpMM-CSR-best-pre-plus-solve,AlphaSparseLib CSR PER MATRIX BEST,per-matrix-best,AlphaSparse-SpMM-CSR,best,pre-plus-solve,"csr-alg1,csr-alg2,csr-alg3,csr-alg4,csr-alg5",manual-selection,csr,ALPHASPARSE_SPMM_CSR_ALG3,workspace-setup,spmm.csr.fp64,fp64,A100-SXM4-80GB,A100-SXM4-80GB,,9700.0,018f64fd-81d1-5f6a-986f-7d386c913e5c,suitesparse_all,VDOL/freeFlyingRobot_2,freeFlyingRobot_2,1338,1338,11600,2,row-major,N,N,1.0,0.0,20260922,main,pass,pass,0,0,46400.0,0.01237,0.0141312003136,0.0265012003136,0.0147497003136,3.2835144198857757,1.7508640910950835,3.1458266278953992,0.03385066412253377,0.01805014526902148,0.032431202349437104,AlphaSparse 248af573c867cf4c7e05d40c611c7c34ebac4715,CUDA,13040,13000,2026-10-06T22:04:44.374457+00:00,derived,csr-alg3,0,0,,,,5,20,4,true
3,A100-SXM4-80GB-suitesparse_all-fp64-n2-row-major-AlphaSparse-SpMM-CSR-pre-plus-solve,AlphaSparse-SpMM-CSR-best-pre-plus-solve,AlphaSparseLib CSR PER MATRIX BEST,per-matrix-best,AlphaSparse-SpMM-CSR,best,pre-plus-solve,"csr-alg1,csr-alg2,csr-alg3,csr-alg4,csr-alg5",manual-selection,csr,ALPHASPARSE_SPMM_CSR_ALG3,workspace-setup,spmm.csr.fp64,fp64,A100-SXM4-80GB,A100-SXM4-80GB,,9700.0,752b02ae-c4ef-54eb-ad5c-0957985c94ee,suitesparse_all,VDOL/freeFlyingRobot_4,freeFlyingRobot_4,2358,2358,18218,2,row-major,N,N,1.0,0.0,20260922,main,pass,pass,0,0,72872.0,0.01281,0.0146320000291,0.0274420000291,0.0152725000291,4.980317103271786,2.65549157943026,4.771451947038845,0.051343475291461715,0.027376201849796493,0.04919022625813242,AlphaSparse 248af573c867cf4c7e05d40c611c7c34ebac4715,CUDA,13040,13000,2026-10-08T06:14:24.538011+00:00,derived,csr-alg3,0,0,,,,5,20,4,true
3,A100-SXM4-80GB-suitesparse_all-fp64-n2-row-major-AlphaSparse-SpMM-CSR-pre-plus-solve,AlphaSparse-SpMM-CSR-best-pre-plus-solve,AlphaSparseLib CSR PER MATRIX BEST,per-matrix-best,AlphaSparse-SpMM-CSR,best,pre-plus-solve,"csr-alg1,csr-alg2,csr-alg3,csr-alg4,csr-alg5",manual-selection,csr,ALPHASPARSE_SPMM_CSR_ALG2,workspace-setup,spmm.csr.fp64,fp64,A100-SXM4-80GB,A100-SXM4-80GB,,9700.0,152f8cc9-7213-5fba-8430-8cd9341fa530,suitesparse_all,VDOL/freeFlyingRobot_5,freeFlyingRobot_5,2878,2878,24582,2,row-major,N,N,1.0,0.0,20260922,main,pass,pass,0,0,98328.0,0.02091,0.0148479998112,0.0357579998112,0.0158934998112,6.622306118688806,2.749818237014533,6.186680162836708,0.0682711970998846,0.028348641618706528,0.06378020786429596,AlphaSparse 248af573c867cf4c7e05d40c611c7c34ebac4715,CUDA,13040,13000,2026-10-07T23:36:07.132746+00:00,derived,csr-alg2,0,0,,,,5,20,4,true
3,A100-SXM4-80GB-suitesparse_all-fp64-n2-row-major-AlphaSparse-SpMM-CSR-pre-plus-solve,AlphaSparse-SpMM-CSR-best-pre-plus-solve,AlphaSparseLib CSR PER MATRIX BEST,per-matrix-best,AlphaSparse-SpMM-CSR,best,pre-plus-solve,"csr-alg1,csr-alg2,csr-alg3,csr-alg4,csr-alg5",manual-selection,csr,ALPHASPARSE_SPMM_CSR_ALG4,workspace-setup,spmm.csr.fp64,fp64,A100-SXM4-80GB,A100-SXM4-80GB,,9700.0,a0827285-e98d-55a9-b486-73107367c8f5,suitesparse_all,VDOL/freeFlyingRobot_6,freeFlyingRobot_6,3358,3358,27030,2,row-major,N,N,1.0,0.0,20260922,main,pass,pass,0,0,108120.0,0.01753,0.0148688003421,0.0323988003421,0.0157453003421,7.271602113982628,3.3371606003419063,6.866810899180326,0.07496497024724359,0.03440371752929801,0.07079186494000336,AlphaSparse 248af573c867cf4c7e05d40c611c7c34ebac4715,CUDA,13040,13000,2026-10-06T08:50:48.678569+00:00,derived,csr-alg4,0,0,,,,5,20,4,true
3,A100-SXM4-80GB-suitesparse_all-fp64-n2-row-major-AlphaSparse-SpMM-CSR-pre-plus-solve,AlphaSparse-SpMM-CSR-best-pre-plus-solve,AlphaSparseLib CSR PER MATRIX BEST,per-matrix-best,AlphaSparse-SpMM-CSR,best,pre-plus-solve,"csr-alg1,csr-alg2,csr-alg3,csr-alg4,csr-alg5",manual-selection,csr,ALPHASPARSE_SPMM_CSR_ALG2,workspace-setup,spmm.csr.fp64,fp64,A100-SXM4-80GB,A100-SXM4-80GB,,9700.0,dd6a9a30-d69d-5ea7-834e-7b0f3242a57c,suitesparse_all,VDOL/freeFlyingRobot_7,freeFlyingRobot_7,3918,3918,31046,2,row-major,N,N,1.0,0.0,20260922,main,pass,pass,0,0,124184.0,0.014189,0.0122624002397,0.0264514002397,0.0129718502397,10.127217964876847,4.694798720470627,9.573345182473522,0.10440430891625616,0.04839998680897553,0.09869428023168579,AlphaSparse 248af573c867cf4c7e05d40c611c7c34ebac4715,CUDA,13040,13000,2026-10-06T20:43:57.575102+00:00,derived,csr-alg2,0,0,,,,5,20,4,true
3,A100-SXM4-80GB-suitesparse_all-fp64-n2-row-major-AlphaSparse-SpMM-CSR-pre-plus-solve,AlphaSparse-SpMM-CSR-best-pre-plus-solve,AlphaSparseLib CSR PER MATRIX BEST,per-matrix-best,AlphaSparse-SpMM-CSR,best,pre-plus-solve,"csr-alg1,csr-alg2,csr-alg3,csr-alg4,csr-alg5",manual-selection,csr,ALPHASPARSE_SPMM_CSR_ALG4,workspace-setup,spmm.csr.fp64,fp64,A100-SXM4-80GB,A100-SXM4-80GB,,9700.0,005fdebf-9ece-5bc0-9d3c-6fda0356699d,suitesparse_all,VDOL/freeFlyingRobot_8,freeFlyingRobot_8,4398,4398,34958,2,row-major,N,N,1.0,0.0,20260922,main,pass,pass,0,0,139832.0,0.012929,0.0132543995976,0.0261833995976,0.0139008495976,10.549855462734023,5.340482983455561,10.059241272860197,0.10876139652303116,0.05505652560263465,0.10370351827690924,AlphaSparse 248af573c867cf4c7e05d40c611c7c34ebac4715,CUDA,13040,13000,2026-10-08T15:21:13.059833+00:00,derived,csr-alg4,0,0,,,,5,20,4,true
3,A100-SXM4-80GB-suitesparse_all-fp64-n2-row-major-AlphaSparse-SpMM-CSR-pre-plus-solve,AlphaSparse-SpMM-CSR-best-pre-plus-solve,AlphaSparseLib CSR PER MATRIX BEST,per-matrix-best,AlphaSparse-SpMM-CSR,best,pre-plus-solve,"csr-alg1,csr-alg2,csr-alg3,csr-alg4,csr-alg5",manual-selection,csr,ALPHASPARSE_SPMM_CSR_ALG5,workspace-setup,spmm.csr.fp64,fp64,A100-SXM4-80GB,A100-SXM4-80GB,,9700.0,d94c6f41-d28e-5f45-abb9-189a8a3b4f78,suitesparse_all,VDOL/freeFlyingRobot_9,freeFlyingRobot_9,4778,4778,39964,2,row-major,N,N,1.0,0.0,20260922,main,pass,pass,0,0,159856.0,0.011869,0.0156159996986,0.0274849996986,0.0162094496986,10.236680525444129,5.816117946260795,9.861901728459458,0.10553278892210442,0.059959978827430885,0.10166908998411811,AlphaSparse 248af573c867cf4c7e05d40c611c7c34ebac4715,CUDA,13040,13000,2026-10-06T03:53:02.713846+00:00,derived,csr-alg5,0,0,,,,5,20,4,true
3,A100-SXM4-80GB-suitesparse_all-fp64-n2-row-major-AlphaSparse-SpMM-CSR-pre-plus-solve,AlphaSparse-SpMM-CSR-best-pre-plus-solve,AlphaSparseLib CSR PER MATRIX BEST,per-matrix-best,AlphaSparse-SpMM-CSR,best,pre-plus-solve,"csr-alg1,csr-alg2,csr-alg3,csr-alg4,csr-alg5",manual-selection,csr,ALPHASPARSE_SPMM_CSR_ALG3,workspace-setup,spmm.csr.fp64,fp64,A100-SXM4-80GB,A100-SXM4-80GB,,9700.0,d94c6f41-d28e-5f45-abb9-189a8a3b4f78,suitesparse_all,VDOL/goddardRocketProblem_1,goddardRocketProblem_1,831,831,8498,2,row-major,N,N,1.0,0.0,20260922,main,pass,pass,0,0,33992.0,0.01326,0.0135680004954,0.0268280004954,0.0142310004954,2.5053065122988762,1.2670344182313684,2.3885882100128875,0.025827902188648208,0.013062210497230602,0.024624620721782346,AlphaSparse 248af573c867cf4c7e05d40c611c7c34ebac4715,CUDA,13040,13000,2026-10-06T03:04:15.007333+00:00,derived,csr-alg3,0,0,,,,5,20,4,true
3,A100-SXM4-80GB-suitesparse_all-fp64-n2-row-major-AlphaSparse-SpMM-CSR-pre-plus-solve,AlphaSparse-SpMM-CSR-best-pre-plus-solve,AlphaSparseLib CSR PER MATRIX BEST,per-matrix-best,AlphaSparse-SpMM-CSR,best,pre-plus-solve,"csr-alg1,csr-alg2,csr-alg3,csr-alg4,csr-alg5",manual-selection,csr,ALPHASPARSE_SPMM_CSR_ALG3,workspace-setup,spmm.csr.fp64,fp64,A100-SXM4-80GB,A100-SXM4-80GB,,9700.0,018f64fd-81d1-5f6a-986f-7d386c913e5c,suitesparse_all,VDOL/goddardRocketProblem_2,goddardRocketProblem_2,867,867,9058,2,row-major,N,N,1.0,0.0,20260922,main,pass,pass,0,0,36232.0,0.0119,0.0140287995338,0.0259287995338,0.0146237995338,2.5826871296225438,1.397365117222996,2.477605079053289,0.026625640511572617,0.014405825950752536,0.025542320402611226,AlphaSparse 248af573c867cf4c7e05d40c611c7c34ebac4715,CUDA,13040,13000,2026-10-06T22:04:45.678258+00:00,derived,csr-alg3,0,0,,,,5,20,4,true
3,A100-SXM4-80GB-suitesparse_all-fp64-n2-row-major-AlphaSparse-SpMM-CSR-pre-plus-solve,AlphaSparse-SpMM-CSR-best-pre-plus-solve,AlphaSparseLib CSR PER MATRIX BEST,per-matrix-best,AlphaSparse-SpMM-CSR,best,pre-plus-solve,"csr-alg1,csr-alg2,csr-alg3,csr-alg4,csr-alg5",manual-selection,csr,ALPHASPARSE_SPMM_CSR_ALG5,workspace-setup,spmm.csr.fp64,fp64,A100-SXM4-80GB,A100-SXM4-80GB,,9700.0,752b02ae-c4ef-54eb-ad5c-0957985c94ee,suitesparse_all,VDOL/hangGlider_2,hangGlider_2,1647,1647,14754,2,row-major,N,N,1.0,0.0,20260922,main,pass,pass,0,0,59016.0,0.012951,0.0147967994213,0.0277477994213,0.0154443494213,3.988430086782581,2.1268713638854417,3.821203366365719,0.041117835946212176,0.021926508906035484,0.03939384913779091,AlphaSparse 248af573c867cf4c7e05d40c611c7c34ebac4715,CUDA,13040,13000,2026-10-08T08:16:39.487167+00:00,derived,csr-alg5,0,0,,,,5,20,4,true
3,A100-SXM4-80GB-suitesparse_all-fp64-n2-row-major-AlphaSparse-SpMM-CSR-pre-plus-solve,AlphaSparse-SpMM-CSR-best-pre-plus-solve,AlphaSparseLib CSR PER MATRIX BEST,per-matrix-best,AlphaSparse-SpMM-CSR,best,pre-plus-solve,"csr-alg1,csr-alg2,csr-alg3,csr-alg4,csr-alg5",manual-selection,csr,ALPHASPARSE_SPMM_CSR_ALG5,workspace-setup,spmm.csr.fp64,fp64,A100-SXM4-80GB,A100-SXM4-80GB,,9700.0,152f8cc9-7213-5fba-8430-8cd9341fa530,suitesparse_all,VDOL/hangGlider_3,hangGlider_3,10260,10260,92703,2,row-major,N,N,1.0,0.0,20260922,main,pass,pass,0,0,370812.0,0.02219,0.016711999476,0.038901999476,0.017821499476,22.188368335729116,9.53195221311868,20.8070033893258,0.228746065316795,0.09826754858885238,0.21450518958067835,AlphaSparse 248af573c867cf4c7e05d40c611c7c34ebac4715,CUDA,13040,13000,2026-10-08T02:33:09.608734+00:00,derived,csr-alg5,0,0,,,,5,20,4,true
3,A100-SXM4-80GB-suitesparse_all-fp64-n2-row-major-AlphaSparse-SpMM-CSR-pre-plus-solve,AlphaSparse-SpMM-CSR-best-pre-plus-solve,AlphaSparseLib CSR PER MATRIX BEST,per-matrix-best,AlphaSparse-SpMM-CSR,best,pre-plus-solve,"csr-alg1,csr-alg2,csr-alg3,csr-alg4,csr-alg5",manual-selection,csr,ALPHASPARSE_SPMM_CSR_ALG5,workspace-setup,spmm.csr.fp64,fp64,A100-SXM4-80GB,A100-SXM4-80GB,,9700.0,a0827285-e98d-55a9-b486-73107367c8f5,suitesparse_all,VDOL/hangGlider_4,hangGlider_4,15561,15561,149532,2,row-major,N,N,1.0,0.0,20260922,main,pass,pass,0,0,598128.0,0.01845,0.0167935997248,0.0352435997248,0.0177160997248,35.61642588853137,16.971251650526295,33.76183298193488,0.3671796483353749,0.17496135722192058,0.3480601338343802,AlphaSparse 248af573c867cf4c7e05d40c611c7c34ebac4715,CUDA,13040,13000,2026-10-06T09:18:31.786641+00:00,derived,csr-alg5,0,0,,,,5,20,4,true
3,A100-SXM4-80GB-suitesparse_all-fp64-n2-row-major-AlphaSparse-SpMM-CSR-pre-plus-solve,AlphaSparse-SpMM-CSR-best-pre-plus-solve,AlphaSparseLib CSR PER MATRIX BEST,per-matrix-best,AlphaSparse-SpMM-CSR,best,pre-plus-solve,"csr-alg1,csr-alg2,csr-alg3,csr-alg4,csr-alg5",manual-selection,csr,ALPHASPARSE_SPMM_CSR_ALG5,workspace-setup,spmm.csr.fp64,fp64,A100-SXM4-80GB,A100-SXM4-80GB,,9700.0,dd6a9a30-d69d-5ea7-834e-7b0f3242a57c,suitesparse_all,VDOL/hangGlider_5,hangGlider_5,16011,16011,155246,2,row-major,N,N,1.0,0.0,20260922,main,pass,pass,0,0,620984.0,0.01384,0.0166912004352,0.0305312004352,0.0173832004352,37.20427433669837,20.339324728419644,35.72322612943831,0.38354921996596253,0.20968376008680045,0.3682806817467867,AlphaSparse 248af573c867cf4c7e05d40c611c7c34ebac4715,CUDA,13040,13000,2026-10-06T22:36:26.897265+00:00,derived,csr-alg5,0,0,,,,5,20,4,true
3,A100-SXM4-80GB-suitesparse_all-fp64-n2-row-major-AlphaSparse-SpMM-CSR-pre-plus-solve,AlphaSparse-SpMM-CSR-best-pre-plus-solve,AlphaSparseLib CSR PER MATRIX BEST,per-matrix-best,AlphaSparse-SpMM-CSR,best,pre-plus-solve,"csr-alg1,csr-alg2,csr-alg3,csr-alg4,csr-alg5",manual-selection,csr,ALPHASPARSE_SPMM_CSR_ALG5,workspace-setup,spmm.csr.fp64,fp64,A100-SXM4-80GB,A100-SXM4-80GB,,9700.0,005fdebf-9ece-5bc0-9d3c-6fda0356699d,suitesparse_all,VDOL/kineticBatchReactor_1,kineticBatchReactor_1,2052,2052,20600,2,row-major,N,N,1.0,0.0,20260922,main,pass,pass,0,0,82400.0,0.013841,0.0144383996725,0.0282793996725,0.0151304496725,5.707003675548794,2.9137817971478723,5.445971652102595,0.05883508943864736,0.030038987599462604,0.05614403765054222,AlphaSparse 248af573c867cf4c7e05d40c611c7c34ebac4715,CUDA,13040,13000,2026-10-08T15:45:09.246497+00:00,derived,csr-alg5,0,0,,,,5,20,4,true
3,A100-SXM4-80GB-suitesparse_all-fp64-n2-row-major-AlphaSparse-SpMM-CSR-pre-plus-solve,AlphaSparse-SpMM-CSR-best-pre-plus-solve,AlphaSparseLib CSR PER MATRIX BEST,per-matrix-best,AlphaSparse-SpMM-CSR,best,pre-plus-solve,"csr-alg1,csr-alg2,csr-alg3,csr-alg4,csr-alg5",manual-selection,csr,ALPHASPARSE_SPMM_CSR_ALG5,workspace-setup,spmm.csr.fp64,fp64,A100-SXM4-80GB,A100-SXM4-80GB,,9700.0,d94c6f41-d28e-5f45-abb9-189a8a3b4f78,suitesparse_all,VDOL/kineticBatchReactor_2,kineticBatchReactor_2,4361,4361,44840,2,row-major,N,N,1.0,0.0,20260922,main,pass,pass,0,0,179360.0,0.01303,0.0156159996986,0.0286459996986,0.0162674996986,11.485655959386317,6.261258182194485,11.025664873098842,0.11840882432357029,0.06454905342468541,0.11366664817627672,AlphaSparse 248af573c867cf4c7e05d40c611c7c34ebac4715,CUDA,13040,13000,2026-10-06T03:53:05.227820+00:00,derived,csr-alg5,0,0,,,,5,20,4,true
3,A100-SXM4-80GB-suitesparse_all-fp64-n2-row-major-AlphaSparse-SpMM-CSR-pre-plus-solve,AlphaSparse-SpMM-CSR-best-pre-plus-solve,AlphaSparseLib CSR PER MATRIX BEST,per-matrix-best,AlphaSparse-SpMM-CSR,best,pre-plus-solve,"csr-alg1,csr-alg2,csr-alg3,csr-alg4,csr-alg5",manual-selection,csr,ALPHASPARSE_SPMM_CSR_ALG5,workspace-setup,spmm.csr.fp64,fp64,A100-SXM4-80GB,A100-SXM4-80GB,,9700.0,018f64fd-81d1-5f6a-986f-7d386c913e5c,suitesparse_all,VDOL/kineticBatchReactor_3,kineticBatchReactor_3,5082,5082,53219,2,row-major,N,N,1.0,0.0,20260922,main,pass,pass,0,0,212876.0,0.013,0.0159743994474,0.0289743994474,0.0166243994474,13.326072175730387,7.347037524848589,12.805033990764287,0.13738218737866378,0.07574265489534628,0.1320106596986009,AlphaSparse 248af573c867cf4c7e05d40c611c7c34ebac4715,CUDA,13040,13000,2026-10-06T23:20:06.313881+00:00,derived,csr-alg5,0,0,,,,5,20,4,true
3,A100-SXM4-80GB-suitesparse_all-fp64-n2-row-major-AlphaSparse-SpMM-CSR-pre-plus-solve,AlphaSparse-SpMM-CSR-best-pre-plus-solve,AlphaSparseLib CSR PER MATRIX BEST,per-matrix-best,AlphaSparse-SpMM-CSR,best,pre-plus-solve,"csr-alg1,csr-alg2,csr-alg3,csr-alg4,csr-alg5",manual-selection,csr,ALPHASPARSE_SPMM_CSR_ALG5,workspace-setup,spmm.csr.fp64,fp64,A100-SXM4-80GB,A100-SXM4-80GB,,9700.0,752b02ae-c4ef-54eb-ad5c-0957985c94ee,suitesparse_all,VDOL/kineticBatchReactor_5,kineticBatchReactor_5,7641,7641,80767,2,row-major,N,N,1.0,0.0,20260922,main,pass,pass,0,0,323068.0,0.01267,0.0159743994474,0.0286443994474,0.0166078994474,20.2241092733275,11.278574738257404,19.45267076207984,0.2084959718899742,0.11627396637378769,0.20054299754721483,AlphaSparse 248af573c867cf4c7e05d40c611c7c34ebac4715,CUDA,13040,13000,2026-10-08T08:16:40.140063+00:00,derived,csr-alg5,0,0,,,,5,20,4,true
3,A100-SXM4-80GB-suitesparse_all-fp64-n2-row-major-AlphaSparse-SpMM-CSR-pre-plus-solve,AlphaSparse-SpMM-CSR-best-pre-plus-solve,AlphaSparseLib CSR PER MATRIX BEST,per-matrix-best,AlphaSparse-SpMM-CSR,best,pre-plus-solve,"csr-alg1,csr-alg2,csr-alg3,csr-alg4,csr-alg5",manual-selection,csr,ALPHASPARSE_SPMM_CSR_ALG5,workspace-setup,spmm.csr.fp64,fp64,A100-SXM4-80GB,A100-SXM4-80GB,,9700.0,152f8cc9-7213-5fba-8430-8cd9341fa530,suitesparse_all,VDOL/kineticBatchReactor_6,kineticBatchReactor_6,7773,7773,82500,2,row-major,N,N,1.0,0.0,20260922,main,pass,pass,0,0,330000.0,0.02156,0.0159871995449,0.0375471995449,0.0170651995449,20.641513798160585,8.788937763664016,19.337599840643048,0.21279911132124313,0.09060760581096924,0.19935669938807266,AlphaSparse 248af573c867cf4c7e05d40c611c7c34ebac4715,CUDA,13040,13000,2026-10-08T02:33:10.366244+00:00,derived,csr-alg5,0,0,,,,5,20,4,true
3,A100-SXM4-80GB-suitesparse_all-fp64-n2-row-major-AlphaSparse-SpMM-CSR-pre-plus-solve,AlphaSparse-SpMM-CSR-best-pre-plus-solve,AlphaSparseLib CSR PER MATRIX BEST,per-matrix-best,AlphaSparse-SpMM-CSR,best,pre-plus-solve,"csr-alg1,csr-alg2,csr-alg3,csr-alg4,csr-alg5",manual-selection,csr,ALPHASPARSE_SPMM_CSR_ALG5,workspace-setup,spmm.csr.fp64,fp64,A100-SXM4-80GB,A100-SXM4-80GB,,9700.0,a0827285-e98d-55a9-b486-73107367c8f5,suitesparse_all,VDOL/kineticBatchReactor_7,kineticBatchReactor_7,7968,7968,84508,2,row-major,N,N,1.0,0.0,20260922,main,pass,pass,0,0,338032.0,0.018491,0.0130784004927,0.0315694004927,0.0140029504927,25.846585764725596,10.707583759094993,24.140055353064515,0.26645964705902675,0.11038746143396899,0.24886655003159294,AlphaSparse 248af573c867cf4c7e05d40c611c7c34ebac4715,CUDA,13040,13000,2026-10-06T09:18:32.547430+00:00,derived,csr-alg5,0,0,,,,5,20,4,true
3,A100-SXM4-80GB-suitesparse_all-fp64-n2-row-major-AlphaSparse-SpMM-CSR-pre-plus-solve,AlphaSparse-SpMM-CSR-best-pre-plus-solve,AlphaSparseLib CSR PER MATRIX BEST,per-matrix-best,AlphaSparse-SpMM-CSR,best,pre-plus-solve,"csr-alg1,csr-alg2,csr-alg3,csr-alg4,csr-alg5",manual-selection,csr,ALPHASPARSE_SPMM_CSR_ALG5,workspace-setup,spmm.csr.fp64,fp64,A100-SXM4-80GB,A100-SXM4-80GB,,9700.0,dd6a9a30-d69d-5ea7-834e-7b0f3242a57c,suitesparse_all,VDOL/kineticBatchReactor_8,kineticBatchReactor_8,8052,8052,85194,2,row-major,N,N,1.0,0.0,20260922,main,pass,pass,0,0,340776.0,0.0143,0.0157695993781,0.0300695993781,0.0164845993781,21.609680235330007,11.332907888629558,20.672385915106027,0.22278020861164954,0.11683410194463463,0.21311738056810337,AlphaSparse 248af573c867cf4c7e05d40c611c7c34ebac4715,CUDA,13040,13000,2026-10-06T22:36:27.568729+00:00,derived,csr-alg5,0,0,,,,5,20,4,true
3,A100-SXM4-80GB-suitesparse_all-fp64-n2-row-major-AlphaSparse-SpMM-CSR-pre-plus-solve,AlphaSparse-SpMM-CSR-best-pre-plus-solve,AlphaSparseLib CSR PER MATRIX BEST,per-matrix-best,AlphaSparse-SpMM-CSR,best,pre-plus-solve,"csr-alg1,csr-alg2,csr-alg3,csr-alg4,csr-alg5",manual-selection,csr,ALPHASPARSE_SPMM_CSR_ALG5,workspace-setup,spmm.csr.fp64,fp64,A100-SXM4-80GB,A100-SXM4-80GB,,9700.0,005fdebf-9ece-5bc0-9d3c-6fda0356699d,suitesparse_all,VDOL/kineticBatchReactor_9,kineticBatchReactor_9,8115,8115,86183,2,row-major,N,N,1.0,0.0,20260922,main,pass,pass,0,0,344732.0,0.01341,0.0157680004835,0.0291780004835,0.0164385004835,21.862759349908412,11.814791770770723,20.97101255348818,0.22538927164854036,0.12180197701825488,0.2161960057060637,AlphaSparse 248af573c867cf4c7e05d40c611c7c34ebac4715,CUDA,13040,13000,2026-10-08T15:45:10.128489+00:00,derived,csr-alg5,0,0,,,,5,20,4,true
3,A100-SXM4-80GB-suitesparse_all-fp64-n2-row-major-AlphaSparse-SpMM-CSR-pre-plus-solve,AlphaSparse-SpMM-CSR-best-pre-plus-solve,AlphaSparseLib CSR PER MATRIX BEST,per-matrix-best,AlphaSparse-SpMM-CSR,best,pre-plus-solve,"csr-alg1,csr-alg2,csr-alg3,csr-alg4,csr-alg5",manual-selection,csr,ALPHASPARSE_SPMM_CSR_ALG5,workspace-setup,spmm.csr.fp64,fp64,A100-SXM4-80GB,A100-SXM4-80GB,,9700.0,d94c6f41-d28e-5f45-abb9-189a8a3b4f78,suitesparse_all,VDOL/lowThrust_1,lowThrust_1,584,584,6133,2,row-major,N,N,1.0,0.0,20260922,main,pass,pass,0,0,24532.0,0.01288,0.0139776006341,0.0268576006341,0.0146216006341,1.7550937848482595,0.9134099629455626,1.6777916873743155,0.01809375035926041,0.009416597556139822,0.017296821519322842,AlphaSparse 248af573c867cf4c7e05d40c611c7c34ebac4715,CUDA,13040,13000,2026-10-06T03:53:06.557086+00:00,derived,csr-alg5,0,0,,,,5,20,4,true
3,A100-SXM4-80GB-suitesparse_all-fp64-n2-row-major-AlphaSparse-SpMM-CSR-pre-plus-solve,AlphaSparse-SpMM-CSR-best-pre-plus-solve,AlphaSparseLib CSR PER MATRIX BEST,per-matrix-best,AlphaSparse-SpMM-CSR,best,pre-plus-solve,"csr-alg1,csr-alg2,csr-alg3,csr-alg4,csr-alg5",manual-selection,csr,ALPHASPARSE_SPMM_CSR_ALG5,workspace-setup,spmm.csr.fp64,fp64,A100-SXM4-80GB,A100-SXM4-80GB,,9700.0,018f64fd-81d1-5f6a-986f-7d386c913e5c,suitesparse_all,VDOL/lowThrust_10,lowThrust_10,18260,18260,222005,2,row-major,N,N,1.0,0.0,20260922,main,pass,pass,0,0,888020.0,0.01465,0.0188416004181,0.0334916004181,0.0195741004181,47.13081586991582,26.514707834627206,45.36709125998228,0.48588469968985387,0.273347503449765,0.46770197175239464,AlphaSparse 248af573c867cf4c7e05d40c611c7c34ebac4715,CUDA,13040,13000,2026-10-06T23:20:08.110489+00:00,derived,csr-alg5,0,0,,,,5,20,4,true
3,A100-SXM4-80GB-suitesparse_all-fp64-n2-row-major-AlphaSparse-SpMM-CSR-pre-plus-solve,AlphaSparse-SpMM-CSR-best-pre-plus-solve,AlphaSparseLib CSR PER MATRIX BEST,per-matrix-best,AlphaSparse-SpMM-CSR,best,pre-plus-solve,"csr-alg1,csr-alg2,csr-alg3,csr-alg4,csr-alg5",manual-selection,csr,ALPHASPARSE_SPMM_CSR_ALG5,workspace-setup,spmm.csr.fp64,fp64,A100-SXM4-80GB,A100-SXM4-80GB,,9700.0,752b02ae-c4ef-54eb-ad5c-0957985c94ee,suitesparse_all,VDOL/lowThrust_12,lowThrust_12,18458,18458,224593,2,row-major,N,N,1.0,0.0,20260922,main,pass,pass,0,0,898372.0,0.01344,0.0193535998464,0.0327935998464,0.0200255998464,46.41885784194861,27.39473568647027,44.86117803664694,0.47854492620565575,0.2824199555306213,0.46248637151182415,AlphaSparse 248af573c867cf4c7e05d40c611c7c34ebac4715,CUDA,13040,13000,2026-10-08T08:16:41.512416+00:00,derived,csr-alg5,0,0,,,,5,20,4,true
3,A100-SXM4-80GB-suitesparse_all-fp64-n2-row-major-AlphaSparse-SpMM-CSR-pre-plus-solve,AlphaSparse-SpMM-CSR-best-pre-plus-solve,AlphaSparseLib CSR PER MATRIX BEST,per-matrix-best,AlphaSparse-SpMM-CSR,best,pre-plus-solve,"csr-alg1,csr-alg2,csr-alg3,csr-alg4,csr-alg5",manual-selection,csr,ALPHASPARSE_SPMM_CSR_ALG5,workspace-setup,spmm.csr.fp64,fp64,A100-SXM4-80GB,A100-SXM4-80GB,,9700.0,152f8cc9-7213-5fba-8430-8cd9341fa530,suitesparse_all,VDOL/lowThrust_13,lowThrust_13,18476,18476,224897,2,row-major,N,N,1.0,0.0,20260922,main,pass,pass,0,0,899588.0,0.02382,0.0192512005568,0.0430712005568,0.0204422005568,46.72892983197576,20.8860674504225,44.00641689726287,0.481741544659544,0.2153202829940464,0.45367440100271006,AlphaSparse 248af573c867cf4c7e05d40c611c7c34ebac4715,CUDA,13040,13000,2026-10-08T02:33:12.738976+00:00,derived,csr-alg5,0,0,,,,5,20,4,true
3,A100-SXM4-80GB-suitesparse_all-fp64-n2-row-major-AlphaSparse-SpMM-CSR-pre-plus-solve,AlphaSparse-SpMM-CSR-best-pre-plus-solve,AlphaSparseLib CSR PER MATRIX BEST,per-matrix-best,AlphaSparse-SpMM-CSR,best,pre-plus-solve,"csr-alg1,csr-alg2,csr-alg3,csr-alg4,csr-alg5",manual-selection,csr,ALPHASPARSE_SPMM_CSR_ALG3,workspace-setup,spmm.csr.fp64,fp64,A100-SXM4-80GB,A100-SXM4-80GB,,9700.0,018f64fd-81d1-5f6a-986f-7d386c913e5c,suitesparse_all,VDOL/lowThrust_2,lowThrust_2,2312,2312,26261,2,row-major,N,N,1.0,0.0,20260922,main,pass,pass,0,0,105044.0,0.012929,0.014833599329,0.027762599329,0.015480049329,7.081490990162904,3.7836514785657736,6.785766489982223,0.07300506175425674,0.039006716273873955,0.06995635556682704,AlphaSparse 248af573c867cf4c7e05d40c611c7c34ebac4715,CUDA,13040,13000,2026-10-06T22:04:47.167455+00:00,derived,csr-alg3,0,0,,,,5,20,4,true
3,A100-SXM4-80GB-suitesparse_all-fp64-n2-row-major-AlphaSparse-SpMM-CSR-pre-plus-solve,AlphaSparse-SpMM-CSR-best-pre-plus-solve,AlphaSparseLib CSR PER MATRIX BEST,per-matrix-best,AlphaSparse-SpMM-CSR,best,pre-plus-solve,"csr-alg1,csr-alg2,csr-alg3,csr-alg4,csr-alg5",manual-selection,csr,ALPHASPARSE_SPMM_CSR_ALG5,workspace-setup,spmm.csr.fp64,fp64,A100-SXM4-80GB,A100-SXM4-80GB,,9700.0,752b02ae-c4ef-54eb-ad5c-0957985c94ee,suitesparse_all,VDOL/lowThrust_4,lowThrust_4,13562,13562,160947,2,row-major,N,N,1.0,0.0,20260922,main,pass,pass,0,0,643788.0,0.01361,0.0168960005045,0.0305060005045,0.0175765005045,38.10298181682325,21.103651391634692,36.62776898252158,0.3928142455342603,0.21756341640860508,0.37760586579919153,AlphaSparse 248af573c867cf4c7e05d40c611c7c34ebac4715,CUDA,13040,13000,2026-10-08T08:16:40.813726+00:00,derived,csr-alg5,0,0,,,,5,20,4,true
3,A100-SXM4-80GB-suitesparse_all-fp64-n2-row-major-AlphaSparse-SpMM-CSR-pre-plus-solve,AlphaSparse-SpMM-CSR-best-pre-plus-solve,AlphaSparseLib CSR PER MATRIX BEST,per-matrix-best,AlphaSparse-SpMM-CSR,best,pre-plus-solve,"csr-alg1,csr-alg2,csr-alg3,csr-alg4,csr-alg5",manual-selection,csr,ALPHASPARSE_SPMM_CSR_ALG5,workspace-setup,spmm.csr.fp64,fp64,A100-SXM4-80GB,A100-SXM4-80GB,,9700.0,152f8cc9-7213-5fba-8430-8cd9341fa530,suitesparse_all,VDOL/lowThrust_5,lowThrust_5,16262,16262,198369,2,row-major,N,N,1.0,0.0,20260922,main,pass,pass,0,0,793476.0,0.023011,0.0176128000021,0.0406238000021,0.0187633500021,45.05109919520989,19.532293875978667,42.28861050458441,0.46444432160010196,0.20136385439153262,0.43596505674829295,AlphaSparse 248af573c867cf4c7e05d40c611c7c34ebac4715,CUDA,13040,13000,2026-10-08T02:33:11.356579+00:00,derived,csr-alg5,0,0,,,,5,20,4,true
3,A100-SXM4-80GB-suitesparse_all-fp64-n2-row-major-AlphaSparse-SpMM-CSR-pre-plus-solve,AlphaSparse-SpMM-CSR-best-pre-plus-solve,AlphaSparseLib CSR PER MATRIX BEST,per-matrix-best,AlphaSparse-SpMM-CSR,best,pre-plus-solve,"csr-alg1,csr-alg2,csr-alg3,csr-alg4,csr-alg5",manual-selection,csr,ALPHASPARSE_SPMM_CSR_ALG5,workspace-setup,spmm.csr.fp64,fp64,A100-SXM4-80GB,A100-SXM4-80GB,,9700.0,a0827285-e98d-55a9-b486-73107367c8f5,suitesparse_all,VDOL/lowThrust_6,lowThrust_6,16928,16928,207349,2,row-major,N,N,1.0,0.0,20260922,main,pass,pass,0,0,829396.0,0.01859,0.0142368003726,0.0328268003726,0.0151663003726,58.25719110287217,25.265819104693595,54.686771303726616,0.6005895989986821,0.2604723619040577,0.5637811474610992,AlphaSparse 248af573c867cf4c7e05d40c611c7c34ebac4715,CUDA,13040,13000,2026-10-06T09:18:33.376384+00:00,derived,csr-alg5,0,0,,,,5,20,4,true
3,A100-SXM4-80GB-suitesparse_all-fp64-n2-row-major-AlphaSparse-SpMM-CSR-pre-plus-solve,AlphaSparse-SpMM-CSR-best-pre-plus-solve,AlphaSparseLib CSR PER MATRIX BEST,per-matrix-best,AlphaSparse-SpMM-CSR,best,pre-plus-solve,"csr-alg1,csr-alg2,csr-alg3,csr-alg4,csr-alg5",manual-selection,csr,ALPHASPARSE_SPMM_CSR_ALG5,workspace-setup,spmm.csr.fp64,fp64,A100-SXM4-80GB,A100-SXM4-80GB,,9700.0,dd6a9a30-d69d-5ea7-834e-7b0f3242a57c,suitesparse_all,VDOL/lowThrust_7,lowThrust_7,17378,17378,211561,2,row-major,N,N,1.0,0.0,20260922,main,pass,pass,0,0,846244.0,0.01393,0.0172544002533,0.0311844002533,0.0179509002533,49.04511241056618,27.13677329454007,47.14214819640763,0.5056197155728472,0.2797605494282482,0.4860015277980168,AlphaSparse 248af573c867cf4c7e05d40c611c7c34ebac4715,CUDA,13040,13000,2026-10-06T22:36:28.285044+00:00,derived,csr-alg5,0,0,,,,5,20,4,true
3,A100-SXM4-80GB-suitesparse_all-fp64-n2-row-major-AlphaSparse-SpMM-CSR-pre-plus-solve,AlphaSparse-SpMM-CSR-best-pre-plus-solve,AlphaSparseLib CSR PER MATRIX BEST,per-matrix-best,AlphaSparse-SpMM-CSR,best,pre-plus-solve,"csr-alg1,csr-alg2,csr-alg3,csr-alg4,csr-alg5",manual-selection,csr,ALPHASPARSE_SPMM_CSR_ALG5,workspace-setup,spmm.csr.fp64,fp64,A100-SXM4-80GB,A100-SXM4-80GB,,9700.0,005fdebf-9ece-5bc0-9d3c-6fda0356699d,suitesparse_all,VDOL/lowThrust_8,lowThrust_8,17702,17702,216445,2,row-major,N,N,1.0,0.0,20260922,main,pass,pass,0,0,865780.0,0.01395,0.0145408004522,0.0284908004522,0.0152383004522,59.5414264053812,30.388054609155294,56.81604734831205,0.6138291381998062,0.3132789134964463,0.585732446889815,AlphaSparse 248af573c867cf4c7e05d40c611c7c34ebac4715,CUDA,13040,13000,2026-10-08T15:45:11.147820+00:00,derived,csr-alg5,0,0,,,,5,20,4,true
3,A100-SXM4-80GB-suitesparse_all-fp64-n2-row-major-AlphaSparse-SpMM-CSR-pre-plus-solve,AlphaSparse-SpMM-CSR-best-pre-plus-solve,AlphaSparseLib CSR PER MATRIX BEST,per-matrix-best,AlphaSparse-SpMM-CSR,best,pre-plus-solve,"csr-alg1,csr-alg2,csr-alg3,csr-alg4,csr-alg5",manual-selection,csr,ALPHASPARSE_SPMM_CSR_ALG5,workspace-setup,spmm.csr.fp64,fp64,A100-SXM4-80GB,A100-SXM4-80GB,,9700.0,d94c6f41-d28e-5f45-abb9-189a8a3b4f78,suitesparse_all,VDOL/lowThrust_9,lowThrust_9,18044,18044,219589,2,row-major,N,N,1.0,0.0,20260922,main,pass,pass,0,0,878356.0,0.01839,0.0178688004613,0.0362588004613,0.0187883004613,49.15584579403253,24.224629298961315,46.75015719539036,0.5067612968456963,0.2497384463810445,0.48196038345763254,AlphaSparse 248af573c867cf4c7e05d40c611c7c34ebac4715,CUDA,13040,13000,2026-10-06T03:53:08.001282+00:00,derived,csr-alg5,0,0,,,,5,20,4,true
3,A100-SXM4-80GB-suitesparse_all-fp64-n2-row-major-AlphaSparse-SpMM-CSR-pre-plus-solve,AlphaSparse-SpMM-CSR-best-pre-plus-solve,AlphaSparseLib CSR PER MATRIX BEST,per-matrix-best,AlphaSparse-SpMM-CSR,best,pre-plus-solve,"csr-alg1,csr-alg2,csr-alg3,csr-alg4,csr-alg5",manual-selection,csr,ALPHASPARSE_SPMM_CSR_ALG1,workspace-setup,spmm.csr.fp64,fp64,A100-SXM4-80GB,A100-SXM4-80GB,,9700.0,a0827285-e98d-55a9-b486-73107367c8f5,suitesparse_all,VDOL/orbitRaising_1,orbitRaising_1,442,442,2906,2,row-major,N,N,1.0,0.0,20260922,main,pass,pass,0,0,11624.0,0.01663,0.00803840011358,0.0246684001136,0.00886990011358,1.4460588967651062,0.4712101290100099,1.3104995378925877,0.014907823677990786,0.004857836381546494,0.013510304514356575,AlphaSparse 248af573c867cf4c7e05d40c611c7c34ebac4715,CUDA,13040,13000,2026-10-06T07:26:45.438640+00:00,derived,csr-alg1,0,0,,,,5,20,4,true
3,A100-SXM4-80GB-suitesparse_all-fp64-n2-row-major-AlphaSparse-SpMM-CSR-pre-plus-solve,AlphaSparse-SpMM-CSR-best-pre-plus-solve,AlphaSparseLib CSR PER MATRIX BEST,per-matrix-best,AlphaSparse-SpMM-CSR,best,pre-plus-solve,"csr-alg1,csr-alg2,csr-alg3,csr-alg4,csr-alg5",manual-selection,csr,ALPHASPARSE_SPMM_CSR_ALG1,workspace-setup,spmm.csr.fp64,fp64,A100-SXM4-80GB,A100-SXM4-80GB,,9700.0,dd6a9a30-d69d-5ea7-834e-7b0f3242a57c,suitesparse_all,VDOL/orbitRaising_2,orbitRaising_2,739,739,6526,2,row-major,N,N,1.0,0.0,20260922,main,pass,pass,0,0,26104.0,0.01386,0.0107008002698,0.0245608002698,0.0113938002698,2.4394437183984454,1.0628318179069076,2.291070527994977,0.025148904313386032,0.010957029050586677,0.02361928379376265,AlphaSparse 248af573c867cf4c7e05d40c611c7c34ebac4715,CUDA,13040,13000,2026-10-06T20:06:31.953599+00:00,derived,csr-alg1,0,0,,,,5,20,4,true
3,A100-SXM4-80GB-suitesparse_all-fp64-n2-row-major-AlphaSparse-SpMM-CSR-pre-plus-solve,AlphaSparse-SpMM-CSR-best-pre-plus-solve,AlphaSparseLib CSR PER MATRIX BEST,per-matrix-best,AlphaSparse-SpMM-CSR,best,pre-plus-solve,"csr-alg1,csr-alg2,csr-alg3,csr-alg4,csr-alg5",manual-selection,csr,ALPHASPARSE_SPMM_CSR_ALG5,workspace-setup,spmm.csr.fp64,fp64,A100-SXM4-80GB,A100-SXM4-80GB,,9700.0,005fdebf-9ece-5bc0-9d3c-6fda0356699d,suitesparse_all,VDOL/orbitRaising_3,orbitRaising_3,761,761,6098,2,row-major,N,N,1.0,0.0,20260922,main,pass,pass,0,0,24392.0,0.01391,0.0108543999493,0.0247643999493,0.0115498999493,2.247199302949311,0.9849622865862928,2.111879765805098,0.023167003123188774,0.010154250377178277,0.021771956348506163,AlphaSparse 248af573c867cf4c7e05d40c611c7c34ebac4715,CUDA,13040,13000,2026-10-08T15:45:11.962830+00:00,derived,csr-alg5,0,0,,,,5,20,4,true
3,A100-SXM4-80GB-suitesparse_all-fp64-n2-row-major-AlphaSparse-SpMM-CSR-pre-plus-solve,AlphaSparse-SpMM-CSR-best-pre-plus-solve,AlphaSparseLib CSR PER MATRIX BEST,per-matrix-best,AlphaSparse-SpMM-CSR,best,pre-plus-solve,"csr-alg1,csr-alg2,csr-alg3,csr-alg4,csr-alg5",manual-selection,csr,ALPHASPARSE_SPMM_CSR_ALG2,workspace-setup,spmm.csr.fp64,fp64,A100-SXM4-80GB,A100-SXM4-80GB,,9700.0,d94c6f41-d28e-5f45-abb9-189a8a3b4f78,suitesparse_all,VDOL/orbitRaising_4,orbitRaising_4,915,915,7790,2,row-major,N,N,1.0,0.0,20260922,main,pass,pass,0,0,31160.0,0.01323,0.0126512005925,0.0258812005925,0.0133127005925,2.4630073463915,1.2039626944134005,2.3406220085468354,0.02539182831331443,0.012411986540344335,0.02413012379945191,AlphaSparse 248af573c867cf4c7e05d40c611c7c34ebac4715,CUDA,13040,13000,2026-10-06T02:40:04.794478+00:00,derived,csr-alg2,0,0,,,,5,20,4,true
3,A100-SXM4-80GB-suitesparse_all-fp64-n2-row-major-AlphaSparse-SpMM-CSR-pre-plus-solve,AlphaSparse-SpMM-CSR-best-pre-plus-solve,AlphaSparseLib CSR PER MATRIX BEST,per-matrix-best,AlphaSparse-SpMM-CSR,best,pre-plus-solve,"csr-alg1,csr-alg2,csr-alg3,csr-alg4,csr-alg5",manual-selection,csr,ALPHASPARSE_SPMM_CSR_ALG3,workspace-setup,spmm.csr.fp64,fp64,A100-SXM4-80GB,A100-SXM4-80GB,,9700.0,018f64fd-81d1-5f6a-986f-7d386c913e5c,suitesparse_all,VDOL/reorientation_1,reorientation_1,677,677,7326,2,row-major,N,N,1.0,0.0,20260922,main,pass,pass,0,0,29304.0,0.01185,0.0138239994645,0.0256739994645,0.0144164994645,2.1197917487809956,1.1413881986139043,2.0326709734328934,0.021853523183309232,0.011766888645504169,0.02095537086013292,AlphaSparse 248af573c867cf4c7e05d40c611c7c34ebac4715,CUDA,13040,13000,2026-10-06T22:04:48.765002+00:00,derived,csr-alg3,0,0,,,,5,20,4,true
3,A100-SXM4-80GB-suitesparse_all-fp64-n2-row-major-AlphaSparse-SpMM-CSR-pre-plus-solve,AlphaSparse-SpMM-CSR-best-pre-plus-solve,AlphaSparseLib CSR PER MATRIX BEST,per-matrix-best,AlphaSparse-SpMM-CSR,best,pre-plus-solve,"csr-alg1,csr-alg2,csr-alg3,csr-alg4,csr-alg5",manual-selection,csr,ALPHASPARSE_SPMM_CSR_ALG5,workspace-setup,spmm.csr.fp64,fp64,A100-SXM4-80GB,A100-SXM4-80GB,,9700.0,752b02ae-c4ef-54eb-ad5c-0957985c94ee,suitesparse_all,VDOL/reorientation_3,reorientation_3,2513,2513,32166,2,row-major,N,N,1.0,0.0,20260922,main,pass,pass,0,0,128664.0,0.01266,0.0151040002704,0.0277640002704,0.0157370002704,8.518537983089733,4.634202519338411,8.175891071312135,0.08781997920711065,0.047775283704519694,0.08428753681765087,AlphaSparse 248af573c867cf4c7e05d40c611c7c34ebac4715,CUDA,13040,13000,2026-10-08T08:16:42.122917+00:00,derived,csr-alg5,0,0,,,,5,20,4,true
3,A100-SXM4-80GB-suitesparse_all-fp64-n2-row-major-AlphaSparse-SpMM-CSR-pre-plus-solve,AlphaSparse-SpMM-CSR-best-pre-plus-solve,AlphaSparseLib CSR PER MATRIX BEST,per-matrix-best,AlphaSparse-SpMM-CSR,best,pre-plus-solve,"csr-alg1,csr-alg2,csr-alg3,csr-alg4,csr-alg5",manual-selection,csr,ALPHASPARSE_SPMM_CSR_ALG2,workspace-setup,spmm.csr.fp64,fp64,A100-SXM4-80GB,A100-SXM4-80GB,,9700.0,152f8cc9-7213-5fba-8430-8cd9341fa530,suitesparse_all,VDOL/reorientation_4,reorientation_4,2717,2717,33630,2,row-major,N,N,1.0,0.0,20260922,main,pass,pass,0,0,134520.0,0.02144,0.0157695993781,0.0372095993781,0.0168415993781,8.530337187057166,3.6151961388536957,7.987364915883422,0.08794162048512542,0.0372700632871515,0.08234396820498373,AlphaSparse 248af573c867cf4c7e05d40c611c7c34ebac4715,CUDA,13040,13000,2026-10-07T23:36:11.055985+00:00,derived,csr-alg2,0,0,,,,5,20,4,true
3,A100-SXM4-80GB-suitesparse_all-fp64-n2-row-major-AlphaSparse-SpMM-CSR-pre-plus-solve,AlphaSparse-SpMM-CSR-best-pre-plus-solve,AlphaSparseLib CSR PER MATRIX BEST,per-matrix-best,AlphaSparse-SpMM-CSR,best,pre-plus-solve,"csr-alg1,csr-alg2,csr-alg3,csr-alg4,csr-alg5",manual-selection,csr,ALPHASPARSE_SPMM_CSR_ALG5,workspace-setup,spmm.csr.fp64,fp64,A100-SXM4-80GB,A100-SXM4-80GB,,9700.0,a0827285-e98d-55a9-b486-73107367c8f5,suitesparse_all,VDOL/reorientation_5,reorientation_5,2904,2904,35590,2,row-major,N,N,1.0,0.0,20260922,main,pass,pass,0,0,142360.0,0.01866,0.0122639998794,0.0309239998794,0.0131969998794,11.607958365942578,4.603544190764048,10.787300242551217,0.11966967387569667,0.047459218461485035,0.11120928085104347,AlphaSparse 248af573c867cf4c7e05d40c611c7c34ebac4715,CUDA,13040,13000,2026-10-06T09:18:34.815440+00:00,derived,csr-alg5,0,0,,,,5,20,4,true
3,A100-SXM4-80GB-suitesparse_all-fp64-n2-row-major-AlphaSparse-SpMM-CSR-pre-plus-solve,AlphaSparse-SpMM-CSR-best-pre-plus-solve,AlphaSparseLib CSR PER MATRIX BEST,per-matrix-best,AlphaSparse-SpMM-CSR,best,pre-plus-solve,"csr-alg1,csr-alg2,csr-alg3,csr-alg4,csr-alg5",manual-selection,csr,ALPHASPARSE_SPMM_CSR_ALG5,workspace-setup,spmm.csr.fp64,fp64,A100-SXM4-80GB,A100-SXM4-80GB,,9700.0,dd6a9a30-d69d-5ea7-834e-7b0f3242a57c,suitesparse_all,VDOL/reorientation_6,reorientation_6,3006,3006,37342,2,row-major,N,N,1.0,0.0,20260922,main,pass,pass,0,0,149368.0,0.01212,0.0149504005909,0.0270704005909,0.0155564005909,9.99090285854395,5.517760976548371,9.601706971172723,0.10299899854169021,0.05688413377884919,0.09898666980590436,AlphaSparse 248af573c867cf4c7e05d40c611c7c34ebac4715,CUDA,13040,13000,2026-10-06T22:36:29.574810+00:00,derived,csr-alg5,0,0,,,,5,20,4,true
3,A100-SXM4-80GB-suitesparse_all-fp64-n2-row-major-AlphaSparse-SpMM-CSR-pre-plus-solve,AlphaSparse-SpMM-CSR-best-pre-plus-solve,AlphaSparseLib CSR PER MATRIX BEST,per-matrix-best,AlphaSparse-SpMM-CSR,best,pre-plus-solve,"csr-alg1,csr-alg2,csr-alg3,csr-alg4,csr-alg5",manual-selection,csr,ALPHASPARSE_SPMM_CSR_ALG5,workspace-setup,spmm.csr.fp64,fp64,A100-SXM4-80GB,A100-SXM4-80GB,,9700.0,005fdebf-9ece-5bc0-9d3c-6fda0356699d,suitesparse_all,VDOL/reorientation_7,reorientation_7,3057,3057,37150,2,row-major,N,N,1.0,0.0,20260922,main,pass,pass,0,0,148600.0,0.01435,0.0125903993845,0.0269403993845,0.0133078993845,11.802643860761158,5.515879622983471,11.166300233159086,0.12167674083258925,0.05686473838127289,0.11511649724906274,AlphaSparse 248af573c867cf4c7e05d40c611c7c34ebac4715,CUDA,13040,13000,2026-10-08T15:45:12.743974+00:00,derived,csr-alg5,0,0,,,,5,20,4,true
3,A100-SXM4-80GB-suitesparse_all-fp64-n2-row-major-AlphaSparse-SpMM-CSR-pre-plus-solve,AlphaSparse-SpMM-CSR-best-pre-plus-solve,AlphaSparseLib CSR PER MATRIX BEST,per-matrix-best,AlphaSparse-SpMM-CSR,best,pre-plus-solve,"csr-alg1,csr-alg2,csr-alg3,csr-alg4,csr-alg5",manual-selection,csr,ALPHASPARSE_SPMM_CSR_ALG2,workspace-setup,spmm.csr.fp64,fp64,A100-SXM4-80GB,A100-SXM4-80GB,,9700.0,d94c6f41-d28e-5f45-abb9-189a8a3b4f78,suitesparse_all,VDOL/reorientation_8,reorientation_8,3108,3108,37894,2,row-major,N,N,1.0,0.0,20260922,main,pass,pass,0,0,151576.0,0.01391,0.0138768002391,0.0277868002391,0.0145723002391,10.922979173030935,5.454964180679966,10.401652279527935,0.11260803271165912,0.05623674413072129,0.10723352865492718,AlphaSparse 248af573c867cf4c7e05d40c611c7c34ebac4715,CUDA,13040,13000,2026-10-06T02:40:05.438019+00:00,derived,csr-alg2,0,0,,,,5,20,4,true
3,A100-SXM4-80GB-suitesparse_all-fp64-n2-row-major-AlphaSparse-SpMM-CSR-pre-plus-solve,AlphaSparse-SpMM-CSR-best-pre-plus-solve,AlphaSparseLib CSR PER MATRIX BEST,per-matrix-best,AlphaSparse-SpMM-CSR,best,pre-plus-solve,"csr-alg1,csr-alg2,csr-alg3,csr-alg4,csr-alg5",manual-selection,csr,ALPHASPARSE_SPMM_CSR_ALG3,workspace-setup,spmm.csr.fp64,fp64,A100-SXM4-80GB,A100-SXM4-80GB,,9700.0,018f64fd-81d1-5f6a-986f-7d386c913e5c,suitesparse_all,VDOL/spaceShuttleEntry_1,spaceShuttleEntry_1,560,560,6891,2,row-major,N,N,1.0,0.0,20260922,main,pass,pass,0,0,27564.0,0.01195,0.0138239994645,0.0257739994645,0.0144214994645,1.9939236883496916,1.0694498553848995,1.911313041189067,0.02055591431288342,0.011025256241081437,0.01970425815658832,AlphaSparse 248af573c867cf4c7e05d40c611c7c34ebac4715,CUDA,13040,13000,2026-10-06T22:04:49.658786+00:00,derived,csr-alg3,0,0,,,,5,20,4,true
3,A100-SXM4-80GB-suitesparse_all-fp64-n2-row-major-AlphaSparse-SpMM-CSR-pre-plus-solve,AlphaSparse-SpMM-CSR-best-pre-plus-solve,AlphaSparseLib CSR PER MATRIX BEST,per-matrix-best,AlphaSparse-SpMM-CSR,best,pre-plus-solve,"csr-alg1,csr-alg2,csr-alg3,csr-alg4,csr-alg5",manual-selection,csr,ALPHASPARSE_SPMM_CSR_ALG3,workspace-setup,spmm.csr.fp64,fp64,A100-SXM4-80GB,A100-SXM4-80GB,,9700.0,752b02ae-c4ef-54eb-ad5c-0957985c94ee,suitesparse_all,VDOL/spaceShuttleEntry_3,spaceShuttleEntry_3,1834,1834,28757,2,row-major,N,N,1.0,0.0,20260922,main,pass,pass,0,0,115028.0,0.01162,0.0150815993547,0.0267015993547,0.0156625993547,7.62704254997683,4.307906746408164,7.34411941434757,0.07862930463893639,0.04441140975678519,0.0757125712819337,AlphaSparse 248af573c867cf4c7e05d40c611c7c34ebac4715,CUDA,13040,13000,2026-10-08T06:14:31.195229+00:00,derived,csr-alg3,0,0,,,,5,20,4,true
3,A100-SXM4-80GB-suitesparse_all-fp64-n2-row-major-AlphaSparse-SpMM-CSR-pre-plus-solve,AlphaSparse-SpMM-CSR-best-pre-plus-solve,AlphaSparseLib CSR PER MATRIX BEST,per-matrix-best,AlphaSparse-SpMM-CSR,best,pre-plus-solve,"csr-alg1,csr-alg2,csr-alg3,csr-alg4,csr-alg5",manual-selection,csr,ALPHASPARSE_SPMM_CSR_ALG5,workspace-setup,spmm.csr.fp64,fp64,A100-SXM4-80GB,A100-SXM4-80GB,,9700.0,152f8cc9-7213-5fba-8430-8cd9341fa530,suitesparse_all,VDOL/spaceShuttleEntry_4,spaceShuttleEntry_4,2450,2450,39669,2,row-major,N,N,1.0,0.0,20260922,main,pass,pass,0,0,158676.0,0.02156,0.0153600007296,0.0369200007296,0.0164380007296,10.330468259302757,4.297833067830472,9.652998719866902,0.10649967277631708,0.04430755740031414,0.09951545072027736,AlphaSparse 248af573c867cf4c7e05d40c611c7c34ebac4715,CUDA,13040,13000,2026-10-08T02:33:14.245395+00:00,derived,csr-alg5,0,0,,,,5,20,4,true
3,A100-SXM4-80GB-suitesparse_all-fp64-n2-row-major-AlphaSparse-SpMM-CSR-pre-plus-solve,AlphaSparse-SpMM-CSR-best-pre-plus-solve,AlphaSparseLib CSR PER MATRIX BEST,per-matrix-best,AlphaSparse-SpMM-CSR,best,pre-plus-solve,"csr-alg1,csr-alg2,csr-alg3,csr-alg4,csr-alg5",manual-selection,csr,ALPHASPARSE_SPMM_CSR_ALG1,workspace-setup,spmm.csr.fp64,fp64,A100-SXM4-80GB,A100-SXM4-80GB,,9700.0,a0827285-e98d-55a9-b486-73107367c8f5,suitesparse_all,VDOL/spaceStation_1,spaceStation_1,99,99,927,2,row-major,N,N,1.0,0.0,20260922,main,pass,pass,0,0,3708.0,0.01643,0.00814080014825,0.0245708001482,0.00896230014825,0.45548348227134605,0.15091083634375008,0.41373307506600665,0.004695706002797382,0.001555781817976805,0.004265289433670172,AlphaSparse 248af573c867cf4c7e05d40c611c7c34ebac4715,CUDA,13040,13000,2026-10-06T07:26:47.546812+00:00,derived,csr-alg1,0,0,,,,5,20,4,true
3,A100-SXM4-80GB-suitesparse_all-fp64-n2-row-major-AlphaSparse-SpMM-CSR-pre-plus-solve,AlphaSparse-SpMM-CSR-best-pre-plus-solve,AlphaSparseLib CSR PER MATRIX BEST,per-matrix-best,AlphaSparse-SpMM-CSR,best,pre-plus-solve,"csr-alg1,csr-alg2,csr-alg3,csr-alg4,csr-alg5",manual-selection,csr,ALPHASPARSE_SPMM_CSR_ALG2,workspace-setup,spmm.csr.fp64,fp64,A100-SXM4-80GB,A100-SXM4-80GB,,9700.0,dd6a9a30-d69d-5ea7-834e-7b0f3242a57c,suitesparse_all,VDOL/spaceStation_10,spaceStation_10,1272,1272,17478,2,row-major,N,N,1.0,0.0,20260922,main,pass,pass,0,0,69912.0,0.014131,0.0140047997236,0.0281357997236,0.0147113497236,4.992002840439677,2.4848058589697235,4.752249203065774,0.051463946808656465,0.025616555247110553,0.04899225982542035,AlphaSparse 248af573c867cf4c7e05d40c611c7c34ebac4715,CUDA,13040,13000,2026-10-06T20:44:07.293340+00:00,derived,csr-alg2,0,0,,,,5,20,4,true
3,A100-SXM4-80GB-suitesparse_all-fp64-n2-row-major-AlphaSparse-SpMM-CSR-pre-plus-solve,AlphaSparse-SpMM-CSR-best-pre-plus-solve,AlphaSparseLib CSR PER MATRIX BEST,per-matrix-best,AlphaSparse-SpMM-CSR,best,pre-plus-solve,"csr-alg1,csr-alg2,csr-alg3,csr-alg4,csr-alg5",manual-selection,csr,ALPHASPARSE_SPMM_CSR_ALG5,workspace-setup,spmm.csr.fp64,fp64,A100-SXM4-80GB,A100-SXM4-80GB,,9700.0,005fdebf-9ece-5bc0-9d3c-6fda0356699d,suitesparse_all,VDOL/spaceStation_11,spaceStation_11,1364,1364,18954,2,row-major,N,N,1.0,0.0,20260922,main,pass,pass,0,0,75816.0,0.01303,0.0117104001343,0.0247404001343,0.0123619001343,6.474245041203451,3.064461350198171,6.133037735002955,0.06674479423921084,0.03159238505358939,0.06322719314436037,AlphaSparse 248af573c867cf4c7e05d40c611c7c34ebac4715,CUDA,13040,13000,2026-10-08T15:45:14.401287+00:00,derived,csr-alg5,0,0,,,,5,20,4,true
3,A100-SXM4-80GB-suitesparse_all-fp64-n2-row-major-AlphaSparse-SpMM-CSR-pre-plus-solve,AlphaSparse-SpMM-CSR-best-pre-plus-solve,AlphaSparseLib CSR PER MATRIX BEST,per-matrix-best,AlphaSparse-SpMM-CSR,best,pre-plus-solve,"csr-alg1,csr-alg2,csr-alg3,csr-alg4,csr-alg5",manual-selection,csr,ALPHASPARSE_SPMM_CSR_ALG5,workspace-setup,spmm.csr.fp64,fp64,A100-SXM4-80GB,A100-SXM4-80GB,,9700.0,d94c6f41-d28e-5f45-abb9-189a8a3b4f78,suitesparse_all,VDOL/spaceStation_12,spaceStation_12,1410,1410,19728,2,row-major,N,N,1.0,0.0,20260922,main,pass,pass,0,0,78912.0,0.01248,0.0141312003136,0.0266112003136,0.0147552003136,5.584239006509189,2.965367930422552,5.348080562977251,0.05756947429390916,0.030570803406418063,0.05513485116471393,AlphaSparse 248af573c867cf4c7e05d40c611c7c34ebac4715,CUDA,13040,13000,2026-10-06T03:53:11.457423+00:00,derived,csr-alg5,0,0,,,,5,20,4,true
3,A100-SXM4-80GB-suitesparse_all-fp64-n2-row-major-AlphaSparse-SpMM-CSR-pre-plus-solve,AlphaSparse-SpMM-CSR-best-pre-plus-solve,AlphaSparseLib CSR PER MATRIX BEST,per-matrix-best,AlphaSparse-SpMM-CSR,best,pre-plus-solve,"csr-alg1,csr-alg2,csr-alg3,csr-alg4,csr-alg5",manual-selection,csr,ALPHASPARSE_SPMM_CSR_ALG5,workspace-setup,spmm.csr.fp64,fp64,A100-SXM4-80GB,A100-SXM4-80GB,,9700.0,018f64fd-81d1-5f6a-986f-7d386c913e5c,suitesparse_all,VDOL/spaceStation_13,spaceStation_13,1617,1617,23649,2,row-major,N,N,1.0,0.0,20260922,main,pass,pass,0,0,94596.0,0.01331,0.0144383996725,0.0277483996725,0.0151038996725,6.55169562733269,3.4090614635967347,6.263018296674269,0.06754325389002774,0.03514496354223438,0.06456719893478627,AlphaSparse 248af573c867cf4c7e05d40c611c7c34ebac4715,CUDA,13040,13000,2026-10-06T23:20:11.321195+00:00,derived,csr-alg5,0,0,,,,5,20,4,true
3,A100-SXM4-80GB-suitesparse_all-fp64-n2-row-major-AlphaSparse-SpMM-CSR-pre-plus-solve,AlphaSparse-SpMM-CSR-best-pre-plus-solve,AlphaSparseLib CSR PER MATRIX BEST,per-matrix-best,AlphaSparse-SpMM-CSR,best,pre-plus-solve,"csr-alg1,csr-alg2,csr-alg3,csr-alg4,csr-alg5",manual-selection,csr,ALPHASPARSE_SPMM_CSR_ALG2,workspace-setup,spmm.csr.fp64,fp64,A100-SXM4-80GB,A100-SXM4-80GB,,9700.0,dd6a9a30-d69d-5ea7-834e-7b0f3242a57c,suitesparse_all,VDOL/spaceStation_2,spaceStation_2,329,329,5817,2,row-major,N,N,1.0,0.0,20260922,main,pass,pass,0,0,23268.0,0.01268,0.0105984002352,0.0232784002352,0.0112324002352,2.195425675916731,0.999553223799964,2.07150738157308,0.022633254390894135,0.010304672410308907,0.021355746201784327,AlphaSparse 248af573c867cf4c7e05d40c611c7c34ebac4715,CUDA,13040,13000,2026-10-06T20:44:05.668343+00:00,derived,csr-alg2,0,0,,,,5,20,4,true
3,A100-SXM4-80GB-suitesparse_all-fp64-n2-row-major-AlphaSparse-SpMM-CSR-pre-plus-solve,AlphaSparse-SpMM-CSR-best-pre-plus-solve,AlphaSparseLib CSR PER MATRIX BEST,per-matrix-best,AlphaSparse-SpMM-CSR,best,pre-plus-solve,"csr-alg1,csr-alg2,csr-alg3,csr-alg4,csr-alg5",manual-selection,csr,ALPHASPARSE_SPMM_CSR_ALG3,workspace-setup,spmm.csr.fp64,fp64,A100-SXM4-80GB,A100-SXM4-80GB,,9700.0,005fdebf-9ece-5bc0-9d3c-6fda0356699d,suitesparse_all,VDOL/spaceStation_3,spaceStation_3,467,467,5103,2,row-major,N,N,1.0,0.0,20260922,main,pass,pass,0,0,20412.0,0.01281,0.0117247998714,0.0245347998714,0.0123652998714,1.7409252374354347,0.8319611371191208,1.65074848263174,0.01794768286015912,0.00857691893937238,0.017018025594141648,AlphaSparse 248af573c867cf4c7e05d40c611c7c34ebac4715,CUDA,13040,13000,2026-10-08T14:57:20.682721+00:00,derived,csr-alg3,0,0,,,,5,20,4,true
3,A100-SXM4-80GB-suitesparse_all-fp64-n2-row-major-AlphaSparse-SpMM-CSR-pre-plus-solve,AlphaSparse-SpMM-CSR-best-pre-plus-solve,AlphaSparseLib CSR PER MATRIX BEST,per-matrix-best,AlphaSparse-SpMM-CSR,best,pre-plus-solve,"csr-alg1,csr-alg2,csr-alg3,csr-alg4,csr-alg5",manual-selection,csr,ALPHASPARSE_SPMM_CSR_ALG5,workspace-setup,spmm.csr.fp64,fp64,A100-SXM4-80GB,A100-SXM4-80GB,,9700.0,d94c6f41-d28e-5f45-abb9-189a8a3b4f78,suitesparse_all,VDOL/spaceStation_4,spaceStation_4,950,950,13626,2,row-major,N,N,1.0,0.0,20260922,main,pass,pass,0,0,54504.0,0.0133,0.013670399785,0.026970399785,0.014335399785,3.987008489671614,2.0208821683953393,3.802056504697612,0.041103180305892925,0.020833836787580818,0.03919645881131559,AlphaSparse 248af573c867cf4c7e05d40c611c7c34ebac4715,CUDA,13040,13000,2026-10-06T03:53:10.837514+00:00,derived,csr-alg5,0,0,,,,5,20,4,true
3,A100-SXM4-80GB-suitesparse_all-fp64-n2-row-major-AlphaSparse-SpMM-CSR-pre-plus-solve,AlphaSparse-SpMM-CSR-best-pre-plus-solve,AlphaSparseLib CSR PER MATRIX BEST,per-matrix-best,AlphaSparse-SpMM-CSR,best,pre-plus-solve,"csr-alg1,csr-alg2,csr-alg3,csr-alg4,csr-alg5",manual-selection,csr,ALPHASPARSE_SPMM_CSR_ALG3,workspace-setup,spmm.csr.fp64,fp64,A100-SXM4-80GB,A100-SXM4-80GB,,9700.0,018f64fd-81d1-5f6a-986f-7d386c913e5c,suitesparse_all,VDOL/spaceStation_5,spaceStation_5,1019,1019,15219,2,row-major,N,N,1.0,0.0,20260922,main,pass,pass,0,0,60876.0,0.0125,0.0138239994645,0.0263239994645,0.0144489994645,4.403646003917277,2.3125665263022097,4.213163696875158,0.045398412411518325,0.02384089202373412,0.04343467728737276,AlphaSparse 248af573c867cf4c7e05d40c611c7c34ebac4715,CUDA,13040,13000,2026-10-06T22:04:50.328298+00:00,derived,csr-alg3,0,0,,,,5,20,4,true
3,A100-SXM4-80GB-suitesparse_all-fp64-n2-row-major-AlphaSparse-SpMM-CSR-pre-plus-solve,AlphaSparse-SpMM-CSR-best-pre-plus-solve,AlphaSparseLib CSR PER MATRIX BEST,per-matrix-best,AlphaSparse-SpMM-CSR,best,pre-plus-solve,"csr-alg1,csr-alg2,csr-alg3,csr-alg4,csr-alg5",manual-selection,csr,ALPHASPARSE_SPMM_CSR_ALG3,workspace-setup,spmm.csr.fp64,fp64,A100-SXM4-80GB,A100-SXM4-80GB,,9700.0,752b02ae-c4ef-54eb-ad5c-0957985c94ee,suitesparse_all,VDOL/spaceStation_7,spaceStation_7,1134,1134,18252,2,row-major,N,N,1.0,0.0,20260922,main,pass,pass,0,0,73008.0,0.01196,0.014420799911,0.026380799911,0.015018799911,5.062687260802394,2.767467258244806,4.861107440850039,0.05219265217322056,0.028530590291183565,0.05011450969948494,AlphaSparse 248af573c867cf4c7e05d40c611c7c34ebac4715,CUDA,13040,13000,2026-10-08T06:14:31.818804+00:00,derived,csr-alg3,0,0,,,,5,20,4,true
3,A100-SXM4-80GB-suitesparse_all-fp64-n2-row-major-AlphaSparse-SpMM-CSR-pre-plus-solve,AlphaSparse-SpMM-CSR-best-pre-plus-solve,AlphaSparseLib CSR PER MATRIX BEST,per-matrix-best,AlphaSparse-SpMM-CSR,best,pre-plus-solve,"csr-alg1,csr-alg2,csr-alg3,csr-alg4,csr-alg5",manual-selection,csr,ALPHASPARSE_SPMM_CSR_ALG3,workspace-setup,spmm.csr.fp64,fp64,A100-SXM4-80GB,A100-SXM4-80GB,,9700.0,152f8cc9-7213-5fba-8430-8cd9341fa530,suitesparse_all,VDOL/spaceStation_8,spaceStation_8,1157,1157,18945,2,row-major,N,N,1.0,0.0,20260922,main,pass,pass,0,0,75780.0,0.01981,0.0143360003829,0.0341460003829,0.0153265003829,5.2859931623879195,2.219293596621346,4.944377262049258,0.05449477486997855,0.022879315429086042,0.05097296146442534,AlphaSparse 248af573c867cf4c7e05d40c611c7c34ebac4715,CUDA,13040,13000,2026-10-08T00:35:00.725287+00:00,derived,csr-alg3,0,0,,,,5,20,4,true
3,A100-SXM4-80GB-suitesparse_all-fp64-n2-row-major-AlphaSparse-SpMM-CSR-pre-plus-solve,AlphaSparse-SpMM-CSR-best-pre-plus-solve,AlphaSparseLib CSR PER MATRIX BEST,per-matrix-best,AlphaSparse-SpMM-CSR,best,pre-plus-solve,"csr-alg1,csr-alg2,csr-alg3,csr-alg4,csr-alg5",manual-selection,csr,ALPHASPARSE_SPMM_CSR_ALG3,workspace-setup,spmm.csr.fp64,fp64,A100-SXM4-80GB,A100-SXM4-80GB,,9700.0,a0827285-e98d-55a9-b486-73107367c8f5,suitesparse_all,VDOL/spaceStation_9,spaceStation_9,1180,1180,19674,2,row-major,N,N,1.0,0.0,20260922,main,pass,pass,0,0,78696.0,0.01715,0.0139776006341,0.0311276006341,0.0148351006341,5.630150843486819,2.5281743018056217,5.304716290168546,0.05804279220089504,0.026063652595934246,0.0546877968058613,AlphaSparse 248af573c867cf4c7e05d40c611c7c34ebac4715,CUDA,13040,13000,2026-10-06T08:22:55.351724+00:00,derived,csr-alg3,0,0,,,,5,20,4,true
3,A100-SXM4-80GB-suitesparse_all-fp64-n2-row-major-AlphaSparse-SpMM-CSR-pre-plus-solve,AlphaSparse-SpMM-CSR-best-pre-plus-solve,AlphaSparseLib CSR PER MATRIX BEST,per-matrix-best,AlphaSparse-SpMM-CSR,best,pre-plus-solve,"csr-alg1,csr-alg2,csr-alg3,csr-alg4,csr-alg5",manual-selection,csr,ALPHASPARSE_SPMM_CSR_ALG3,workspace-setup,spmm.csr.fp64,fp64,A100-SXM4-80GB,A100-SXM4-80GB,,9700.0,752b02ae-c4ef-54eb-ad5c-0957985c94ee,suitesparse_all,VDOL/tumorAntiAngiogenesis_1,tumorAntiAngiogenesis_1,205,205,1783,2,row-major,N,N,1.0,0.0,20260922,main,pass,pass,0,0,7132.0,0.01175,0.0136127993464,0.0253627993464,0.0142002993464,0.523918689941324,0.28119924392385015,0.502242933477883,0.0054012236076425146,0.002898961277565465,0.0051777622008029175,AlphaSparse 248af573c867cf4c7e05d40c611c7c34ebac4715,CUDA,13040,13000,2026-10-08T06:14:32.473334+00:00,derived,csr-alg3,0,0,,,,5,20,4,true
3,A100-SXM4-80GB-suitesparse_all-fp64-n2-row-major-AlphaSparse-SpMM-CSR-pre-plus-solve,AlphaSparse-SpMM-CSR-best-pre-plus-solve,AlphaSparseLib CSR PER MATRIX BEST,per-matrix-best,AlphaSparse-SpMM-CSR,best,pre-plus-solve,"csr-alg1,csr-alg2,csr-alg3,csr-alg4,csr-alg5",manual-selection,csr,ALPHASPARSE_SPMM_CSR_ALG2,workspace-setup,spmm.csr.fp64,fp64,A100-SXM4-80GB,A100-SXM4-80GB,,9700.0,152f8cc9-7213-5fba-8430-8cd9341fa530,suitesparse_all,VDOL/tumorAntiAngiogenesis_2,tumorAntiAngiogenesis_2,305,305,2699,2,row-major,N,N,1.0,0.0,20260922,main,pass,pass,0,0,10796.0,0.019991,0.0140287995338,0.0340197995338,0.0150283495338,0.7695597883474548,0.3173446095493229,0.7183756257278221,0.007933606065437679,0.003271593912879618,0.007405934285853836,AlphaSparse 248af573c867cf4c7e05d40c611c7c34ebac4715,CUDA,13040,13000,2026-10-07T23:36:13.305126+00:00,derived,csr-alg2,0,0,,,,5,20,4,true
3,A100-SXM4-80GB-suitesparse_all-fp64-n2-row-major-AlphaSparse-SpMM-CSR-pre-plus-solve,AlphaSparse-SpMM-CSR-best-pre-plus-solve,AlphaSparseLib CSR PER MATRIX BEST,per-matrix-best,AlphaSparse-SpMM-CSR,best,pre-plus-solve,"csr-alg1,csr-alg2,csr-alg3,csr-alg4,csr-alg5",manual-selection,csr,ALPHASPARSE_SPMM_CSR_ALG3,workspace-setup,spmm.csr.fp64,fp64,A100-SXM4-80GB,A100-SXM4-80GB,,9700.0,a0827285-e98d-55a9-b486-73107367c8f5,suitesparse_all,VDOL/tumorAntiAngiogenesis_3,tumorAntiAngiogenesis_3,410,410,3952,2,row-major,N,N,1.0,0.0,20260922,main,pass,pass,0,0,15808.0,0.0154,0.0135168001056,0.0289168001056,0.0142868001056,1.169507566620798,0.5466718289116173,1.1064758996525565,0.012056779037327815,0.00563579205063523,0.011406968037655223,AlphaSparse 248af573c867cf4c7e05d40c611c7c34ebac4715,CUDA,13040,13000,2026-10-06T08:22:55.941515+00:00,derived,csr-alg3,0,0,,,,5,20,4,true
3,A100-SXM4-80GB-suitesparse_all-fp64-n2-row-major-AlphaSparse-SpMM-CSR-pre-plus-solve,AlphaSparse-SpMM-CSR-best-pre-plus-solve,AlphaSparseLib CSR PER MATRIX BEST,per-matrix-best,AlphaSparse-SpMM-CSR,best,pre-plus-solve,"csr-alg1,csr-alg2,csr-alg3,csr-alg4,csr-alg5",manual-selection,csr,ALPHASPARSE_SPMM_CSR_ALG3,workspace-setup,spmm.csr.fp64,fp64,A100-SXM4-80GB,A100-SXM4-80GB,,9700.0,dd6a9a30-d69d-5ea7-834e-7b0f3242a57c,suitesparse_all,VDOL/tumorAntiAngiogenesis_4,tumorAntiAngiogenesis_4,455,455,4593,2,row-major,N,N,1.0,0.0,20260922,main,pass,pass,0,0,18372.0,0.01188,0.0142335996032,0.0261135996032,0.0148275996032,1.2907486870622387,0.7035414603564906,1.2390407410269608,0.013306687495486996,0.007253004745943202,0.012773615886875884,AlphaSparse 248af573c867cf4c7e05d40c611c7c34ebac4715,CUDA,13040,13000,2026-10-06T21:22:20.856691+00:00,derived,csr-alg3,0,0,,,,5,20,4,true
3,A100-SXM4-80GB-suitesparse_all-fp64-n2-row-major-AlphaSparse-SpMM-CSR-pre-plus-solve,AlphaSparse-SpMM-CSR-best-pre-plus-solve,AlphaSparseLib CSR PER MATRIX BEST,per-matrix-best,AlphaSparse-SpMM-CSR,best,pre-plus-solve,"csr-alg1,csr-alg2,csr-alg3,csr-alg4,csr-alg5",manual-selection,csr,ALPHASPARSE_SPMM_CSR_ALG3,workspace-setup,spmm.csr.fp64,fp64,A100-SXM4-80GB,A100-SXM4-80GB,,9700.0,005fdebf-9ece-5bc0-9d3c-6fda0356699d,suitesparse_all,VDOL/tumorAntiAngiogenesis_5,tumorAntiAngiogenesis_5,460,460,4690,2,row-major,N,N,1.0,0.0,20260922,main,pass,pass,0,0,18760.0,0.013371,0.0117247998714,0.0250957998714,0.0123933498714,1.6000273101258453,0.7475354480085536,1.5137150322280701,0.016495126908513867,0.00770655101039746,0.01560530961059866,AlphaSparse 248af573c867cf4c7e05d40c611c7c34ebac4715,CUDA,13040,13000,2026-10-08T14:57:21.865532+00:00,derived,csr-alg3,0,0,,,,5,20,4,true
3,A100-SXM4-80GB-suitesparse_all-fp64-n2-row-major-AlphaSparse-SpMM-CSR-pre-plus-solve,AlphaSparse-SpMM-CSR-best-pre-plus-solve,AlphaSparseLib CSR PER MATRIX BEST,per-matrix-best,AlphaSparse-SpMM-CSR,best,pre-plus-solve,"csr-alg1,csr-alg2,csr-alg3,csr-alg4,csr-alg5",manual-selection,csr,ALPHASPARSE_SPMM_CSR_ALG3,workspace-setup,spmm.csr.fp64,fp64,A100-SXM4-80GB,A100-SXM4-80GB,,9700.0,d94c6f41-d28e-5f45-abb9-189a8a3b4f78,suitesparse_all,VDOL/tumorAntiAngiogenesis_6,tumorAntiAngiogenesis_6,465,465,4795,2,row-major,N,N,1.0,0.0,20260922,main,pass,pass,0,0,19180.0,0.01268,0.013055999577,0.025735999577,0.013689999577,1.4690564201448273,0.7452595708441405,1.4010226875553395,0.015144911547884818,0.007683088359217944,0.014443532861395254,AlphaSparse 248af573c867cf4c7e05d40c611c7c34ebac4715,CUDA,13040,13000,2026-10-06T03:04:20.967267+00:00,derived,csr-alg3,0,0,,,,5,20,4,true
3,A100-SXM4-80GB-suitesparse_all-fp64-n2-row-major-AlphaSparse-SpMM-CSR-pre-plus-solve,AlphaSparse-SpMM-CSR-best-pre-plus-solve,AlphaSparseLib CSR PER MATRIX BEST,per-matrix-best,AlphaSparse-SpMM-CSR,best,pre-plus-solve,"csr-alg1,csr-alg2,csr-alg3,csr-alg4,csr-alg5",manual-selection,csr,ALPHASPARSE_SPMM_CSR_ALG3,workspace-setup,spmm.csr.fp64,fp64,A100-SXM4-80GB,A100-SXM4-80GB,,9700.0,018f64fd-81d1-5f6a-986f-7d386c913e5c,suitesparse_all,VDOL/tumorAntiAngiogenesis_7,tumorAntiAngiogenesis_7,475,475,4597,2,row-major,N,N,1.0,0.0,20260922,main,pass,pass,0,0,18388.0,0.01386,0.0134655997157,0.0273255997157,0.0141585997157,1.3655537360553507,0.6729221020329564,1.2987160008210528,0.014077873567580935,0.006937341258071716,0.013388824750732503,AlphaSparse 248af573c867cf4c7e05d40c611c7c34ebac4715,CUDA,13040,13000,2026-10-06T22:04:51.985060+00:00,derived,csr-alg3,0,0,,,,5,20,4,true
3,A100-SXM4-80GB-suitesparse_all-fp64-n2-row-major-AlphaSparse-SpMM-CSR-pre-plus-solve,AlphaSparse-SpMM-CSR-best-pre-plus-solve,AlphaSparseLib CSR PER MATRIX BEST,per-matrix-best,AlphaSparse-SpMM-CSR,best,pre-plus-solve,"csr-alg1,csr-alg2,csr-alg3,csr-alg4,csr-alg5",manual-selection,csr,ALPHASPARSE_SPMM_CSR_ALG4,workspace-setup,spmm.csr.fp64,fp64,A100-SXM4-80GB,A100-SXM4-80GB,,9700.0,d94c6f41-d28e-5f45-abb9-189a8a3b4f78,suitesparse_all,VLSI/dgreen,dgreen,1200611,1200611,38259877,2,row-major,N,N,1.0,0.0,20260922,main,pass,pass,0,0,153039508.0,0.458581,1.12936964035,1.58795064035,1.15229869035,135.50878519505088,96.37548177584952,132.812359574509,1.3969977855159883,0.9935616677922631,1.3691995832423607,AlphaSparse 248af573c867cf4c7e05d40c611c7c34ebac4715,CUDA,13040,13000,2026-10-06T03:30:31.470866+00:00,derived,csr-alg4,0,0,,,,5,20,4,true
3,A100-SXM4-80GB-suitesparse_all-fp64-n2-row-major-AlphaSparse-SpMM-CSR-pre-plus-solve,AlphaSparse-SpMM-CSR-best-pre-plus-solve,AlphaSparseLib CSR PER MATRIX BEST,per-matrix-best,AlphaSparse-SpMM-CSR,best,pre-plus-solve,"csr-alg1,csr-alg2,csr-alg3,csr-alg4,csr-alg5",manual-selection,csr,ALPHASPARSE_SPMM_CSR_ALG1,workspace-setup,spmm.csr.fp64,fp64,A100-SXM4-80GB,A100-SXM4-80GB,,9700.0,752b02ae-c4ef-54eb-ad5c-0957985c94ee,suitesparse_all,VLSI/imagesensor,imagesensor,118758,118758,1893170,2,row-major,N,N,1.0,0.0,20260922,main,pass,pass,0,0,7572680.0,0.020071,0.0310784012079,0.0511494012079,0.0320819512079,243.66375700417484,148.05021801174874,236.04175291355938,2.5119974948884005,1.5262909073376159,2.433420133129478,AlphaSparse 248af573c867cf4c7e05d40c611c7c34ebac4715,CUDA,13040,13000,2026-10-08T04:33:25.886130+00:00,derived,csr-alg1,0,0,,,,5,20,4,true
3,A100-SXM4-80GB-suitesparse_all-fp64-n2-row-major-AlphaSparse-SpMM-CSR-pre-plus-solve,AlphaSparse-SpMM-CSR-best-pre-plus-solve,AlphaSparseLib CSR PER MATRIX BEST,per-matrix-best,AlphaSparse-SpMM-CSR,best,pre-plus-solve,"csr-alg1,csr-alg2,csr-alg3,csr-alg4,csr-alg5",manual-selection,csr,ALPHASPARSE_SPMM_CSR_ALG5,workspace-setup,spmm.csr.fp64,fp64,A100-SXM4-80GB,A100-SXM4-80GB,,9700.0,152f8cc9-7213-5fba-8430-8cd9341fa530,suitesparse_all,VLSI/mosfet2,mosfet2,46994,46994,1499460,2,row-major,N,N,1.0,0.0,20260922,main,pass,pass,0,0,5997840.0,0.02011,0.0518144011497,0.0719244011497,0.0528199011497,115.75623507972797,83.39089243880368,113.5526547655053,1.1933632482446184,0.8596999220495224,1.1706459254175805,AlphaSparse 248af573c867cf4c7e05d40c611c7c34ebac4715,CUDA,13040,13000,2026-10-08T02:36:40.751739+00:00,derived,csr-alg5,0,0,,,,5,20,4,true
3,A100-SXM4-80GB-suitesparse_all-fp64-n2-row-major-AlphaSparse-SpMM-CSR-pre-plus-solve,AlphaSparse-SpMM-CSR-best-pre-plus-solve,AlphaSparseLib CSR PER MATRIX BEST,per-matrix-best,AlphaSparse-SpMM-CSR,best,pre-plus-solve,"csr-alg1,csr-alg2,csr-alg3,csr-alg4,csr-alg5",manual-selection,csr,ALPHASPARSE_SPMM_CSR_ALG1,workspace-setup,spmm.csr.fp64,fp64,A100-SXM4-80GB,A100-SXM4-80GB,,9700.0,018f64fd-81d1-5f6a-986f-7d386c913e5c,suitesparse_all,VLSI/nv1,nv1,75468,75468,2449194,2,row-major,N,N,1.0,0.0,20260922,main,pass,pass,0,0,9796776.0,0.01559,0.0704847991467,0.0860747991467,0.0712642991467,138.99133030953203,113.81700680245613,137.47102149749628,1.4329003124694024,1.1733712041490323,1.4172270257473842,AlphaSparse 248af573c867cf4c7e05d40c611c7c34ebac4715,CUDA,13040,13000,2026-10-06T21:11:23.823381+00:00,derived,csr-alg1,0,0,,,,5,20,4,true
3,A100-SXM4-80GB-suitesparse_all-fp64-n2-row-major-AlphaSparse-SpMM-CSR-pre-plus-solve,AlphaSparse-SpMM-CSR-best-pre-plus-solve,AlphaSparseLib CSR PER MATRIX BEST,per-matrix-best,AlphaSparse-SpMM-CSR,best,pre-plus-solve,"csr-alg1,csr-alg2,csr-alg3,csr-alg4,csr-alg5",manual-selection,csr,ALPHASPARSE_SPMM_CSR_ALG4,workspace-setup,spmm.csr.fp64,fp64,A100-SXM4-80GB,A100-SXM4-80GB,,9700.0,a0827285-e98d-55a9-b486-73107367c8f5,suitesparse_all,VLSI/power9,power9,155376,155376,2512300,2,row-major,N,N,1.0,0.0,20260922,main,pass,pass,0,0,10049200.0,0.02597,0.0756735980511,0.101643598051,0.0769720980511,132.79664584224068,98.86702352820866,130.5563997141999,1.3690375860024813,1.0192476652392646,1.3459422650948443,AlphaSparse 248af573c867cf4c7e05d40c611c7c34ebac4715,CUDA,13040,13000,2026-10-06T08:55:14.099443+00:00,derived,csr-alg4,0,0,,,,5,20,4,true
3,A100-SXM4-80GB-suitesparse_all-fp64-n2-row-major-AlphaSparse-SpMM-CSR-pre-plus-solve,AlphaSparse-SpMM-CSR-best-pre-plus-solve,AlphaSparseLib CSR PER MATRIX BEST,per-matrix-best,AlphaSparse-SpMM-CSR,best,pre-plus-solve,"csr-alg1,csr-alg2,csr-alg3,csr-alg4,csr-alg5",manual-selection,csr,ALPHASPARSE_SPMM_CSR_ALG5,workspace-setup,spmm.csr.fp64,fp64,A100-SXM4-80GB,A100-SXM4-80GB,,9700.0,dd6a9a30-d69d-5ea7-834e-7b0f3242a57c,suitesparse_all,VLSI/radiation,radiation,223104,223104,7637688,2,row-major,N,N,1.0,0.0,20260922,main,pass,pass,0,0,30550752.0,0.01897,0.245964789391,0.264934789391,0.246913289391,124.20782696434952,115.31423287302648,123.73069135060325,1.2804930614881394,1.1888065244641906,1.275574137635085,AlphaSparse 248af573c867cf4c7e05d40c611c7c34ebac4715,CUDA,13040,13000,2026-10-06T22:41:12.552913+00:00,derived,csr-alg5,0,0,,,,5,20,4,true
3,A100-SXM4-80GB-suitesparse_all-fp64-n2-row-major-AlphaSparse-SpMM-CSR-pre-plus-solve,AlphaSparse-SpMM-CSR-best-pre-plus-solve,AlphaSparseLib CSR PER MATRIX BEST,per-matrix-best,AlphaSparse-SpMM-CSR,best,pre-plus-solve,"csr-alg1,csr-alg2,csr-alg3,csr-alg4,csr-alg5",manual-selection,csr,ALPHASPARSE_SPMM_CSR_ALG4,workspace-setup,spmm.csr.fp64,fp64,A100-SXM4-80GB,A100-SXM4-80GB,,9700.0,dd6a9a30-d69d-5ea7-834e-7b0f3242a57c,suitesparse_all,VLSI/ss,ss,1652680,1652680,34753577,2,row-major,N,N,1.0,0.0,20260922,main,pass,pass,0,0,139014308.0,0.60039,0.782899188995,1.383289189,0.812918688995,177.56348448700183,100.49547781147301,171.00641168904784,1.8305513864639362,1.0360358537265257,1.7629526978252354,AlphaSparse 248af573c867cf4c7e05d40c611c7c34ebac4715,CUDA,13040,13000,2026-10-06T22:04:33.628732+00:00,derived,csr-alg4,0,0,,,,5,20,4,true
3,A100-SXM4-80GB-suitesparse_all-fp64-n2-row-major-AlphaSparse-SpMM-CSR-pre-plus-solve,AlphaSparse-SpMM-CSR-best-pre-plus-solve,AlphaSparseLib CSR PER MATRIX BEST,per-matrix-best,AlphaSparse-SpMM-CSR,best,pre-plus-solve,"csr-alg1,csr-alg2,csr-alg3,csr-alg4,csr-alg5",manual-selection,csr,ALPHASPARSE_SPMM_CSR_ALG1,workspace-setup,spmm.csr.fp64,fp64,A100-SXM4-80GB,A100-SXM4-80GB,,9700.0,a0827285-e98d-55a9-b486-73107367c8f5,suitesparse_all,VLSI/ss1,ss1,205282,205282,845089,2,row-major,N,N,1.0,0.0,20260922,main,pass,pass,0,0,3380356.0,0.02443,0.0225920006633,0.0470220006633,0.0238135006633,149.62623498375171,71.88881698600969,141.9512421879917,1.542538504987131,0.741121824598038,1.4634148679174404,AlphaSparse 248af573c867cf4c7e05d40c611c7c34ebac4715,CUDA,13040,13000,2026-10-06T07:31:05.726954+00:00,derived,csr-alg1,0,0,,,,5,20,4,true
3,A100-SXM4-80GB-suitesparse_all-fp64-n2-row-major-AlphaSparse-SpMM-CSR-pre-plus-solve,AlphaSparse-SpMM-CSR-best-pre-plus-solve,AlphaSparseLib CSR PER MATRIX BEST,per-matrix-best,AlphaSparse-SpMM-CSR,best,pre-plus-solve,"csr-alg1,csr-alg2,csr-alg3,csr-alg4,csr-alg5",manual-selection,csr,ALPHASPARSE_SPMM_CSR_ALG1,workspace-setup,spmm.csr.fp64,fp64,A100-SXM4-80GB,A100-SXM4-80GB,,9700.0,152f8cc9-7213-5fba-8430-8cd9341fa530,suitesparse_all,VLSI/stokes,stokes,11449533,11449533,349321980,2,row-major,N,N,1.0,0.0,20260922,main,pass,pass,0,0,1397287920.0,0.38645,8.60774383545,8.99419383545,8.62706633545,162.32917088510825,155.35443704722988,161.96559359446672,1.6734966070629718,1.6015921345075246,1.669748387571822,AlphaSparse 248af573c867cf4c7e05d40c611c7c34ebac4715,CUDA,13040,13000,2026-10-07T22:45:14.649258+00:00,derived,csr-alg1,0,0,,,,5,20,4,true
3,A100-SXM4-80GB-suitesparse_all-fp64-n2-row-major-AlphaSparse-SpMM-CSR-pre-plus-solve,AlphaSparse-SpMM-CSR-best-pre-plus-solve,AlphaSparseLib CSR PER MATRIX BEST,per-matrix-best,AlphaSparse-SpMM-CSR,best,pre-plus-solve,"csr-alg1,csr-alg2,csr-alg3,csr-alg4,csr-alg5",manual-selection,csr,ALPHASPARSE_SPMM_CSR_ALG1,workspace-setup,spmm.csr.fp64,fp64,A100-SXM4-80GB,A100-SXM4-80GB,,9700.0,005fdebf-9ece-5bc0-9d3c-6fda0356699d,suitesparse_all,VLSI/test1,test1,392908,392908,12968200,2,row-major,N,N,1.0,0.0,20260922,main,pass,pass,0,0,51872800.0,0.04082,0.312319993973,0.353139993973,0.314360993973,166.08863025427823,146.89018770263115,165.01029388033837,1.7122539201471985,1.5143318319858883,1.7011370503127665,AlphaSparse 248af573c867cf4c7e05d40c611c7c34ebac4715,CUDA,13040,13000,2026-10-08T14:18:18.745521+00:00,derived,csr-alg1,0,0,,,,5,20,4,true
3,A100-SXM4-80GB-suitesparse_all-fp64-n2-row-major-AlphaSparse-SpMM-CSR-pre-plus-solve,AlphaSparse-SpMM-CSR-best-pre-plus-solve,AlphaSparseLib CSR PER MATRIX BEST,per-matrix-best,AlphaSparse-SpMM-CSR,best,pre-plus-solve,"csr-alg1,csr-alg2,csr-alg3,csr-alg4,csr-alg5",manual-selection,csr,ALPHASPARSE_SPMM_CSR_ALG2,workspace-setup,spmm.csr.fp64,fp64,A100-SXM4-80GB,A100-SXM4-80GB,,9700.0,018f64fd-81d1-5f6a-986f-7d386c913e5c,suitesparse_all,VLSI/vas_stokes_1M,vas_stokes_1M,1090664,1090664,34767207,2,row-major,N,N,1.0,0.0,20260922,main,pass,pass,0,0,139068828.0,1.00333,1.37999362946,2.38332362946,1.43016012946,100.77497825436954,58.35079478128173,97.2400398635848,1.0389173015914386,0.6015545853740385,1.0024746377689153,AlphaSparse 248af573c867cf4c7e05d40c611c7c34ebac4715,CUDA,13040,13000,2026-10-06T21:49:36.492803+00:00,derived,csr-alg2,0,0,,,,5,20,4,true
3,A100-SXM4-80GB-suitesparse_all-fp64-n2-row-major-AlphaSparse-SpMM-CSR-pre-plus-solve,AlphaSparse-SpMM-CSR-best-pre-plus-solve,AlphaSparseLib CSR PER MATRIX BEST,per-matrix-best,AlphaSparse-SpMM-CSR,best,pre-plus-solve,"csr-alg1,csr-alg2,csr-alg3,csr-alg4,csr-alg5",manual-selection,csr,ALPHASPARSE_SPMM_CSR_ALG4,workspace-setup,spmm.csr.fp64,fp64,A100-SXM4-80GB,A100-SXM4-80GB,,9700.0,752b02ae-c4ef-54eb-ad5c-0957985c94ee,suitesparse_all,VLSI/vas_stokes_4M,vas_stokes_4M,4382246,4382246,131577616,2,row-major,N,N,1.0,0.0,20260922,main,pass,pass,0,0,526310464.0,0.44706,3.56311035156,4.01017035156,3.58546335156,147.71096375658723,131.24391680649163,146.7900832875638,1.5227934407895591,1.3530300701700166,1.5132998277068432,AlphaSparse 248af573c867cf4c7e05d40c611c7c34ebac4715,CUDA,13040,13000,2026-10-08T07:40:20.458070+00:00,derived,csr-alg4,0,0,,,,5,20,4,true
3,A100-SXM4-80GB-suitesparse_all-fp64-n2-row-major-AlphaSparse-SpMM-CSR-pre-plus-solve,AlphaSparse-SpMM-CSR-best-pre-plus-solve,AlphaSparseLib CSR PER MATRIX BEST,per-matrix-best,AlphaSparse-SpMM-CSR,best,pre-plus-solve,"csr-alg1,csr-alg2,csr-alg3,csr-alg4,csr-alg5",manual-selection,csr,ALPHASPARSE_SPMM_CSR_ALG1,workspace-setup,spmm.csr.fp64,fp64,A100-SXM4-80GB,A100-SXM4-80GB,,9700.0,752b02ae-c4ef-54eb-ad5c-0957985c94ee,suitesparse_all,Wang/swang1,swang1,3169,3169,20841,2,row-major,N,N,1.0,0.0,20260922,main,pass,pass,0,0,83364.0,0.01716,0.00737280026078,0.0245328002608,0.00823080026078,11.306965745899722,3.398062965245923,10.128298264900419,0.11656665717422393,0.035031576961298175,0.10441544602990123,AlphaSparse 248af573c867cf4c7e05d40c611c7c34ebac4715,CUDA,13040,13000,2026-10-08T03:32:18.551477+00:00,derived,csr-alg1,0,0,,,,5,20,4,true
3,A100-SXM4-80GB-suitesparse_all-fp64-n2-row-major-AlphaSparse-SpMM-CSR-pre-plus-solve,AlphaSparse-SpMM-CSR-best-pre-plus-solve,AlphaSparseLib CSR PER MATRIX BEST,per-matrix-best,AlphaSparse-SpMM-CSR,best,pre-plus-solve,"csr-alg1,csr-alg2,csr-alg3,csr-alg4,csr-alg5",manual-selection,csr,ALPHASPARSE_SPMM_CSR_ALG4,workspace-setup,spmm.csr.fp64,fp64,A100-SXM4-80GB,A100-SXM4-80GB,,9700.0,152f8cc9-7213-5fba-8430-8cd9341fa530,suitesparse_all,Wang/swang2,swang2,3169,3169,20841,2,row-major,N,N,1.0,0.0,20260922,main,pass,pass,0,0,83364.0,0.01353,0.0140287995338,0.0275587995338,0.0147052995338,5.942347369006782,3.024950339282982,5.66897667119181,0.06126131308254414,0.031185055044154458,0.058443058465894954,AlphaSparse 248af573c867cf4c7e05d40c611c7c34ebac4715,CUDA,13040,13000,2026-10-08T01:21:20.028782+00:00,derived,csr-alg4,0,0,,,,5,20,4,true
3,A100-SXM4-80GB-suitesparse_all-fp64-n2-row-major-AlphaSparse-SpMM-CSR-pre-plus-solve,AlphaSparse-SpMM-CSR-best-pre-plus-solve,AlphaSparseLib CSR PER MATRIX BEST,per-matrix-best,AlphaSparse-SpMM-CSR,best,pre-plus-solve,"csr-alg1,csr-alg2,csr-alg3,csr-alg4,csr-alg5",manual-selection,csr,ALPHASPARSE_SPMM_CSR_ALG1,workspace-setup,spmm.csr.fp64,fp64,A100-SXM4-80GB,A100-SXM4-80GB,,9700.0,a0827285-e98d-55a9-b486-73107367c8f5,suitesparse_all,Wang/wang1,wang1,2903,2903,19093,2,row-major,N,N,1.0,0.0,20260922,main,pass,pass,0,0,76372.0,0.01525,0.00578560009599,0.021035600096,0.00654810009599,13.200359294264642,3.6306071446244323,11.6632303844545,0.13608617829138805,0.03742893963530342,0.12023948849953094,AlphaSparse 248af573c867cf4c7e05d40c611c7c34ebac4715,CUDA,13040,13000,2026-10-06T07:04:40.463505+00:00,derived,csr-alg1,0,0,,,,5,20,4,true
3,A100-SXM4-80GB-suitesparse_all-fp64-n2-row-major-AlphaSparse-SpMM-CSR-pre-plus-solve,AlphaSparse-SpMM-CSR-best-pre-plus-solve,AlphaSparseLib CSR PER MATRIX BEST,per-matrix-best,AlphaSparse-SpMM-CSR,best,pre-plus-solve,"csr-alg1,csr-alg2,csr-alg3,csr-alg4,csr-alg5",manual-selection,csr,ALPHASPARSE_SPMM_CSR_ALG1,workspace-setup,spmm.csr.fp64,fp64,A100-SXM4-80GB,A100-SXM4-80GB,,9700.0,dd6a9a30-d69d-5ea7-834e-7b0f3242a57c,suitesparse_all,Wang/wang2,wang2,2903,2903,19093,2,row-major,N,N,1.0,0.0,20260922,main,pass,pass,0,0,76372.0,0.01416,0.00583680011332,0.0199968001133,0.00654480011332,13.084566631931352,3.8192110521325104,11.66911115353507,0.13489243950444693,0.039373309815799076,0.12030011498489764,AlphaSparse 248af573c867cf4c7e05d40c611c7c34ebac4715,CUDA,13040,13000,2026-10-06T19:49:56.802225+00:00,derived,csr-alg1,0,0,,,,5,20,4,true
3,A100-SXM4-80GB-suitesparse_all-fp64-n2-row-major-AlphaSparse-SpMM-CSR-pre-plus-solve,AlphaSparse-SpMM-CSR-best-pre-plus-solve,AlphaSparseLib CSR PER MATRIX BEST,per-matrix-best,AlphaSparse-SpMM-CSR,best,pre-plus-solve,"csr-alg1,csr-alg2,csr-alg3,csr-alg4,csr-alg5",manual-selection,csr,ALPHASPARSE_SPMM_CSR_ALG1,workspace-setup,spmm.csr.fp64,fp64,A100-SXM4-80GB,A100-SXM4-80GB,,9700.0,005fdebf-9ece-5bc0-9d3c-6fda0356699d,suitesparse_all,Wang/wang3,wang3,26064,26064,177168,2,row-major,N,N,1.0,0.0,20260922,main,pass,pass,0,0,708672.0,0.01536,0.00589440017939,0.0212544001794,0.00666240017939,120.22800937030017,33.34236647557115,106.36887321663183,1.2394640141268058,0.3437357368615582,1.0965863218209466,AlphaSparse 248af573c867cf4c7e05d40c611c7c34ebac4715,CUDA,13040,13000,2026-10-08T13:54:05.747849+00:00,derived,csr-alg1,0,0,,,,5,20,4,true
3,A100-SXM4-80GB-suitesparse_all-fp64-n2-row-major-AlphaSparse-SpMM-CSR-pre-plus-solve,AlphaSparse-SpMM-CSR-best-pre-plus-solve,AlphaSparseLib CSR PER MATRIX BEST,per-matrix-best,AlphaSparse-SpMM-CSR,best,pre-plus-solve,"csr-alg1,csr-alg2,csr-alg3,csr-alg4,csr-alg5",manual-selection,csr,ALPHASPARSE_SPMM_CSR_ALG1,workspace-setup,spmm.csr.fp64,fp64,A100-SXM4-80GB,A100-SXM4-80GB,,9700.0,d94c6f41-d28e-5f45-abb9-189a8a3b4f78,suitesparse_all,Wang/wang4,wang4,26068,26068,177196,2,row-major,N,N,1.0,0.0,20260922,main,pass,pass,0,0,708784.0,0.01369,0.00670719966292,0.0203971996629,0.00739169966292,105.67510073070179,34.74908378178947,95.88917736411433,1.0894340281515649,0.35823797713185024,0.9885482202486013,AlphaSparse 248af573c867cf4c7e05d40c611c7c34ebac4715,CUDA,13040,13000,2026-10-06T01:50:29.487640+00:00,derived,csr-alg1,0,0,,,,5,20,4,true
3,A100-SXM4-80GB-suitesparse_all-fp64-n2-row-major-AlphaSparse-SpMM-CSR-pre-plus-solve,AlphaSparse-SpMM-CSR-best-pre-plus-solve,AlphaSparseLib CSR PER MATRIX BEST,per-matrix-best,AlphaSparse-SpMM-CSR,best,pre-plus-solve,"csr-alg1,csr-alg2,csr-alg3,csr-alg4,csr-alg5",manual-selection,csr,ALPHASPARSE_SPMM_CSR_ALG1,workspace-setup,spmm.csr.fp64,fp64,A100-SXM4-80GB,A100-SXM4-80GB,,9700.0,dd6a9a30-d69d-5ea7-834e-7b0f3242a57c,suitesparse_all,Watson/Baumann,Baumann,112211,112211,760631,2,row-major,N,N,1.0,0.0,20260922,main,pass,pass,0,0,3042524.0,0.0199,0.0119808003306,0.0318808003306,0.0129758003306,253.94997963776513,95.43436703123506,234.4767892909858,2.618041027193455,0.9838594539302583,2.417286487535936,AlphaSparse 248af573c867cf4c7e05d40c611c7c34ebac4715,CUDA,13040,13000,2026-10-06T19:53:47.770206+00:00,derived,csr-alg1,0,0,,,,5,20,4,true
3,A100-SXM4-80GB-suitesparse_all-fp64-n2-row-major-AlphaSparse-SpMM-CSR-pre-plus-solve,AlphaSparse-SpMM-CSR-best-pre-plus-solve,AlphaSparseLib CSR PER MATRIX BEST,per-matrix-best,AlphaSparse-SpMM-CSR,best,pre-plus-solve,"csr-alg1,csr-alg2,csr-alg3,csr-alg4,csr-alg5",manual-selection,csr,ALPHASPARSE_SPMM_CSR_ALG1,workspace-setup,spmm.csr.fp64,fp64,A100-SXM4-80GB,A100-SXM4-80GB,,9700.0,a0827285-e98d-55a9-b486-73107367c8f5,suitesparse_all,Watson/chem_master1,chem_master1,40401,40401,201201,2,row-major,N,N,1.0,0.0,20260922,main,pass,pass,0,0,804804.0,0.02021,0.00593920014799,0.026149200148,0.00694970014799,135.50713563212202,30.777384984815864,115.80413296432168,1.3969807797125982,0.3172926287094419,1.1938570408692957,AlphaSparse 248af573c867cf4c7e05d40c611c7c34ebac4715,CUDA,13040,13000,2026-10-06T07:08:15.272922+00:00,derived,csr-alg1,0,0,,,,5,20,4,true
3,A100-SXM4-80GB-suitesparse_all-fp64-n2-row-major-AlphaSparse-SpMM-CSR-pre-plus-solve,AlphaSparse-SpMM-CSR-best-pre-plus-solve,AlphaSparseLib CSR PER MATRIX BEST,per-matrix-best,AlphaSparse-SpMM-CSR,best,pre-plus-solve,"csr-alg1,csr-alg2,csr-alg3,csr-alg4,csr-alg5",manual-selection,csr,ALPHASPARSE_SPMM_CSR_ALG1,workspace-setup,spmm.csr.fp64,fp64,A100-SXM4-80GB,A100-SXM4-80GB,,9700.0,dd6a9a30-d69d-5ea7-834e-7b0f3242a57c,suitesparse_all,Williams/cant,cant,62451,62451,4007383,2,row-major,N,N,1.0,0.0,20260922,main,pass,pass,0,0,16029532.0,0.01581,0.0892416000366,0.105051600037,0.0900321000366,179.619504731268,152.58722374865565,178.0424092460761,1.8517474714563709,1.5730641623572745,1.8354887551141865,AlphaSparse 248af573c867cf4c7e05d40c611c7c34ebac4715,CUDA,13040,13000,2026-10-06T19:57:12.442181+00:00,derived,csr-alg1,0,0,,,,5,20,4,true
3,A100-SXM4-80GB-suitesparse_all-fp64-n2-row-major-AlphaSparse-SpMM-CSR-pre-plus-solve,AlphaSparse-SpMM-CSR-best-pre-plus-solve,AlphaSparseLib CSR PER MATRIX BEST,per-matrix-best,AlphaSparse-SpMM-CSR,best,pre-plus-solve,"csr-alg1,csr-alg2,csr-alg3,csr-alg4,csr-alg5",manual-selection,csr,ALPHASPARSE_SPMM_CSR_ALG1,workspace-setup,spmm.csr.fp64,fp64,A100-SXM4-80GB,A100-SXM4-80GB,,9700.0,a0827285-e98d-55a9-b486-73107367c8f5,suitesparse_all,Williams/consph,consph,83334,83334,6010480,2,row-major,N,N,1.0,0.0,20260922,main,pass,pass,0,0,24041920.0,0.020789,0.115814399719,0.136603399719,0.116853849719,207.59007565840528,175.99796234541327,205.74349974616948,2.1401038727670647,1.8144119829424048,2.121067007692469,AlphaSparse 248af573c867cf4c7e05d40c611c7c34ebac4715,CUDA,13040,13000,2026-10-06T07:10:40.977589+00:00,derived,csr-alg1,0,0,,,,5,20,4,true
3,A100-SXM4-80GB-suitesparse_all-fp64-n2-row-major-AlphaSparse-SpMM-CSR-pre-plus-solve,AlphaSparse-SpMM-CSR-best-pre-plus-solve,AlphaSparseLib CSR PER MATRIX BEST,per-matrix-best,AlphaSparse-SpMM-CSR,best,pre-plus-solve,"csr-alg1,csr-alg2,csr-alg3,csr-alg4,csr-alg5",manual-selection,csr,ALPHASPARSE_SPMM_CSR_ALG1,workspace-setup,spmm.csr.fp64,fp64,A100-SXM4-80GB,A100-SXM4-80GB,,9700.0,018f64fd-81d1-5f6a-986f-7d386c913e5c,suitesparse_all,Williams/cop20k_A,cop20k_A,121192,121192,2624331,2,row-major,N,N,1.0,0.0,20260922,main,pass,pass,0,0,10497324.0,0.02321,0.0581120014191,0.0813220014191,0.0592725014191,180.6395192671816,129.0834438014029,177.10276685939454,1.8622630852286763,1.3307571525917823,1.8258017201999437,AlphaSparse 248af573c867cf4c7e05d40c611c7c34ebac4715,CUDA,13040,13000,2026-10-06T20:34:12.738520+00:00,derived,csr-alg1,0,0,,,,5,20,4,true
3,A100-SXM4-80GB-suitesparse_all-fp64-n2-row-major-AlphaSparse-SpMM-CSR-pre-plus-solve,AlphaSparse-SpMM-CSR-best-pre-plus-solve,AlphaSparseLib CSR PER MATRIX BEST,per-matrix-best,AlphaSparse-SpMM-CSR,best,pre-plus-solve,"csr-alg1,csr-alg2,csr-alg3,csr-alg4,csr-alg5",manual-selection,csr,ALPHASPARSE_SPMM_CSR_ALG5,workspace-setup,spmm.csr.fp64,fp64,A100-SXM4-80GB,A100-SXM4-80GB,,9700.0,005fdebf-9ece-5bc0-9d3c-6fda0356699d,suitesparse_all,Williams/mac_econ_fwd500,mac_econ_fwd500,206500,206500,1273389,2,row-major,N,N,1.0,0.0,20260922,main,pass,pass,0,0,5093556.0,0.01925,0.0393727988005,0.0586227988005,0.0403352988005,129.3673844678605,86.88694678897788,126.28035868019552,1.3336843759573245,0.8957417194739988,1.3018593678370671,AlphaSparse 248af573c867cf4c7e05d40c611c7c34ebac4715,CUDA,13040,13000,2026-10-08T15:38:57.372569+00:00,derived,csr-alg5,0,0,,,,5,20,4,true
3,A100-SXM4-80GB-suitesparse_all-fp64-n2-row-major-AlphaSparse-SpMM-CSR-pre-plus-solve,AlphaSparse-SpMM-CSR-best-pre-plus-solve,AlphaSparseLib CSR PER MATRIX BEST,per-matrix-best,AlphaSparse-SpMM-CSR,best,pre-plus-solve,"csr-alg1,csr-alg2,csr-alg3,csr-alg4,csr-alg5",manual-selection,csr,ALPHASPARSE_SPMM_CSR_ALG5,workspace-setup,spmm.csr.fp64,fp64,A100-SXM4-80GB,A100-SXM4-80GB,,9700.0,d94c6f41-d28e-5f45-abb9-189a8a3b4f78,suitesparse_all,Williams/mc2depi,mc2depi,525825,525825,2100225,2,row-major,N,N,1.0,0.0,20260922,main,pass,pass,0,0,8400900.0,0.18959,0.0940544009209,0.283644400921,0.103533900921,89.31958438675484,29.617718427446768,81.14153842624148,0.9208204575954106,0.3053373033757399,0.8365107054251699,AlphaSparse 248af573c867cf4c7e05d40c611c7c34ebac4715,CUDA,13040,13000,2026-10-06T03:43:53.006391+00:00,derived,csr-alg5,0,0,,,,5,20,4,true
3,A100-SXM4-80GB-suitesparse_all-fp64-n2-row-major-AlphaSparse-SpMM-CSR-pre-plus-solve,AlphaSparse-SpMM-CSR-best-pre-plus-solve,AlphaSparseLib CSR PER MATRIX BEST,per-matrix-best,AlphaSparse-SpMM-CSR,best,pre-plus-solve,"csr-alg1,csr-alg2,csr-alg3,csr-alg4,csr-alg5",manual-selection,csr,ALPHASPARSE_SPMM_CSR_ALG1,workspace-setup,spmm.csr.fp64,fp64,A100-SXM4-80GB,A100-SXM4-80GB,,9700.0,152f8cc9-7213-5fba-8430-8cd9341fa530,suitesparse_all,Williams/pdb1HYS,pdb1HYS,36417,36417,4344765,2,row-major,N,N,1.0,0.0,20260922,main,pass,pass,0,0,17379060.0,0.02532,0.108748805523,0.134068805523,0.110014805523,159.80920357166028,129.62791704009445,157.97019244256796,1.6475175625944356,1.3363702787638603,1.6285586849749276,AlphaSparse 248af573c867cf4c7e05d40c611c7c34ebac4715,CUDA,13040,13000,2026-10-07T22:30:49.438190+00:00,derived,csr-alg1,0,0,,,,5,20,4,true
3,A100-SXM4-80GB-suitesparse_all-fp64-n2-row-major-AlphaSparse-SpMM-CSR-pre-plus-solve,AlphaSparse-SpMM-CSR-best-pre-plus-solve,AlphaSparseLib CSR PER MATRIX BEST,per-matrix-best,AlphaSparse-SpMM-CSR,best,pre-plus-solve,"csr-alg1,csr-alg2,csr-alg3,csr-alg4,csr-alg5",manual-selection,csr,ALPHASPARSE_SPMM_CSR_ALG1,workspace-setup,spmm.csr.fp64,fp64,A100-SXM4-80GB,A100-SXM4-80GB,,9700.0,152f8cc9-7213-5fba-8430-8cd9341fa530,suitesparse_all,Wissgott/parabolic_fem,parabolic_fem,525825,525825,3674625,2,row-major,N,N,1.0,0.0,20260922,main,pass,pass,0,0,14698500.0,0.25426,0.0778752028942,0.332135202894,0.0905882028942,188.7442915554152,44.25456823584877,162.25622686396272,1.9458174387156209,0.4562326622252451,1.6727446068449767,AlphaSparse 248af573c867cf4c7e05d40c611c7c34ebac4715,CUDA,13040,13000,2026-10-07T22:28:47.585707+00:00,derived,csr-alg1,0,0,,,,5,20,4,true
3,A100-SXM4-80GB-suitesparse_all-fp64-n2-row-major-AlphaSparse-SpMM-CSR-pre-plus-solve,AlphaSparse-SpMM-CSR-best-pre-plus-solve,AlphaSparseLib CSR PER MATRIX BEST,per-matrix-best,AlphaSparse-SpMM-CSR,best,pre-plus-solve,"csr-alg1,csr-alg2,csr-alg3,csr-alg4,csr-alg5",manual-selection,csr,ALPHASPARSE_SPMM_CSR_ALG1,workspace-setup,spmm.csr.fp64,fp64,A100-SXM4-80GB,A100-SXM4-80GB,,9700.0,a0827285-e98d-55a9-b486-73107367c8f5,suitesparse_all,YCheng/psse0,psse0,26722,11028,102432,2,row-major,N,N,1.0,0.0,20260922,main,pass,pass,0,0,409728.0,0.01596,0.00670719966292,0.0226671996629,0.00750519966292,61.08778932959686,18.07581024975981,54.59255161781928,0.6297710240164625,0.18634855927587435,0.5628098104929823,AlphaSparse 248af573c867cf4c7e05d40c611c7c34ebac4715,CUDA,13040,13000,2026-10-06T07:08:16.697595+00:00,derived,csr-alg1,0,0,,,,5,20,4,true
3,A100-SXM4-80GB-suitesparse_all-fp64-n2-row-major-AlphaSparse-SpMM-CSR-pre-plus-solve,AlphaSparse-SpMM-CSR-best-pre-plus-solve,AlphaSparseLib CSR PER MATRIX BEST,per-matrix-best,AlphaSparse-SpMM-CSR,best,pre-plus-solve,"csr-alg1,csr-alg2,csr-alg3,csr-alg4,csr-alg5",manual-selection,csr,ALPHASPARSE_SPMM_CSR_ALG1,workspace-setup,spmm.csr.fp64,fp64,A100-SXM4-80GB,A100-SXM4-80GB,,9700.0,dd6a9a30-d69d-5ea7-834e-7b0f3242a57c,suitesparse_all,YCheng/psse1,psse1,14318,11028,57376,2,row-major,N,N,1.0,0.0,20260922,main,pass,pass,0,0,229504.0,0.01311,0.00931840017438,0.0224284001744,0.00997390017438,24.62912041822351,10.232740552844165,23.01045689122976,0.25390845791983,0.10549217064787798,0.23722120506422434,AlphaSparse 248af573c867cf4c7e05d40c611c7c34ebac4715,CUDA,13040,13000,2026-10-06T19:53:51.249190+00:00,derived,csr-alg1,0,0,,,,5,20,4,true
3,A100-SXM4-80GB-suitesparse_all-fp64-n2-row-major-AlphaSparse-SpMM-CSR-pre-plus-solve,AlphaSparse-SpMM-CSR-best-pre-plus-solve,AlphaSparseLib CSR PER MATRIX BEST,per-matrix-best,AlphaSparse-SpMM-CSR,best,pre-plus-solve,"csr-alg1,csr-alg2,csr-alg3,csr-alg4,csr-alg5",manual-selection,csr,ALPHASPARSE_SPMM_CSR_ALG5,workspace-setup,spmm.csr.fp64,fp64,A100-SXM4-80GB,A100-SXM4-80GB,,9700.0,005fdebf-9ece-5bc0-9d3c-6fda0356699d,suitesparse_all,YCheng/psse2,psse2,28634,11028,115262,2,row-major,N,N,1.0,0.0,20260922,main,pass,pass,0,0,461048.0,0.01486,0.0133632004261,0.0282232004261,0.0141062004261,34.501315949696874,16.33578024601477,32.68406701119501,0.35568366958450387,0.16841010562901826,0.33694914444530943,AlphaSparse 248af573c867cf4c7e05d40c611c7c34ebac4715,CUDA,13040,13000,2026-10-08T15:34:29.085612+00:00,derived,csr-alg5,0,0,,,,5,20,4,true
3,A100-SXM4-80GB-suitesparse_all-fp64-n2-row-major-AlphaSparse-SpMM-CSR-pre-plus-solve,AlphaSparse-SpMM-CSR-best-pre-plus-solve,AlphaSparseLib CSR PER MATRIX BEST,per-matrix-best,AlphaSparse-SpMM-CSR,best,pre-plus-solve,"csr-alg1,csr-alg2,csr-alg3,csr-alg4,csr-alg5",manual-selection,csr,ALPHASPARSE_SPMM_CSR_ALG1,workspace-setup,spmm.csr.fp64,fp64,A100-SXM4-80GB,A100-SXM4-80GB,,9700.0,005fdebf-9ece-5bc0-9d3c-6fda0356699d,suitesparse_all,Yoshiyasu/image_interp,image_interp,240000,120000,711683,2,row-major,N,N,1.0,0.0,20260922,main,pass,pass,0,0,2846732.0,0.01828,0.0134655997157,0.0317455997157,0.0143795997157,211.4077397296237,89.67327835965025,197.9701838912712,2.1794612343260176,0.9244667872128891,2.0409297308378473,AlphaSparse 248af573c867cf4c7e05d40c611c7c34ebac4715,CUDA,13040,13000,2026-10-08T14:00:32.500541+00:00,derived,csr-alg1,0,0,,,,5,20,4,true
3,A100-SXM4-80GB-suitesparse_all-fp64-n2-row-major-AlphaSparse-SpMM-CSR-pre-plus-solve,AlphaSparse-SpMM-CSR-best-pre-plus-solve,AlphaSparseLib CSR PER MATRIX BEST,per-matrix-best,AlphaSparse-SpMM-CSR,best,pre-plus-solve,"csr-alg1,csr-alg2,csr-alg3,csr-alg4,csr-alg5",manual-selection,csr,ALPHASPARSE_SPMM_CSR_ALG1,workspace-setup,spmm.csr.fp64,fp64,A100-SXM4-80GB,A100-SXM4-80GB,,9700.0,d94c6f41-d28e-5f45-abb9-189a8a3b4f78,suitesparse_all,Yoshiyasu/mesh_deform,mesh_deform,234023,9393,853829,2,row-major,N,N,1.0,0.0,20260922,main,pass,pass,0,0,3415316.0,0.01403,0.0157184004784,0.0297484004784,0.0164199004784,217.28139607419203,114.80671044750203,207.99858102019368,2.240014392517444,1.18357433451033,2.1443152682494193,AlphaSparse 248af573c867cf4c7e05d40c611c7c34ebac4715,CUDA,13040,13000,2026-10-06T01:59:43.086220+00:00,derived,csr-alg1,0,0,,,,5,20,4,true
3,A100-SXM4-80GB-suitesparse_all-fp64-n2-row-major-AlphaSparse-SpMM-CSR-pre-plus-solve,AlphaSparse-SpMM-CSR-best-pre-plus-solve,AlphaSparseLib CSR PER MATRIX BEST,per-matrix-best,AlphaSparse-SpMM-CSR,best,pre-plus-solve,"csr-alg1,csr-alg2,csr-alg3,csr-alg4,csr-alg5",manual-selection,csr,ALPHASPARSE_SPMM_CSR_ALG1,workspace-setup,spmm.csr.fp64,fp64,A100-SXM4-80GB,A100-SXM4-80GB,,9700.0,005fdebf-9ece-5bc0-9d3c-6fda0356699d,suitesparse_all,YZhou/circuit204,circuit204,1020,1020,5883,2,row-major,N,N,1.0,0.0,20260922,main,pass,pass,0,0,23532.0,0.01343,0.00972800031304,0.023158000313,0.010399500313,2.4189966326847547,1.0161499128571154,2.262801028101666,0.02493810961530675,0.010475772297496034,0.023327845650532638,AlphaSparse 248af573c867cf4c7e05d40c611c7c34ebac4715,CUDA,13040,13000,2026-10-08T13:56:48.083891+00:00,derived,csr-alg1,0,0,,,,5,20,4,true
3,A100-SXM4-80GB-suitesparse_all-fp64-n2-row-major-AlphaSparse-SpMM-CSR-pre-plus-solve,AlphaSparse-SpMM-CSR-best-pre-plus-solve,AlphaSparseLib CSR PER MATRIX BEST,per-matrix-best,AlphaSparse-SpMM-CSR,best,pre-plus-solve,"csr-alg1,csr-alg2,csr-alg3,csr-alg4,csr-alg5",manual-selection,csr,ALPHASPARSE_SPMM_CSR_ALG1,workspace-setup,spmm.csr.fp64,fp64,A100-SXM4-80GB,A100-SXM4-80GB,,9700.0,752b02ae-c4ef-54eb-ad5c-0957985c94ee,suitesparse_all,Zaoui/kkt_power,kkt_power,2063494,2063494,14612663,2,row-major,N,N,1.0,0.0,20260922,main,pass,pass,0,0,58450652.0,0.422721,0.486348819733,0.909069819733,0.507484869733,120.18257190813941,64.2972087855335,115.17713233648186,1.2389955866818496,0.6628578225312731,1.187393116870947,AlphaSparse 248af573c867cf4c7e05d40c611c7c34ebac4715,CUDA,13040,13000,2026-10-08T03:37:26.050978+00:00,derived,csr-alg1,0,0,,,,5,20,4,true
3,A100-SXM4-80GB-suitesparse_all-fp64-n2-row-major-AlphaSparse-SpMM-CSR-pre-plus-solve,AlphaSparse-SpMM-CSR-best-pre-plus-solve,AlphaSparseLib CSR PER MATRIX BEST,per-matrix-best,AlphaSparse-SpMM-CSR,best,pre-plus-solve,"csr-alg1,csr-alg2,csr-alg3,csr-alg4,csr-alg5",manual-selection,csr,ALPHASPARSE_SPMM_CSR_ALG1,workspace-setup,spmm.csr.fp64,fp64,A100-SXM4-80GB,A100-SXM4-80GB,,9700.0,018f64fd-81d1-5f6a-986f-7d386c913e5c,suitesparse_all,Zhao/Zhao1,Zhao1,33861,33861,166453,2,row-major,N,N,1.0,0.0,20260922,main,pass,pass,0,0,665812.0,0.019249,0.00757760033011,0.0268266003301,0.00854005033011,87.86581120600415,24.819097157568088,77.96347495195899,0.9058331052165377,0.2558669810058566,0.8037471644531854,AlphaSparse 248af573c867cf4c7e05d40c611c7c34ebac4715,CUDA,13040,13000,2026-10-06T20:26:57.916842+00:00,derived,csr-alg1,0,0,,,,5,20,4,true
3,A100-SXM4-80GB-suitesparse_all-fp64-n2-row-major-AlphaSparse-SpMM-CSR-pre-plus-solve,AlphaSparse-SpMM-CSR-best-pre-plus-solve,AlphaSparseLib CSR PER MATRIX BEST,per-matrix-best,AlphaSparse-SpMM-CSR,best,pre-plus-solve,"csr-alg1,csr-alg2,csr-alg3,csr-alg4,csr-alg5",manual-selection,csr,ALPHASPARSE_SPMM_CSR_ALG1,workspace-setup,spmm.csr.fp64,fp64,A100-SXM4-80GB,A100-SXM4-80GB,,9700.0,752b02ae-c4ef-54eb-ad5c-0957985c94ee,suitesparse_all,Zitney/extr1,extr1,2837,2837,11407,2,row-major,N,N,1.0,0.0,20260922,main,pass,pass,0,0,45628.0,0.01688,0.00721919983625,0.0240991998363,0.00806319983625,6.320368051163602,1.8933408706488142,5.658795630348719,0.06515843351715053,0.01951897804792592,0.058338099281945555,AlphaSparse 248af573c867cf4c7e05d40c611c7c34ebac4715,CUDA,13040,13000,2026-10-08T03:32:19.503368+00:00,derived,csr-alg1,0,0,,,,5,20,4,true
3,A100-SXM4-80GB-suitesparse_all-fp64-n2-row-major-AlphaSparse-SpMM-CSR-pre-plus-solve,AlphaSparse-SpMM-CSR-best-pre-plus-solve,AlphaSparseLib CSR PER MATRIX BEST,per-matrix-best,AlphaSparse-SpMM-CSR,best,pre-plus-solve,"csr-alg1,csr-alg2,csr-alg3,csr-alg4,csr-alg5",manual-selection,csr,ALPHASPARSE_SPMM_CSR_ALG1,workspace-setup,spmm.csr.fp64,fp64,A100-SXM4-80GB,A100-SXM4-80GB,,9700.0,dd6a9a30-d69d-5ea7-834e-7b0f3242a57c,suitesparse_all,Zitney/extr1b,extr1b,2836,2836,11404,2,row-major,N,N,1.0,0.0,20260922,main,pass,pass,0,0,45616.0,0.01292,0.0125440001488,0.0254640001488,0.0131900001488,3.6364795486999237,1.7913917583035228,3.4583775197417306,0.03748947988350437,0.01846795627117034,0.03565337649218279,AlphaSparse 248af573c867cf4c7e05d40c611c7c34ebac4715,CUDA,13040,13000,2026-10-06T19:52:52.629668+00:00,derived,csr-alg1,0,0,,,,5,20,4,true
3,A100-SXM4-80GB-suitesparse_all-fp64-n2-row-major-AlphaSparse-SpMM-CSR-pre-plus-solve,AlphaSparse-SpMM-CSR-best-pre-plus-solve,AlphaSparseLib CSR PER MATRIX BEST,per-matrix-best,AlphaSparse-SpMM-CSR,best,pre-plus-solve,"csr-alg1,csr-alg2,csr-alg3,csr-alg4,csr-alg5",manual-selection,csr,ALPHASPARSE_SPMM_CSR_ALG1,workspace-setup,spmm.csr.fp64,fp64,A100-SXM4-80GB,A100-SXM4-80GB,,9700.0,152f8cc9-7213-5fba-8430-8cd9341fa530,suitesparse_all,Zitney/hydr1,hydr1,5308,5308,23752,2,row-major,N,N,1.0,0.0,20260922,main,pass,pass,0,0,95008.0,0.02174,0.00798719972372,0.0297271997237,0.00907419972372,11.895032462735324,3.1959956162387844,10.470124406855255,0.12262920064675592,0.032948408414832826,0.10793942687479645,AlphaSparse 248af573c867cf4c7e05d40c611c7c34ebac4715,CUDA,13040,13000,2026-10-07T22:25:47.487705+00:00,derived,csr-alg1,0,0,,,,5,20,4,true
3,A100-SXM4-80GB-suitesparse_all-fp64-n2-row-major-AlphaSparse-SpMM-CSR-pre-plus-solve,AlphaSparse-SpMM-CSR-best-pre-plus-solve,AlphaSparseLib CSR PER MATRIX BEST,per-matrix-best,AlphaSparse-SpMM-CSR,best,pre-plus-solve,"csr-alg1,csr-alg2,csr-alg3,csr-alg4,csr-alg5",manual-selection,csr,ALPHASPARSE_SPMM_CSR_ALG1,workspace-setup,spmm.csr.fp64,fp64,A100-SXM4-80GB,A100-SXM4-80GB,,9700.0,005fdebf-9ece-5bc0-9d3c-6fda0356699d,suitesparse_all,Zitney/hydr1c,hydr1c,5308,5308,23752,2,row-major,N,N,1.0,0.0,20260922,main,pass,pass,0,0,95008.0,0.01311,0.00788479968905,0.0209947996891,0.00854029968905,12.049513462205281,4.525311096410502,11.124668156764466,0.12422178827015753,0.04665269171557219,0.11468730058520069,AlphaSparse 248af573c867cf4c7e05d40c611c7c34ebac4715,CUDA,13040,13000,2026-10-08T13:55:48.325728+00:00,derived,csr-alg1,0,0,,,,5,20,4,true
3,A100-SXM4-80GB-suitesparse_all-fp64-n2-row-major-AlphaSparse-SpMM-CSR-pre-plus-solve,AlphaSparse-SpMM-CSR-best-pre-plus-solve,AlphaSparseLib CSR PER MATRIX BEST,per-matrix-best,AlphaSparse-SpMM-CSR,best,pre-plus-solve,"csr-alg1,csr-alg2,csr-alg3,csr-alg4,csr-alg5",manual-selection,csr,ALPHASPARSE_SPMM_CSR_ALG1,workspace-setup,spmm.csr.fp64,fp64,A100-SXM4-80GB,A100-SXM4-80GB,,9700.0,a0827285-e98d-55a9-b486-73107367c8f5,suitesparse_all,Zitney/radfr1,radfr1,1048,1048,13299,2,row-major,N,N,1.0,0.0,20260922,main,pass,pass,0,0,53196.0,0.01796,0.011571200192,0.029531200192,0.012469200192,4.597275919292988,1.8013490699375907,4.266191831143231,0.04739459710611328,0.01857060896842877,0.04398135908395084,AlphaSparse 248af573c867cf4c7e05d40c611c7c34ebac4715,CUDA,13040,13000,2026-10-06T07:04:41.483219+00:00,derived,csr-alg1,0,0,,,,5,20,4,true
3,A100-SXM4-80GB-suitesparse_all-fp64-n2-row-major-AlphaSparse-SpMM-CSR-pre-plus-solve,AlphaSparse-SpMM-CSR-best-pre-plus-solve,AlphaSparseLib CSR PER MATRIX BEST,per-matrix-best,AlphaSparse-SpMM-CSR,best,pre-plus-solve,"csr-alg1,csr-alg2,csr-alg3,csr-alg4,csr-alg5",manual-selection,csr,ALPHASPARSE_SPMM_CSR_ALG2,workspace-setup,spmm.csr.fp64,fp64,A100-SXM4-80GB,A100-SXM4-80GB,,9700.0,dd6a9a30-d69d-5ea7-834e-7b0f3242a57c,suitesparse_all,Zitney/rdist1,rdist1,4134,4134,94408,2,row-major,N,N,1.0,0.0,20260922,main,pass,pass,0,0,377632.0,0.01196,0.0157184004784,0.0276784004784,0.0163164004784,24.02483640233855,13.64356297592778,23.144320372616335,0.24767872579730463,0.1406552884116266,0.2386012409548076,AlphaSparse 248af573c867cf4c7e05d40c611c7c34ebac4715,CUDA,13040,13000,2026-10-06T20:28:39.481038+00:00,derived,csr-alg2,0,0,,,,5,20,4,true
3,A100-SXM4-80GB-suitesparse_all-fp64-n2-row-major-AlphaSparse-SpMM-CSR-pre-plus-solve,AlphaSparse-SpMM-CSR-best-pre-plus-solve,AlphaSparseLib CSR PER MATRIX BEST,per-matrix-best,AlphaSparse-SpMM-CSR,best,pre-plus-solve,"csr-alg1,csr-alg2,csr-alg3,csr-alg4,csr-alg5",manual-selection,csr,ALPHASPARSE_SPMM_CSR_ALG2,workspace-setup,spmm.csr.fp64,fp64,A100-SXM4-80GB,A100-SXM4-80GB,,9700.0,005fdebf-9ece-5bc0-9d3c-6fda0356699d,suitesparse_all,Zitney/rdist2,rdist2,3198,3198,56934,2,row-major,N,N,1.0,0.0,20260922,main,pass,pass,0,0,227736.0,0.01321,0.0122368000448,0.0254468000448,0.0128973000448,18.610747839814206,8.9494946161821,17.657649214094217,0.19186337979189902,0.09226283109466082,0.1820376207638579,AlphaSparse 248af573c867cf4c7e05d40c611c7c34ebac4715,CUDA,13040,13000,2026-10-08T14:20:16.435685+00:00,derived,csr-alg2,0,0,,,,5,20,4,true
3,A100-SXM4-80GB-suitesparse_all-fp64-n2-row-major-AlphaSparse-SpMM-CSR-pre-plus-solve,AlphaSparse-SpMM-CSR-best-pre-plus-solve,AlphaSparseLib CSR PER MATRIX BEST,per-matrix-best,AlphaSparse-SpMM-CSR,best,pre-plus-solve,"csr-alg1,csr-alg2,csr-alg3,csr-alg4,csr-alg5",manual-selection,csr,ALPHASPARSE_SPMM_CSR_ALG5,workspace-setup,spmm.csr.fp64,fp64,A100-SXM4-80GB,A100-SXM4-80GB,,9700.0,d94c6f41-d28e-5f45-abb9-189a8a3b4f78,suitesparse_all,Zitney/rdist3a,rdist3a,2398,2398,61896,2,row-major,N,N,1.0,0.0,20260922,main,pass,pass,0,0,247584.0,0.01318,0.0154624000192,0.0286424000192,0.0161214000192,16.012003291375823,8.643968376743421,15.357475138954214,0.1650721988801631,0.08911307604890126,0.15832448596860016,AlphaSparse 248af573c867cf4c7e05d40c611c7c34ebac4715,CUDA,13040,13000,2026-10-06T03:33:16.886709+00:00,derived,csr-alg5,0,0,,,,5,20,4,true
