schema_version,submission_id,method_id,method_name,configuration_id,candidate_group,selection_role,selection_metric,selected_from,base_format,format,algorithm,preprocess_policy,operator_id,dtype,backend_id,hardware,cpu_model,peak_gflops,job_id,dataset_id,matrix_id,matrix_name,rows,cols,nnz,rhs_columns,dense_layout,op_a,op_b,alpha,beta,input_seed,ranking_scope,status,validation_status,failed_elements,invalid_elements,operations,preprocess_ms,solve_ms,pre_plus_solve_ms,pre_amortized_ms,solve_gflops,pre_plus_solve_gflops,pre_amortized_gflops,solve_only_efficiency_percent,pre_plus_solve_efficiency_percent,pre_amortized_efficiency_percent,library_version,gpu_runtime,runtime_version,driver_version,timestamp,source_kind,selected_configuration_id,nan_elements,inf_elements,error,error_type,failure_stage,warmup,iterations,validation_safety_factor,public_ranked
3,RTX5090-SL3061-suitesparse_sample_100-fp32-n32-row-major-cuSPARSE-SpMM-CSR-pre-plus-solve,cuSPARSE-SpMM-CSR-best-pre-plus-solve,cuSPARSE CUDA 12.8 CSR PER MATRIX BEST,per-matrix-best,cuSPARSE-SpMM-CSR,best,pre-plus-solve,"csr-alg1,csr-alg2,csr-alg3,csr-default",manual-selection,csr,CUSPARSE_SPMM_CSR_ALG1,library-preprocess,spmm.csr.fp32,fp32,RTX5090-SL3061,RTX 5090,,104800.0,a8b026d9-52e8-5636-b12f-26c4acef3e68,suitesparse_sample_100,AG-Monien/grid2_dual,grid2_dual,3136,3136,12224,32,row-major,N,N,1.0,0.0,20260922,main,pass,pass,0,0,782336.0,1.169987,0.0123680002987,1.1823550003,0.0708673502987,63.254849701307926,0.6616760615902137,11.039441953205793,0.0603576810126984,0.0006313702877769216,0.010533818657639117,cuSPARSE 12.5.8,CUDA,12080,13020,2026-09-22T16:07:06.441468+00:00,derived,csr-alg1,0,0,,,,5,20,4,true
3,RTX5090-SL3061-suitesparse_sample_100-fp32-n32-row-major-cuSPARSE-SpMM-CSR-pre-plus-solve,cuSPARSE-SpMM-CSR-best-pre-plus-solve,cuSPARSE CUDA 12.8 CSR PER MATRIX BEST,per-matrix-best,cuSPARSE-SpMM-CSR,best,pre-plus-solve,"csr-alg1,csr-alg2,csr-alg3,csr-default",manual-selection,csr,CUSPARSE_SPMM_CSR_ALG2,library-preprocess,spmm.csr.fp32,fp32,RTX5090-SL3061,RTX 5090,,104800.0,a8b026d9-52e8-5636-b12f-26c4acef3e68,suitesparse_sample_100,Bai/bfwb782,bfwb782,782,782,5982,32,row-major,N,N,1.0,0.0,20260922,main,pass,pass,0,0,382848.0,1.475587,0.0124240003526,1.48801100035,0.0862033503526,30.81519551952367,0.2572884205223947,4.4412194936046685,0.029403812518629453,0.00024550421805572014,0.004237804860309798,cuSPARSE 12.5.8,CUDA,12080,13020,2026-09-22T17:19:51.506244+00:00,derived,csr-alg2,0,0,,,,5,20,4,true
3,RTX5090-SL3061-suitesparse_sample_100-fp32-n32-row-major-cuSPARSE-SpMM-CSR-pre-plus-solve,cuSPARSE-SpMM-CSR-best-pre-plus-solve,cuSPARSE CUDA 12.8 CSR PER MATRIX BEST,per-matrix-best,cuSPARSE-SpMM-CSR,best,pre-plus-solve,"csr-alg1,csr-alg2,csr-alg3,csr-default",manual-selection,csr,CUSPARSE_SPMM_CSR_ALG3,library-preprocess,spmm.csr.fp32,fp32,RTX5090-SL3061,RTX 5090,,104800.0,a8b026d9-52e8-5636-b12f-26c4acef3e68,suitesparse_sample_100,Bai/rw496,rw496,496,496,1859,32,row-major,N,N,1.0,0.0,20260922,main,pass,pass,0,0,118976.0,0.843448,0.00326079986989,0.84670879987,0.0454331998699,36.48675317323708,0.14051584206785978,2.6187017498369713,0.034815604172936145,0.00013408000197314863,0.002498761211676499,cuSPARSE 12.5.8,CUDA,12080,13020,2026-09-22T19:20:04.430341+00:00,derived,csr-alg3,0,0,,,,5,20,4,true
3,RTX5090-SL3061-suitesparse_sample_100-fp32-n32-row-major-cuSPARSE-SpMM-CSR-pre-plus-solve,cuSPARSE-SpMM-CSR-best-pre-plus-solve,cuSPARSE CUDA 12.8 CSR PER MATRIX BEST,per-matrix-best,cuSPARSE-SpMM-CSR,best,pre-plus-solve,"csr-alg1,csr-alg2,csr-alg3,csr-default",manual-selection,csr,CUSPARSE_SPMM_CSR_ALG1,library-preprocess,spmm.csr.fp32,fp32,RTX5090-SL3061,RTX 5090,,104800.0,a8b026d9-52e8-5636-b12f-26c4acef3e68,suitesparse_sample_100,Bodendiek/CurlCurl_1,CurlCurl_1,226451,226451,2472071,32,row-major,N,N,1.0,0.0,20260922,main,pass,pass,0,0,158212544.0,1.693754,0.209256005287,1.90301000529,0.293943705287,756.0717016604011,83.13805159205664,538.2409663970346,0.7214424634164133,0.0793302019008174,0.5135887083941171,cuSPARSE 12.5.8,CUDA,12080,13020,2026-09-22T16:10:07.301774+00:00,derived,csr-alg1,0,0,,,,5,20,4,true
3,RTX5090-SL3061-suitesparse_sample_100-fp32-n32-row-major-cuSPARSE-SpMM-CSR-pre-plus-solve,cuSPARSE-SpMM-CSR-best-pre-plus-solve,cuSPARSE CUDA 12.8 CSR PER MATRIX BEST,per-matrix-best,cuSPARSE-SpMM-CSR,best,pre-plus-solve,"csr-alg1,csr-alg2,csr-alg3,csr-default",manual-selection,csr,CUSPARSE_SPMM_CSR_ALG2,library-preprocess,spmm.csr.fp32,fp32,RTX5090-SL3061,RTX 5090,,104800.0,a8b026d9-52e8-5636-b12f-26c4acef3e68,suitesparse_sample_100,Bova/rma10,rma10,46835,46835,2374001,32,row-major,N,N,1.0,0.0,20260922,main,pass,pass,0,0,151936064.0,1.560056,0.093283200264,1.65333920026,0.171286000264,1628.761272876649,91.89648680446632,887.0314197647426,1.5541615199204666,0.08768748740884191,0.846404026493075,cuSPARSE 12.5.8,CUDA,12080,13020,2026-09-22T17:22:43.056688+00:00,derived,csr-alg2,0,0,,,,5,20,4,true
3,RTX5090-SL3061-suitesparse_sample_100-fp32-n32-row-major-cuSPARSE-SpMM-CSR-pre-plus-solve,cuSPARSE-SpMM-CSR-best-pre-plus-solve,cuSPARSE CUDA 12.8 CSR PER MATRIX BEST,per-matrix-best,cuSPARSE-SpMM-CSR,best,pre-plus-solve,"csr-alg1,csr-alg2,csr-alg3,csr-default",manual-selection,csr,CUSPARSE_SPMM_CSR_ALG3,library-preprocess,spmm.csr.fp32,fp32,RTX5090-SL3061,RTX 5090,,104800.0,a8b026d9-52e8-5636-b12f-26c4acef3e68,suitesparse_sample_100,Brogan/specular,specular,477976,1600,7647616,32,row-major,N,N,1.0,0.0,20260922,main,pass,pass,0,0,489447424.0,2.33048,0.167392003536,2.49787200354,0.283916003536,2923.959410610301,195.94575835205006,1723.9162918054355,2.79003760554418,0.18697114346569663,1.6449582937074765,cuSPARSE 12.5.8,CUDA,12080,13020,2026-09-22T19:26:05.433548+00:00,derived,csr-alg3,0,0,,,,5,20,4,true
3,RTX5090-SL3061-suitesparse_sample_100-fp32-n32-row-major-cuSPARSE-SpMM-CSR-pre-plus-solve,cuSPARSE-SpMM-CSR-best-pre-plus-solve,cuSPARSE CUDA 12.8 CSR PER MATRIX BEST,per-matrix-best,cuSPARSE-SpMM-CSR,best,pre-plus-solve,"csr-alg1,csr-alg2,csr-alg3,csr-default",manual-selection,csr,CUSPARSE_SPMM_CSR_ALG2,library-preprocess,spmm.csr.fp32,fp32,RTX5090-SL3061,RTX 5090,,104800.0,a8b026d9-52e8-5636-b12f-26c4acef3e68,suitesparse_sample_100,Buss/12month1,12month1,12471,872622,22624727,32,row-major,N,N,1.0,0.0,20260922,main,pass,pass,0,0,1447982528.0,2.560307,0.967465591431,3.52777259143,1.09548094143,1496.6759963610248,410.45234364527255,1321.7779271539473,1.4281259507261688,0.3916529996615196,1.2612384801087284,cuSPARSE 12.5.8,CUDA,12080,13020,2026-09-22T18:28:20.516659+00:00,derived,csr-alg2,0,0,,,,5,20,4,true
3,RTX5090-SL3061-suitesparse_sample_100-fp32-n32-row-major-cuSPARSE-SpMM-CSR-pre-plus-solve,cuSPARSE-SpMM-CSR-best-pre-plus-solve,cuSPARSE CUDA 12.8 CSR PER MATRIX BEST,per-matrix-best,cuSPARSE-SpMM-CSR,best,pre-plus-solve,"csr-alg1,csr-alg2,csr-alg3,csr-default",manual-selection,csr,CUSPARSE_SPMM_CSR_ALG2,library-preprocess,spmm.csr.fp32,fp32,RTX5090-SL3061,RTX 5090,,104800.0,a8b026d9-52e8-5636-b12f-26c4acef3e68,suitesparse_sample_100,CEMW/tmt_sym,tmt_sym,726713,726713,5080961,32,row-major,N,N,1.0,0.0,20260922,main,pass,pass,0,0,325181504.0,1.87062,0.265382409096,2.1360024091,0.358913409096,1225.3317961341143,152.2383601322877,906.0165927459745,1.1692097291356052,0.14526561081325162,0.8645196495667695,cuSPARSE 12.5.8,CUDA,12080,13020,2026-09-22T17:24:52.315908+00:00,derived,csr-alg2,0,0,,,,5,20,4,true
3,RTX5090-SL3061-suitesparse_sample_100-fp32-n32-row-major-cuSPARSE-SpMM-CSR-pre-plus-solve,cuSPARSE-SpMM-CSR-best-pre-plus-solve,cuSPARSE CUDA 12.8 CSR PER MATRIX BEST,per-matrix-best,cuSPARSE-SpMM-CSR,best,pre-plus-solve,"csr-alg1,csr-alg2,csr-alg3,csr-default",manual-selection,csr,CUSPARSE_SPMM_CSR_ALG2,library-preprocess,spmm.csr.fp32,fp32,RTX5090-SL3061,RTX 5090,,104800.0,a8b026d9-52e8-5636-b12f-26c4acef3e68,suitesparse_sample_100,CPM/cz10228,cz10228,10228,10228,102876,32,row-major,N,N,1.0,0.0,20260922,main,pass,pass,0,0,6584064.0,1.069836,0.0107327997684,1.08056879977,0.0642245997684,613.4526071552273,6.0931464996966636,102.5162324676644,0.585355541178652,0.005814071087496817,0.09782083250731335,cuSPARSE 12.5.8,CUDA,12080,13020,2026-09-22T17:20:10.728601+00:00,derived,csr-alg2,0,0,,,,5,20,4,true
3,RTX5090-SL3061-suitesparse_sample_100-fp32-n32-row-major-cuSPARSE-SpMM-CSR-pre-plus-solve,cuSPARSE-SpMM-CSR-best-pre-plus-solve,cuSPARSE CUDA 12.8 CSR PER MATRIX BEST,per-matrix-best,cuSPARSE-SpMM-CSR,best,pre-plus-solve,"csr-alg1,csr-alg2,csr-alg3,csr-default",manual-selection,csr,CUSPARSE_SPMM_CSR_ALG1,library-preprocess,spmm.csr.fp32,fp32,RTX5090-SL3061,RTX 5090,,104800.0,a8b026d9-52e8-5636-b12f-26c4acef3e68,suitesparse_sample_100,DIMACS10/ar2010,ar2010,186211,186211,904310,32,row-major,N,N,1.0,0.0,20260922,main,pass,pass,0,0,57875840.0,1.611364,0.132055997849,1.74341999785,0.212624197849,438.2674088471043,33.196728310661214,272.1978052615717,0.4181940924113591,0.03167626747200497,0.2597307302114234,cuSPARSE 12.5.8,CUDA,12080,13020,2026-09-22T16:08:28.197529+00:00,derived,csr-alg1,0,0,,,,5,20,4,true
3,RTX5090-SL3061-suitesparse_sample_100-fp32-n32-row-major-cuSPARSE-SpMM-CSR-pre-plus-solve,cuSPARSE-SpMM-CSR-best-pre-plus-solve,cuSPARSE CUDA 12.8 CSR PER MATRIX BEST,per-matrix-best,cuSPARSE-SpMM-CSR,best,pre-plus-solve,"csr-alg1,csr-alg2,csr-alg3,csr-default",manual-selection,csr,CUSPARSE_SPMM_CSR_ALG2,library-preprocess,spmm.csr.fp32,fp32,RTX5090-SL3061,RTX 5090,,104800.0,a8b026d9-52e8-5636-b12f-26c4acef3e68,suitesparse_sample_100,DIMACS10/coPapersCiteseer,coPapersCiteseer,434102,434102,32073440,32,row-major,N,N,1.0,0.0,20260922,main,pass,pass,0,0,2052700160.0,1.955022,1.59722557068,3.55224757068,1.69497667068,1285.1661015707925,577.8595436148206,1211.0492111826452,1.226303532033199,0.5513926942889509,1.1555813083803868,cuSPARSE 12.5.8,CUDA,12080,13020,2026-09-22T18:32:17.017302+00:00,derived,csr-alg2,0,0,,,,5,20,4,true
3,RTX5090-SL3061-suitesparse_sample_100-fp32-n32-row-major-cuSPARSE-SpMM-CSR-pre-plus-solve,cuSPARSE-SpMM-CSR-best-pre-plus-solve,cuSPARSE CUDA 12.8 CSR PER MATRIX BEST,per-matrix-best,cuSPARSE-SpMM-CSR,best,pre-plus-solve,"csr-alg1,csr-alg2,csr-alg3,csr-default",manual-selection,csr,CUSPARSE_SPMM_CSR_ALG1,library-preprocess,spmm.csr.fp32,fp32,RTX5090-SL3061,RTX 5090,,104800.0,a8b026d9-52e8-5636-b12f-26c4acef3e68,suitesparse_sample_100,DIMACS10/great-britain_osm,great-britain_osm,7733822,7733822,16313034,32,row-major,N,N,1.0,0.0,20260922,main,pass,pass,0,0,1044034176.0,1.823077,3.36697616577,5.19005316577,3.45813001577,310.0806553411517,201.16059366900654,301.90714959788215,0.2958784879209463,0.19194713136355585,0.2880793412193532,cuSPARSE 12.5.8,CUDA,12080,13020,2026-09-22T16:20:42.613836+00:00,derived,csr-alg1,0,0,,,,5,20,4,true
3,RTX5090-SL3061-suitesparse_sample_100-fp32-n32-row-major-cuSPARSE-SpMM-CSR-pre-plus-solve,cuSPARSE-SpMM-CSR-best-pre-plus-solve,cuSPARSE CUDA 12.8 CSR PER MATRIX BEST,per-matrix-best,cuSPARSE-SpMM-CSR,best,pre-plus-solve,"csr-alg1,csr-alg2,csr-alg3,csr-default",manual-selection,csr,CUSPARSE_SPMM_CSR_ALG2,library-preprocess,spmm.csr.fp32,fp32,RTX5090-SL3061,RTX 5090,,104800.0,a8b026d9-52e8-5636-b12f-26c4acef3e68,suitesparse_sample_100,DIMACS10/hugetrace-00010,hugetrace-00010,12057441,12057441,36164358,32,row-major,N,N,1.0,0.0,20260922,main,pass,pass,0,0,2314518912.0,1.756173,4.23831214905,5.99448514905,4.32612079905,546.0944901188531,386.10804004857744,535.0102365399182,0.5210825287393637,0.36842370233642885,0.5105059508968686,cuSPARSE 12.5.8,CUDA,12080,13020,2026-09-22T18:38:23.117257+00:00,derived,csr-alg2,0,0,,,,5,20,4,true
3,RTX5090-SL3061-suitesparse_sample_100-fp32-n32-row-major-cuSPARSE-SpMM-CSR-pre-plus-solve,cuSPARSE-SpMM-CSR-best-pre-plus-solve,cuSPARSE CUDA 12.8 CSR PER MATRIX BEST,per-matrix-best,cuSPARSE-SpMM-CSR,best,pre-plus-solve,"csr-alg1,csr-alg2,csr-alg3,csr-default",manual-selection,csr,CUSPARSE_SPMM_CSR_ALG2,library-preprocess,spmm.csr.fp32,fp32,RTX5090-SL3061,RTX 5090,,104800.0,a8b026d9-52e8-5636-b12f-26c4acef3e68,suitesparse_sample_100,DIMACS10/in2010,in2010,267071,267071,1281716,32,row-major,N,N,1.0,0.0,20260922,main,pass,pass,0,0,82029824.0,1.569722,0.0890352010727,1.65875720107,0.167521301073,921.3190177783742,49.452580490433284,489.66802116856906,0.8791212001702045,0.04718757680384855,0.4672404782142835,cuSPARSE 12.5.8,CUDA,12080,13020,2026-09-22T17:21:59.829503+00:00,derived,csr-alg2,0,0,,,,5,20,4,true
3,RTX5090-SL3061-suitesparse_sample_100-fp32-n32-row-major-cuSPARSE-SpMM-CSR-pre-plus-solve,cuSPARSE-SpMM-CSR-best-pre-plus-solve,cuSPARSE CUDA 12.8 CSR PER MATRIX BEST,per-matrix-best,cuSPARSE-SpMM-CSR,best,pre-plus-solve,"csr-alg1,csr-alg2,csr-alg3,csr-default",manual-selection,csr,CUSPARSE_SPMM_CSR_ALG2,library-preprocess,spmm.csr.fp32,fp32,RTX5090-SL3061,RTX 5090,,104800.0,a8b026d9-52e8-5636-b12f-26c4acef3e68,suitesparse_sample_100,DIMACS10/M6,M6,3501776,3501776,21003872,32,row-major,N,N,1.0,0.0,20260922,main,pass,pass,0,0,1344247808.0,2.00665,2.03468799591,4.04133799591,2.13502049591,660.6653259379921,332.6244450131204,629.6182217337672,0.6304058453606795,0.3173897376079393,0.6007807459291672,cuSPARSE 12.5.8,CUDA,12080,13020,2026-09-22T17:37:07.424720+00:00,derived,csr-alg2,0,0,,,,5,20,4,true
3,RTX5090-SL3061-suitesparse_sample_100-fp32-n32-row-major-cuSPARSE-SpMM-CSR-pre-plus-solve,cuSPARSE-SpMM-CSR-best-pre-plus-solve,cuSPARSE CUDA 12.8 CSR PER MATRIX BEST,per-matrix-best,cuSPARSE-SpMM-CSR,best,pre-plus-solve,"csr-alg1,csr-alg2,csr-alg3,csr-default",manual-selection,csr,CUSPARSE_SPMM_CSR_ALG3,library-preprocess,spmm.csr.fp32,fp32,RTX5090-SL3061,RTX 5090,,104800.0,a8b026d9-52e8-5636-b12f-26c4acef3e68,suitesparse_sample_100,DRIVCAV/cavity03,cavity03,317,317,7327,32,row-major,N,N,1.0,0.0,20260922,main,pass,pass,0,0,468928.0,1.547112,0.00433759987354,1.55144959987,0.0816931998735,108.10771248416205,0.3022515201520518,5.740110568886076,0.10315621420244471,0.0002884079390763853,0.005477204741303507,cuSPARSE 12.5.8,CUDA,12080,13020,2026-09-22T19:20:10.099264+00:00,derived,csr-alg3,0,0,,,,5,20,4,true
3,RTX5090-SL3061-suitesparse_sample_100-fp32-n32-row-major-cuSPARSE-SpMM-CSR-pre-plus-solve,cuSPARSE-SpMM-CSR-best-pre-plus-solve,cuSPARSE CUDA 12.8 CSR PER MATRIX BEST,per-matrix-best,cuSPARSE-SpMM-CSR,best,pre-plus-solve,"csr-alg1,csr-alg2,csr-alg3,csr-default",manual-selection,csr,CUSPARSE_SPMM_CSR_ALG2,library-preprocess,spmm.csr.fp32,fp32,RTX5090-SL3061,RTX 5090,,104800.0,a8b026d9-52e8-5636-b12f-26c4acef3e68,suitesparse_sample_100,DRIVCAV/cavity20,cavity20,4562,4562,138187,32,row-major,N,N,1.0,0.0,20260922,main,pass,pass,0,0,8843968.0,1.120211,0.0116672001779,1.13187820018,0.0676777501779,758.0197361104882,7.813533292357396,130.67763004462248,0.7233012749145881,0.007455661538508965,0.12469239508074664,cuSPARSE 12.5.8,CUDA,12080,13020,2026-09-22T17:20:11.699852+00:00,derived,csr-alg2,0,0,,,,5,20,4,true
3,RTX5090-SL3061-suitesparse_sample_100-fp32-n32-row-major-cuSPARSE-SpMM-CSR-pre-plus-solve,cuSPARSE-SpMM-CSR-best-pre-plus-solve,cuSPARSE CUDA 12.8 CSR PER MATRIX BEST,per-matrix-best,cuSPARSE-SpMM-CSR,best,pre-plus-solve,"csr-alg1,csr-alg2,csr-alg3,csr-default",manual-selection,csr,CUSPARSE_SPMM_CSR_ALG1,library-preprocess,spmm.csr.fp32,fp32,RTX5090-SL3061,RTX 5090,,104800.0,a8b026d9-52e8-5636-b12f-26c4acef3e68,suitesparse_sample_100,Embree/ifiss_mat,ifiss_mat,96307,96307,3599932,32,row-major,N,N,1.0,0.0,20260922,main,pass,pass,0,0,230395648.0,1.187102,0.324024009705,1.5111260097,0.383379109705,711.0449877148247,152.4662050160462,600.9603605613339,0.678478041712619,0.14548302005347918,0.5734354585508911,cuSPARSE 12.5.8,CUDA,12080,13020,2026-09-22T16:10:52.442361+00:00,derived,csr-alg1,0,0,,,,5,20,4,true
3,RTX5090-SL3061-suitesparse_sample_100-fp32-n32-row-major-cuSPARSE-SpMM-CSR-pre-plus-solve,cuSPARSE-SpMM-CSR-best-pre-plus-solve,cuSPARSE CUDA 12.8 CSR PER MATRIX BEST,per-matrix-best,cuSPARSE-SpMM-CSR,best,pre-plus-solve,"csr-alg1,csr-alg2,csr-alg3,csr-default",manual-selection,csr,CUSPARSE_SPMM_CSR_ALG3,library-preprocess,spmm.csr.fp32,fp32,RTX5090-SL3061,RTX 5090,,104800.0,a8b026d9-52e8-5636-b12f-26c4acef3e68,suitesparse_sample_100,FEMLAB/poisson2D,poisson2D,367,367,2417,32,row-major,N,N,1.0,0.0,20260922,main,pass,pass,0,0,154688.0,0.970546,0.00394399985671,0.974489999857,0.0524712998567,39.221096759632594,0.15873739086363065,2.9480497037896054,0.03742471064850438,0.00015146697601491472,0.0028130245265167993,cuSPARSE 12.5.8,CUDA,12080,13020,2026-09-22T19:20:04.988708+00:00,derived,csr-alg3,0,0,,,,5,20,4,true
3,RTX5090-SL3061-suitesparse_sample_100-fp32-n32-row-major-cuSPARSE-SpMM-CSR-pre-plus-solve,cuSPARSE-SpMM-CSR-best-pre-plus-solve,cuSPARSE CUDA 12.8 CSR PER MATRIX BEST,per-matrix-best,cuSPARSE-SpMM-CSR,best,pre-plus-solve,"csr-alg1,csr-alg2,csr-alg3,csr-default",manual-selection,csr,CUSPARSE_SPMM_CSR_ALG2,library-preprocess,spmm.csr.fp32,fp32,RTX5090-SL3061,RTX 5090,,104800.0,a8b026d9-52e8-5636-b12f-26c4acef3e68,suitesparse_sample_100,FlowIPM22/Spielman_k100,Spielman_k100,338402,338402,1025404,32,row-major,N,N,1.0,0.0,20260922,main,pass,pass,0,0,65625856.0,1.387831,0.0777791976929,1.46561019769,0.147170747693,843.7456022510579,44.77715568807806,445.9164407922717,0.8051007655067346,0.04272629359549433,0.4254927870155264,cuSPARSE 12.5.8,CUDA,12080,13020,2026-09-22T17:21:33.916169+00:00,derived,csr-alg2,0,0,,,,5,20,4,true
3,RTX5090-SL3061-suitesparse_sample_100-fp32-n32-row-major-cuSPARSE-SpMM-CSR-pre-plus-solve,cuSPARSE-SpMM-CSR-best-pre-plus-solve,cuSPARSE CUDA 12.8 CSR PER MATRIX BEST,per-matrix-best,cuSPARSE-SpMM-CSR,best,pre-plus-solve,"csr-alg1,csr-alg2,csr-alg3,csr-default",manual-selection,csr,CUSPARSE_SPMM_CSR_ALG2,library-preprocess,spmm.csr.fp32,fp32,RTX5090-SL3061,RTX 5090,,104800.0,a8b026d9-52e8-5636-b12f-26c4acef3e68,suitesparse_sample_100,FlowIPM22/Spielman_k400,Spielman_k400,21413602,21413602,64401604,32,row-major,N,N,1.0,0.0,20260922,main,pass,pass,0,0,4121702656.0,2.019664,5.91840171814,7.93806571814,6.01938491814,696.4215766846161,519.232619425299,684.7381770816565,0.6645244052334123,0.495450972734064,0.6533761231695195,cuSPARSE 12.5.8,CUDA,12080,13020,2026-09-22T19:01:27.348252+00:00,derived,csr-alg2,0,0,,,,5,20,4,true
3,RTX5090-SL3061-suitesparse_sample_100-fp32-n32-row-major-cuSPARSE-SpMM-CSR-pre-plus-solve,cuSPARSE-SpMM-CSR-best-pre-plus-solve,cuSPARSE CUDA 12.8 CSR PER MATRIX BEST,per-matrix-best,cuSPARSE-SpMM-CSR,best,pre-plus-solve,"csr-alg1,csr-alg2,csr-alg3,csr-default",manual-selection,csr,CUSPARSE_SPMM_CSR_ALG2,library-preprocess,spmm.csr.fp32,fp32,RTX5090-SL3061,RTX 5090,,104800.0,a8b026d9-52e8-5636-b12f-26c4acef3e68,suitesparse_sample_100,Freescale/Freescale2,Freescale2,2999349,2999349,23042677,32,row-major,N,N,1.0,0.0,20260922,main,pass,pass,0,0,1474731328.0,1.694352,1.40966558456,3.10401758456,1.49438318456,1046.1568645447985,475.104050742369,986.8495197463118,0.9982412829625941,0.45334355986867264,0.9416503051014425,cuSPARSE 12.5.8,CUDA,12080,13020,2026-09-22T17:29:14.421973+00:00,derived,csr-alg2,0,0,,,,5,20,4,true
3,RTX5090-SL3061-suitesparse_sample_100-fp32-n32-row-major-cuSPARSE-SpMM-CSR-pre-plus-solve,cuSPARSE-SpMM-CSR-best-pre-plus-solve,cuSPARSE CUDA 12.8 CSR PER MATRIX BEST,per-matrix-best,cuSPARSE-SpMM-CSR,best,pre-plus-solve,"csr-alg1,csr-alg2,csr-alg3,csr-default",manual-selection,csr,CUSPARSE_SPMM_CSR_ALG1,library-preprocess,spmm.csr.fp32,fp32,RTX5090-SL3061,RTX 5090,,104800.0,a8b026d9-52e8-5636-b12f-26c4acef3e68,suitesparse_sample_100,Gaertner/big,big,13209,13209,91465,32,row-major,N,N,1.0,0.0,20260922,main,pass,pass,0,0,5853760.0,1.554129,0.0156575992703,1.56978659927,0.0933640492703,373.8606346314956,3.729016417086362,62.69822319994574,0.35673724678577823,0.0035582217720289714,0.05982654885491005,cuSPARSE 12.5.8,CUDA,12080,13020,2026-09-22T16:07:17.684106+00:00,derived,csr-alg1,0,0,,,,5,20,4,true
3,RTX5090-SL3061-suitesparse_sample_100-fp32-n32-row-major-cuSPARSE-SpMM-CSR-pre-plus-solve,cuSPARSE-SpMM-CSR-best-pre-plus-solve,cuSPARSE CUDA 12.8 CSR PER MATRIX BEST,per-matrix-best,cuSPARSE-SpMM-CSR,best,pre-plus-solve,"csr-alg1,csr-alg2,csr-alg3,csr-default",manual-selection,csr,CUSPARSE_SPMM_CSR_ALG2,library-preprocess,spmm.csr.fp32,fp32,RTX5090-SL3061,RTX 5090,,104800.0,a8b026d9-52e8-5636-b12f-26c4acef3e68,suitesparse_sample_100,GHS_psdef/inline_1,inline_1,503712,503712,36816342,32,row-major,N,N,1.0,0.0,20260922,main,pass,pass,0,0,2356245888.0,1.95803,1.44972000122,3.40775000122,1.54762150122,1625.3110159321252,691.4374256199682,1522.4949292463023,1.55086929001157,0.6597685358969162,1.4527623370670824,cuSPARSE 12.5.8,CUDA,12080,13020,2026-09-22T18:43:41.625179+00:00,derived,csr-alg2,0,0,,,,5,20,4,true
3,RTX5090-SL3061-suitesparse_sample_100-fp32-n32-row-major-cuSPARSE-SpMM-CSR-pre-plus-solve,cuSPARSE-SpMM-CSR-best-pre-plus-solve,cuSPARSE CUDA 12.8 CSR PER MATRIX BEST,per-matrix-best,cuSPARSE-SpMM-CSR,best,pre-plus-solve,"csr-alg1,csr-alg2,csr-alg3,csr-default",manual-selection,csr,CUSPARSE_SPMM_CSR_ALG2,library-preprocess,spmm.csr.fp32,fp32,RTX5090-SL3061,RTX 5090,,104800.0,a8b026d9-52e8-5636-b12f-26c4acef3e68,suitesparse_sample_100,GHS_psdef/wathen120,wathen120,36441,36441,565761,32,row-major,N,N,1.0,0.0,20260922,main,pass,pass,0,0,36208704.0,1.678341,0.0285216003656,1.70686260037,0.112438650366,1269.5186643057884,21.21360207444405,322.03075972663083,1.211372771284149,0.020241986712255775,0.30728125928113625,cuSPARSE 12.5.8,CUDA,12080,13020,2026-09-22T17:20:36.421939+00:00,derived,csr-alg2,0,0,,,,5,20,4,true
3,RTX5090-SL3061-suitesparse_sample_100-fp32-n32-row-major-cuSPARSE-SpMM-CSR-pre-plus-solve,cuSPARSE-SpMM-CSR-best-pre-plus-solve,cuSPARSE CUDA 12.8 CSR PER MATRIX BEST,per-matrix-best,cuSPARSE-SpMM-CSR,best,pre-plus-solve,"csr-alg1,csr-alg2,csr-alg3,csr-default",manual-selection,csr,CUSPARSE_SPMM_CSR_ALG1,library-preprocess,spmm.csr.fp32,fp32,RTX5090-SL3061,RTX 5090,,104800.0,a8b026d9-52e8-5636-b12f-26c4acef3e68,suitesparse_sample_100,Gleich/minnesota,minnesota,2642,2642,6606,32,row-major,N,N,1.0,0.0,20260922,main,pass,pass,0,0,422784.0,1.110933,0.00986559987068,1.12079859987,0.0654122498707,42.85436319554069,0.37721674531806,6.463376520998965,0.04089156793467623,0.0003599396424790649,0.0061673440085868,cuSPARSE 12.5.8,CUDA,12080,13020,2026-09-22T16:07:02.765822+00:00,derived,csr-alg1,0,0,,,,5,20,4,true
3,RTX5090-SL3061-suitesparse_sample_100-fp32-n32-row-major-cuSPARSE-SpMM-CSR-pre-plus-solve,cuSPARSE-SpMM-CSR-best-pre-plus-solve,cuSPARSE CUDA 12.8 CSR PER MATRIX BEST,per-matrix-best,cuSPARSE-SpMM-CSR,best,pre-plus-solve,"csr-alg1,csr-alg2,csr-alg3,csr-default",manual-selection,csr,CUSPARSE_SPMM_CSR_ALG2,library-preprocess,spmm.csr.fp32,fp32,RTX5090-SL3061,RTX 5090,,104800.0,a8b026d9-52e8-5636-b12f-26c4acef3e68,suitesparse_sample_100,Gleich/wikipedia-20060925,wikipedia-20060925,2983494,2983494,37269096,32,row-major,N,N,1.0,0.0,20260922,main,pass,pass,0,0,2385222144.0,1.986467,2.06969432831,4.05616132831,2.16901767831,1152.4514085843985,588.0491309239426,1099.678517078043,1.0996673746034338,0.5611155829426933,1.0493115620973692,cuSPARSE 12.5.8,CUDA,12080,13020,2026-09-22T18:46:58.814457+00:00,derived,csr-alg2,0,0,,,,5,20,4,true
3,RTX5090-SL3061-suitesparse_sample_100-fp32-n32-row-major-cuSPARSE-SpMM-CSR-pre-plus-solve,cuSPARSE-SpMM-CSR-best-pre-plus-solve,cuSPARSE CUDA 12.8 CSR PER MATRIX BEST,per-matrix-best,cuSPARSE-SpMM-CSR,best,pre-plus-solve,"csr-alg1,csr-alg2,csr-alg3,csr-default",manual-selection,csr,CUSPARSE_SPMM_CSR_ALG2,library-preprocess,spmm.csr.fp32,fp32,RTX5090-SL3061,RTX 5090,,104800.0,a8b026d9-52e8-5636-b12f-26c4acef3e68,suitesparse_sample_100,Gleich/wikipedia-20070206,wikipedia-20070206,3566907,3566907,45030389,32,row-major,N,N,1.0,0.0,20260922,main,pass,pass,0,0,2881944896.0,1.403461,2.54139842987,3.94485942987,2.61157147987,1133.999636628177,730.5570571610893,1103.5290124027006,1.0820607219734515,0.6970964285888257,1.0529856988575388,cuSPARSE 12.5.8,CUDA,12080,13020,2026-09-22T18:50:28.600055+00:00,derived,csr-alg2,0,0,,,,5,20,4,true
3,RTX5090-SL3061-suitesparse_sample_100-fp32-n32-row-major-cuSPARSE-SpMM-CSR-pre-plus-solve,cuSPARSE-SpMM-CSR-best-pre-plus-solve,cuSPARSE CUDA 12.8 CSR PER MATRIX BEST,per-matrix-best,cuSPARSE-SpMM-CSR,best,pre-plus-solve,"csr-alg1,csr-alg2,csr-alg3,csr-default",manual-selection,csr,CUSPARSE_SPMM_CSR_ALG1,library-preprocess,spmm.csr.fp32,fp32,RTX5090-SL3061,RTX 5090,,104800.0,a8b026d9-52e8-5636-b12f-26c4acef3e68,suitesparse_sample_100,Grund/b_dyn,b_dyn,1089,1089,4264,32,row-major,N,N,1.0,0.0,20260922,main,pass,pass,0,0,272896.0,1.100298,0.0104528002441,1.11075080024,0.0654677002441,26.10745385228556,0.24568607102604414,4.168406694942574,0.024911692607142707,0.00023443327387981313,0.003977487304334517,cuSPARSE 12.5.8,CUDA,12080,13020,2026-09-22T16:07:00.317859+00:00,derived,csr-alg1,0,0,,,,5,20,4,true
3,RTX5090-SL3061-suitesparse_sample_100-fp32-n32-row-major-cuSPARSE-SpMM-CSR-pre-plus-solve,cuSPARSE-SpMM-CSR-best-pre-plus-solve,cuSPARSE CUDA 12.8 CSR PER MATRIX BEST,per-matrix-best,cuSPARSE-SpMM-CSR,best,pre-plus-solve,"csr-alg1,csr-alg2,csr-alg3,csr-default",manual-selection,csr,CUSPARSE_SPMM_CSR_ALG2,library-preprocess,spmm.csr.fp32,fp32,RTX5090-SL3061,RTX 5090,,104800.0,a8b026d9-52e8-5636-b12f-26c4acef3e68,suitesparse_sample_100,Gset/G3,G3,800,800,38352,32,row-major,N,N,1.0,0.0,20260922,main,pass,pass,0,0,2454528.0,1.55967,0.0129743993282,1.57264439933,0.0909578993282,189.18239973276116,1.56076478639781,26.985319781225577,0.1805175569969095,0.0014892793763337882,0.025749350936283947,cuSPARSE 12.5.8,CUDA,12080,13020,2026-09-22T17:19:58.533703+00:00,derived,csr-alg2,0,0,,,,5,20,4,true
3,RTX5090-SL3061-suitesparse_sample_100-fp32-n32-row-major-cuSPARSE-SpMM-CSR-pre-plus-solve,cuSPARSE-SpMM-CSR-best-pre-plus-solve,cuSPARSE CUDA 12.8 CSR PER MATRIX BEST,per-matrix-best,cuSPARSE-SpMM-CSR,best,pre-plus-solve,"csr-alg1,csr-alg2,csr-alg3,csr-default",manual-selection,csr,CUSPARSE_SPMM_CSR_ALG3,library-preprocess,spmm.csr.fp32,fp32,RTX5090-SL3061,RTX 5090,,104800.0,a8b026d9-52e8-5636-b12f-26c4acef3e68,suitesparse_sample_100,HB/bcsstm12,bcsstm12,1473,1473,19659,32,row-major,N,N,1.0,0.0,20260922,main,pass,pass,0,0,1258176.0,1.276601,0.00458719991148,1.28118819991,0.0684172499115,274.2797402073689,0.9820383922427504,18.389748223254994,0.26171730935817644,0.000937059534582777,0.01754746967867843,cuSPARSE 12.5.8,CUDA,12080,13020,2026-09-22T19:20:13.732012+00:00,derived,csr-alg3,0,0,,,,5,20,4,true
3,RTX5090-SL3061-suitesparse_sample_100-fp32-n32-row-major-cuSPARSE-SpMM-CSR-pre-plus-solve,cuSPARSE-SpMM-CSR-best-pre-plus-solve,cuSPARSE CUDA 12.8 CSR PER MATRIX BEST,per-matrix-best,cuSPARSE-SpMM-CSR,best,pre-plus-solve,"csr-alg1,csr-alg2,csr-alg3,csr-default",manual-selection,csr,CUSPARSE_SPMM_CSR_ALG1,library-preprocess,spmm.csr.fp32,fp32,RTX5090-SL3061,RTX 5090,,104800.0,a8b026d9-52e8-5636-b12f-26c4acef3e68,suitesparse_sample_100,HB/can_1054,can_1054,1054,1054,12196,32,row-major,N,N,1.0,0.0,20260922,main,pass,pass,0,0,780544.0,1.303642,0.0114607997239,1.31510279972,0.0766428997239,68.10554401123314,0.5935231832569944,10.184165823733812,0.06498620611758886,0.0005663389153215595,0.009717715480662035,cuSPARSE 12.5.8,CUDA,12080,13020,2026-09-22T16:07:05.833129+00:00,derived,csr-alg1,0,0,,,,5,20,4,true
3,RTX5090-SL3061-suitesparse_sample_100-fp32-n32-row-major-cuSPARSE-SpMM-CSR-pre-plus-solve,cuSPARSE-SpMM-CSR-best-pre-plus-solve,cuSPARSE CUDA 12.8 CSR PER MATRIX BEST,per-matrix-best,cuSPARSE-SpMM-CSR,best,pre-plus-solve,"csr-alg1,csr-alg2,csr-alg3,csr-default",manual-selection,csr,CUSPARSE_SPMM_CSR_ALG1,library-preprocess,spmm.csr.fp32,fp32,RTX5090-SL3061,RTX 5090,,104800.0,a8b026d9-52e8-5636-b12f-26c4acef3e68,suitesparse_sample_100,HB/dwt_361,dwt_361,361,361,2953,32,row-major,N,N,1.0,0.0,20260922,main,pass,pass,0,0,188992.0,1.311532,0.0121775999665,1.32370959997,0.0777541999665,15.519642665213837,0.14277451791864565,2.4306339732313655,0.014808819337036103,0.00013623522702160845,0.002319307226365807,cuSPARSE 12.5.8,CUDA,12080,13020,2026-09-22T16:06:59.138856+00:00,derived,csr-alg1,0,0,,,,5,20,4,true
3,RTX5090-SL3061-suitesparse_sample_100-fp32-n32-row-major-cuSPARSE-SpMM-CSR-pre-plus-solve,cuSPARSE-SpMM-CSR-best-pre-plus-solve,cuSPARSE CUDA 12.8 CSR PER MATRIX BEST,per-matrix-best,cuSPARSE-SpMM-CSR,best,pre-plus-solve,"csr-alg1,csr-alg2,csr-alg3,csr-default",manual-selection,csr,CUSPARSE_SPMM_CSR_ALG1,library-preprocess,spmm.csr.fp32,fp32,RTX5090-SL3061,RTX 5090,,104800.0,a8b026d9-52e8-5636-b12f-26c4acef3e68,suitesparse_sample_100,HB/dwt_419,dwt_419,419,419,3563,32,row-major,N,N,1.0,0.0,20260922,main,pass,pass,0,0,228032.0,1.033378,0.00983199998736,1.04320999999,0.0615008999874,23.192839736895593,0.21858686170779218,3.70778313889257,0.022130572268030148,0.00020857524972117575,0.0035379610103936734,cuSPARSE 12.5.8,CUDA,12080,13020,2026-09-22T16:06:59.765794+00:00,derived,csr-alg1,0,0,,,,5,20,4,true
3,RTX5090-SL3061-suitesparse_sample_100-fp32-n32-row-major-cuSPARSE-SpMM-CSR-pre-plus-solve,cuSPARSE-SpMM-CSR-best-pre-plus-solve,cuSPARSE CUDA 12.8 CSR PER MATRIX BEST,per-matrix-best,cuSPARSE-SpMM-CSR,best,pre-plus-solve,"csr-alg1,csr-alg2,csr-alg3,csr-default",manual-selection,csr,CUSPARSE_SPMM_CSR_ALG2,library-preprocess,spmm.csr.fp32,fp32,RTX5090-SL3061,RTX 5090,,104800.0,a8b026d9-52e8-5636-b12f-26c4acef3e68,suitesparse_sample_100,HB/dwt_87,dwt_87,87,87,541,32,row-major,N,N,1.0,0.0,20260922,main,pass,pass,0,0,34624.0,1.456481,0.0122447997332,1.46872579973,0.0850688497332,2.8276493494721717,0.02357417566053856,0.40701149843439366,0.0026981386922444385,2.2494442424178017e-05,0.00038836975041449775,cuSPARSE 12.5.8,CUDA,12080,13020,2026-09-22T17:19:44.125756+00:00,derived,csr-alg2,0,0,,,,5,20,4,true
3,RTX5090-SL3061-suitesparse_sample_100-fp32-n32-row-major-cuSPARSE-SpMM-CSR-pre-plus-solve,cuSPARSE-SpMM-CSR-best-pre-plus-solve,cuSPARSE CUDA 12.8 CSR PER MATRIX BEST,per-matrix-best,cuSPARSE-SpMM-CSR,best,pre-plus-solve,"csr-alg1,csr-alg2,csr-alg3,csr-default",manual-selection,csr,CUSPARSE_SPMM_CSR_ALG2,library-preprocess,spmm.csr.fp32,fp32,RTX5090-SL3061,RTX 5090,,104800.0,a8b026d9-52e8-5636-b12f-26c4acef3e68,suitesparse_sample_100,HB/gent113,gent113,113,113,655,32,row-major,N,N,1.0,0.0,20260922,main,pass,pass,0,0,41920.0,1.068817,0.0133855998516,1.08220259985,0.0668264498516,3.131723678038175,0.03873581527692723,0.6272965284418192,0.0029882859523265026,3.696165579859469e-05,0.0005985653897345602,cuSPARSE 12.5.8,CUDA,12080,13020,2026-09-22T17:19:44.693911+00:00,derived,csr-alg2,0,0,,,,5,20,4,true
3,RTX5090-SL3061-suitesparse_sample_100-fp32-n32-row-major-cuSPARSE-SpMM-CSR-pre-plus-solve,cuSPARSE-SpMM-CSR-best-pre-plus-solve,cuSPARSE CUDA 12.8 CSR PER MATRIX BEST,per-matrix-best,cuSPARSE-SpMM-CSR,best,pre-plus-solve,"csr-alg1,csr-alg2,csr-alg3,csr-default",manual-selection,csr,CUSPARSE_SPMM_CSR_ALG3,library-preprocess,spmm.csr.fp32,fp32,RTX5090-SL3061,RTX 5090,,104800.0,a8b026d9-52e8-5636-b12f-26c4acef3e68,suitesparse_sample_100,HB/lock3491,lock3491,3491,3491,160444,32,row-major,N,N,1.0,0.0,20260922,main,pass,pass,0,0,10268416.0,1.432513,0.00627840012312,1.43879140012,0.0779040501231,1635.5147487632876,7.136834428634742,131.8085001200114,1.560605676300847,0.006809956515872845,0.12577146958016353,cuSPARSE 12.5.8,CUDA,12080,13020,2026-09-22T19:20:31.852537+00:00,derived,csr-alg3,0,0,,,,5,20,4,true
3,RTX5090-SL3061-suitesparse_sample_100-fp32-n32-row-major-cuSPARSE-SpMM-CSR-pre-plus-solve,cuSPARSE-SpMM-CSR-best-pre-plus-solve,cuSPARSE CUDA 12.8 CSR PER MATRIX BEST,per-matrix-best,cuSPARSE-SpMM-CSR,best,pre-plus-solve,"csr-alg1,csr-alg2,csr-alg3,csr-default",manual-selection,csr,CUSPARSE_SPMM_CSR_ALG3,library-preprocess,spmm.csr.fp32,fp32,RTX5090-SL3061,RTX 5090,,104800.0,a8b026d9-52e8-5636-b12f-26c4acef3e68,suitesparse_sample_100,HB/west0067,west0067,67,67,294,32,row-major,N,N,1.0,0.0,20260922,main,pass,pass,0,0,18816.0,1.047388,0.00366879999638,1.0510568,0.0560381999964,5.128652425470377,0.017901982081272867,0.33577095626213505,0.004893752314380131,1.7082043970680216e-05,0.0003203921338379151,cuSPARSE 12.5.8,CUDA,12080,13020,2026-09-22T13:47:51.936819+00:00,derived,csr-alg3,0,0,,,,5,20,4,true
3,RTX5090-SL3061-suitesparse_sample_100-fp32-n32-row-major-cuSPARSE-SpMM-CSR-pre-plus-solve,cuSPARSE-SpMM-CSR-best-pre-plus-solve,cuSPARSE CUDA 12.8 CSR PER MATRIX BEST,per-matrix-best,cuSPARSE-SpMM-CSR,best,pre-plus-solve,"csr-alg1,csr-alg2,csr-alg3,csr-default",manual-selection,csr,CUSPARSE_SPMM_CSR_ALG3,library-preprocess,spmm.csr.fp32,fp32,RTX5090-SL3061,RTX 5090,,104800.0,a8b026d9-52e8-5636-b12f-26c4acef3e68,suitesparse_sample_100,HB/west0132,west0132,132,132,414,32,row-major,N,N,1.0,0.0,20260922,main,pass,pass,0,0,26496.0,1.075599,0.00352640002966,1.07912540003,0.0573063500297,7.513611552049195,0.024553216891441354,0.4623571381926784,0.007169476671802667,2.3428642071986023e-05,0.0004411804753746931,cuSPARSE 12.5.8,CUDA,12080,13020,2026-09-22T19:19:59.943549+00:00,derived,csr-alg3,0,0,,,,5,20,4,true
3,RTX5090-SL3061-suitesparse_sample_100-fp32-n32-row-major-cuSPARSE-SpMM-CSR-pre-plus-solve,cuSPARSE-SpMM-CSR-best-pre-plus-solve,cuSPARSE CUDA 12.8 CSR PER MATRIX BEST,per-matrix-best,cuSPARSE-SpMM-CSR,best,pre-plus-solve,"csr-alg1,csr-alg2,csr-alg3,csr-default",manual-selection,csr,CUSPARSE_SPMM_CSR_ALG3,library-preprocess,spmm.csr.fp32,fp32,RTX5090-SL3061,RTX 5090,,104800.0,a8b026d9-52e8-5636-b12f-26c4acef3e68,suitesparse_sample_100,HB/west0167,west0167,167,167,507,32,row-major,N,N,1.0,0.0,20260922,main,pass,pass,0,0,32448.0,0.84683,0.00376800000668,0.850598000007,0.0461095000067,8.611464952886257,0.03814727991334681,0.7037161538356543,0.00821704671076933,3.640007625319352e-05,0.000671484879614174,cuSPARSE 12.5.8,CUDA,12080,13020,2026-09-22T19:20:01.088148+00:00,derived,csr-alg3,0,0,,,,5,20,4,true
3,RTX5090-SL3061-suitesparse_sample_100-fp32-n32-row-major-cuSPARSE-SpMM-CSR-pre-plus-solve,cuSPARSE-SpMM-CSR-best-pre-plus-solve,cuSPARSE CUDA 12.8 CSR PER MATRIX BEST,per-matrix-best,cuSPARSE-SpMM-CSR,best,pre-plus-solve,"csr-alg1,csr-alg2,csr-alg3,csr-default",manual-selection,csr,CUSPARSE_SPMM_CSR_ALG2,library-preprocess,spmm.csr.fp32,fp32,RTX5090-SL3061,RTX 5090,,104800.0,a8b026d9-52e8-5636-b12f-26c4acef3e68,suitesparse_sample_100,HB/west0497,west0497,497,497,1727,32,row-major,N,N,1.0,0.0,20260922,main,pass,pass,0,0,110528.0,1.335697,0.0124335996807,1.34813059968,0.0792184496807,8.889461044138859,0.08198612213552274,1.3952305358852275,0.008482310156621048,7.823103257206369e-05,0.0013313268472187286,cuSPARSE 12.5.8,CUDA,12080,13020,2026-09-22T17:19:46.285844+00:00,derived,csr-alg2,0,0,,,,5,20,4,true
3,RTX5090-SL3061-suitesparse_sample_100-fp32-n32-row-major-cuSPARSE-SpMM-CSR-pre-plus-solve,cuSPARSE-SpMM-CSR-best-pre-plus-solve,cuSPARSE CUDA 12.8 CSR PER MATRIX BEST,per-matrix-best,cuSPARSE-SpMM-CSR,best,pre-plus-solve,"csr-alg1,csr-alg2,csr-alg3,csr-default",manual-selection,csr,CUSPARSE_SPMM_CSR_ALG1,library-preprocess,spmm.csr.fp32,fp32,RTX5090-SL3061,RTX 5090,,104800.0,a8b026d9-52e8-5636-b12f-26c4acef3e68,suitesparse_sample_100,Hollinger/mark3jac120,mark3jac120,54929,54929,342475,32,row-major,N,N,1.0,0.0,20260922,main,pass,pass,0,0,21918400.0,1.496715,0.0415055990219,1.53822059902,0.116341349022,528.0829699249729,14.24919157496929,188.39733408846118,0.5038959636688672,0.013596556846344742,0.17976844855769197,cuSPARSE 12.5.8,CUDA,12080,13020,2026-09-22T16:07:33.362569+00:00,derived,csr-alg1,0,0,,,,5,20,4,true
3,RTX5090-SL3061-suitesparse_sample_100-fp32-n32-row-major-cuSPARSE-SpMM-CSR-pre-plus-solve,cuSPARSE-SpMM-CSR-best-pre-plus-solve,cuSPARSE CUDA 12.8 CSR PER MATRIX BEST,per-matrix-best,cuSPARSE-SpMM-CSR,best,pre-plus-solve,"csr-alg1,csr-alg2,csr-alg3,csr-default",manual-selection,csr,CUSPARSE_SPMM_CSR_ALG2,library-preprocess,spmm.csr.fp32,fp32,RTX5090-SL3061,RTX 5090,,104800.0,a8b026d9-52e8-5636-b12f-26c4acef3e68,suitesparse_sample_100,IBM_EDA/trans5,trans5,116835,116835,766396,32,row-major,N,N,1.0,0.0,20260922,main,pass,pass,0,0,49049344.0,1.515265,0.0555296003819,1.57079460038,0.131292850382,883.3008640917168,31.22581653141295,373.58731916695876,0.8428443359653787,0.029795626461271898,0.3564764495867927,cuSPARSE 12.5.8,CUDA,12080,13020,2026-09-22T17:20:58.357933+00:00,derived,csr-alg2,0,0,,,,5,20,4,true
3,RTX5090-SL3061-suitesparse_sample_100-fp32-n32-row-major-cuSPARSE-SpMM-CSR-pre-plus-solve,cuSPARSE-SpMM-CSR-best-pre-plus-solve,cuSPARSE CUDA 12.8 CSR PER MATRIX BEST,per-matrix-best,cuSPARSE-SpMM-CSR,best,pre-plus-solve,"csr-alg1,csr-alg2,csr-alg3,csr-default",manual-selection,csr,CUSPARSE_SPMM_CSR_ALG3,library-preprocess,spmm.csr.fp32,fp32,RTX5090-SL3061,RTX 5090,,104800.0,a8b026d9-52e8-5636-b12f-26c4acef3e68,suitesparse_sample_100,JGD_GL6/GL6_D_7,GL6_D_7,636,470,5378,32,row-major,N,N,1.0,0.0,20260922,main,pass,pass,0,0,344192.0,1.222613,0.00364480018616,1.22625780019,0.0647754501862,94.43370896077171,0.28068486083975974,5.313618029833901,0.09010850091676689,0.00026782906568679365,0.00507024621167357,cuSPARSE 12.5.8,CUDA,12080,13020,2026-09-22T19:20:07.809725+00:00,derived,csr-alg3,0,0,,,,5,20,4,true
3,RTX5090-SL3061-suitesparse_sample_100-fp32-n32-row-major-cuSPARSE-SpMM-CSR-pre-plus-solve,cuSPARSE-SpMM-CSR-best-pre-plus-solve,cuSPARSE CUDA 12.8 CSR PER MATRIX BEST,per-matrix-best,cuSPARSE-SpMM-CSR,best,pre-plus-solve,"csr-alg1,csr-alg2,csr-alg3,csr-default",manual-selection,csr,CUSPARSE_SPMM_CSR_ALG2,library-preprocess,spmm.csr.fp32,fp32,RTX5090-SL3061,RTX 5090,,104800.0,a8b026d9-52e8-5636-b12f-26c4acef3e68,suitesparse_sample_100,JGD_GL7d/GL7d16,GL7d16,955128,460261,14488881,32,row-major,N,N,1.0,0.0,20260922,main,pass,pass,0,0,927288384.0,1.711921,0.676255989075,2.38817698907,0.761852039075,1371.209126396601,388.2829406044579,1217.1502292306836,1.3084056549585887,0.3704989891263911,1.1614028904872935,cuSPARSE 12.5.8,CUDA,12080,13020,2026-09-22T17:30:27.948635+00:00,derived,csr-alg2,0,0,,,,5,20,4,true
3,RTX5090-SL3061-suitesparse_sample_100-fp32-n32-row-major-cuSPARSE-SpMM-CSR-pre-plus-solve,cuSPARSE-SpMM-CSR-best-pre-plus-solve,cuSPARSE CUDA 12.8 CSR PER MATRIX BEST,per-matrix-best,cuSPARSE-SpMM-CSR,best,pre-plus-solve,"csr-alg1,csr-alg2,csr-alg3,csr-default",manual-selection,csr,CUSPARSE_SPMM_CSR_ALG1,library-preprocess,spmm.csr.fp32,fp32,RTX5090-SL3061,RTX 5090,,104800.0,a8b026d9-52e8-5636-b12f-26c4acef3e68,suitesparse_sample_100,JGD_Homology/ch5-5-b1,ch5-5-b1,200,25,400,32,row-major,N,N,1.0,0.0,20260922,main,pass,pass,0,0,25600.0,1.325998,0.0121055997908,1.33810359979,0.0784054997908,2.114723800753388,0.019131553045681687,0.3265077076009389,0.0020178662220929275,1.825529870771153e-05,0.0003115531561077661,cuSPARSE 12.5.8,CUDA,12080,13020,2026-09-22T16:06:52.624985+00:00,derived,csr-alg1,0,0,,,,5,20,4,true
3,RTX5090-SL3061-suitesparse_sample_100-fp32-n32-row-major-cuSPARSE-SpMM-CSR-pre-plus-solve,cuSPARSE-SpMM-CSR-best-pre-plus-solve,cuSPARSE CUDA 12.8 CSR PER MATRIX BEST,per-matrix-best,cuSPARSE-SpMM-CSR,best,pre-plus-solve,"csr-alg1,csr-alg2,csr-alg3,csr-default",manual-selection,csr,CUSPARSE_SPMM_CSR_ALG2,library-preprocess,spmm.csr.fp32,fp32,RTX5090-SL3061,RTX 5090,,104800.0,a8b026d9-52e8-5636-b12f-26c4acef3e68,suitesparse_sample_100,JGD_Homology/ch7-8-b3,ch7-8-b3,58800,11760,235200,32,row-major,N,N,1.0,0.0,20260922,main,pass,pass,0,0,15052800.0,1.032102,0.022150400281,1.05425240028,0.073755500281,679.5723693043991,14.278174748288087,204.09054162266622,0.64844691727519,0.013624212546076419,0.19474288322773495,cuSPARSE 12.5.8,CUDA,12080,13020,2026-09-22T17:20:17.751288+00:00,derived,csr-alg2,0,0,,,,5,20,4,true
3,RTX5090-SL3061-suitesparse_sample_100-fp32-n32-row-major-cuSPARSE-SpMM-CSR-pre-plus-solve,cuSPARSE-SpMM-CSR-best-pre-plus-solve,cuSPARSE CUDA 12.8 CSR PER MATRIX BEST,per-matrix-best,cuSPARSE-SpMM-CSR,best,pre-plus-solve,"csr-alg1,csr-alg2,csr-alg3,csr-default",manual-selection,csr,CUSPARSE_SPMM_CSR_ALG3,library-preprocess,spmm.csr.fp32,fp32,RTX5090-SL3061,RTX 5090,,104800.0,a8b026d9-52e8-5636-b12f-26c4acef3e68,suitesparse_sample_100,JGD_Homology/n3c6-b1,n3c6-b1,105,105,210,32,row-major,N,N,1.0,0.0,20260922,main,pass,pass,0,0,13440.0,1.081666,0.00402720011771,1.08569320012,0.0581105001177,3.3373062194988297,0.012379187783910315,0.2312835025129354,0.003184452499521784,1.1812202083883888e-05,0.00022069036499325895,cuSPARSE 12.5.8,CUDA,12080,13020,2026-09-22T13:47:51.060719+00:00,derived,csr-alg3,0,0,,,,5,20,4,true
3,RTX5090-SL3061-suitesparse_sample_100-fp32-n32-row-major-cuSPARSE-SpMM-CSR-pre-plus-solve,cuSPARSE-SpMM-CSR-best-pre-plus-solve,cuSPARSE CUDA 12.8 CSR PER MATRIX BEST,per-matrix-best,cuSPARSE-SpMM-CSR,best,pre-plus-solve,"csr-alg1,csr-alg2,csr-alg3,csr-default",manual-selection,csr,CUSPARSE_SPMM_CSR_ALG2,library-preprocess,spmm.csr.fp32,fp32,RTX5090-SL3061,RTX 5090,,104800.0,a8b026d9-52e8-5636-b12f-26c4acef3e68,suitesparse_sample_100,JGD_Homology/n4c6-b15,n4c6-b15,60,920,960,32,row-major,N,N,1.0,0.0,20260922,main,pass,pass,0,0,61440.0,1.331106,0.0124240003526,1.34353000035,0.0789793003526,4.945267084376917,0.045730277689366376,0.77792535165168,0.004718766301886372,4.3635761153975546e-05,0.0007422951828737404,cuSPARSE 12.5.8,CUDA,12080,13020,2026-09-22T17:19:45.201860+00:00,derived,csr-alg2,0,0,,,,5,20,4,true
3,RTX5090-SL3061-suitesparse_sample_100-fp32-n32-row-major-cuSPARSE-SpMM-CSR-pre-plus-solve,cuSPARSE-SpMM-CSR-best-pre-plus-solve,cuSPARSE CUDA 12.8 CSR PER MATRIX BEST,per-matrix-best,cuSPARSE-SpMM-CSR,best,pre-plus-solve,"csr-alg1,csr-alg2,csr-alg3,csr-default",manual-selection,csr,CUSPARSE_SPMM_CSR_ALG1,library-preprocess,spmm.csr.fp32,fp32,RTX5090-SL3061,RTX 5090,,104800.0,a8b026d9-52e8-5636-b12f-26c4acef3e68,suitesparse_sample_100,JGD_Margulies/flower_5_4,flower_5_4,5226,14721,43942,32,row-major,N,N,1.0,0.0,20260922,main,pass,pass,0,0,2812288.0,1.241709,0.0115471996367,1.25325619964,0.0736326496367,243.54718793133344,2.2439849097158544,38.193491798484715,0.23239235489631052,0.0021412069749197084,0.03644417156343961,cuSPARSE 12.5.8,CUDA,12080,13020,2026-09-22T16:07:11.882425+00:00,derived,csr-alg1,0,0,,,,5,20,4,true
3,RTX5090-SL3061-suitesparse_sample_100-fp32-n32-row-major-cuSPARSE-SpMM-CSR-pre-plus-solve,cuSPARSE-SpMM-CSR-best-pre-plus-solve,cuSPARSE CUDA 12.8 CSR PER MATRIX BEST,per-matrix-best,cuSPARSE-SpMM-CSR,best,pre-plus-solve,"csr-alg1,csr-alg2,csr-alg3,csr-default",manual-selection,csr,CUSPARSE_SPMM_CSR_ALG1,library-preprocess,spmm.csr.fp32,fp32,RTX5090-SL3061,RTX 5090,,104800.0,a8b026d9-52e8-5636-b12f-26c4acef3e68,suitesparse_sample_100,JGD_Margulies/flower_8_1,flower_8_1,625,513,1538,32,row-major,N,N,1.0,0.0,20260922,main,pass,pass,0,0,98432.0,1.060223,0.00959839969873,1.0698213997,0.0626095496987,10.255042828964907,0.0920078809674235,1.572156331960391,0.009785346210844377,8.779377954906822e-05,0.0015001491717179303,cuSPARSE 12.5.8,CUDA,12080,13020,2026-09-22T16:06:56.257776+00:00,derived,csr-alg1,0,0,,,,5,20,4,true
3,RTX5090-SL3061-suitesparse_sample_100-fp32-n32-row-major-cuSPARSE-SpMM-CSR-pre-plus-solve,cuSPARSE-SpMM-CSR-best-pre-plus-solve,cuSPARSE CUDA 12.8 CSR PER MATRIX BEST,per-matrix-best,cuSPARSE-SpMM-CSR,best,pre-plus-solve,"csr-alg1,csr-alg2,csr-alg3,csr-default",manual-selection,csr,CUSPARSE_SPMM_CSR_ALG2,library-preprocess,spmm.csr.fp32,fp32,RTX5090-SL3061,RTX 5090,,104800.0,a8b026d9-52e8-5636-b12f-26c4acef3e68,suitesparse_sample_100,LPnetlib/lp_osa_30,lp_osa_30,4350,104374,604488,32,row-major,N,N,1.0,0.0,20260922,main,pass,pass,0,0,38687232.0,1.526664,0.0375423997641,1.56420639976,0.113875599764,1030.494380835898,24.73281787233186,339.73241045647046,0.98329616491975,0.023600017053751775,0.3241721473821283,cuSPARSE 12.5.8,CUDA,12080,13020,2026-09-22T17:20:48.809969+00:00,derived,csr-alg2,0,0,,,,5,20,4,true
3,RTX5090-SL3061-suitesparse_sample_100-fp32-n32-row-major-cuSPARSE-SpMM-CSR-pre-plus-solve,cuSPARSE-SpMM-CSR-best-pre-plus-solve,cuSPARSE CUDA 12.8 CSR PER MATRIX BEST,per-matrix-best,cuSPARSE-SpMM-CSR,best,pre-plus-solve,"csr-alg1,csr-alg2,csr-alg3,csr-default",manual-selection,csr,CUSPARSE_SPMM_CSR_ALG1,library-preprocess,spmm.csr.fp32,fp32,RTX5090-SL3061,RTX 5090,,104800.0,a8b026d9-52e8-5636-b12f-26c4acef3e68,suitesparse_sample_100,LPnetlib/lpi_gosh,lpi_gosh,3792,13455,99953,32,row-major,N,N,1.0,0.0,20260922,main,pass,pass,0,0,6396992.0,0.999813,0.0153807997704,1.01519379977,0.0653714497704,415.9076312995678,6.301252038230817,97.85605218283746,0.3968584268125647,0.006012645074647726,0.09337409559431055,cuSPARSE 12.5.8,CUDA,12080,13020,2026-09-22T16:07:20.390059+00:00,derived,csr-alg1,0,0,,,,5,20,4,true
3,RTX5090-SL3061-suitesparse_sample_100-fp32-n32-row-major-cuSPARSE-SpMM-CSR-pre-plus-solve,cuSPARSE-SpMM-CSR-best-pre-plus-solve,cuSPARSE CUDA 12.8 CSR PER MATRIX BEST,per-matrix-best,cuSPARSE-SpMM-CSR,best,pre-plus-solve,"csr-alg1,csr-alg2,csr-alg3,csr-default",manual-selection,csr,CUSPARSE_SPMM_CSR_ALG1,library-preprocess,spmm.csr.fp32,fp32,RTX5090-SL3061,RTX 5090,,104800.0,a8b026d9-52e8-5636-b12f-26c4acef3e68,suitesparse_sample_100,Mallya/lhr07c,lhr07c,7337,7337,156508,32,row-major,N,N,1.0,0.0,20260922,main,pass,pass,0,0,10016512.0,1.543003,0.0220752000809,1.56507820008,0.0992253500809,453.745015369828,6.400007360327426,100.94710668023221,0.4329628009254084,0.006106877252220826,0.09632357507655745,cuSPARSE 12.5.8,CUDA,12080,13020,2026-09-22T16:07:24.097048+00:00,derived,csr-alg1,0,0,,,,5,20,4,true
3,RTX5090-SL3061-suitesparse_sample_100-fp32-n32-row-major-cuSPARSE-SpMM-CSR-pre-plus-solve,cuSPARSE-SpMM-CSR-best-pre-plus-solve,cuSPARSE CUDA 12.8 CSR PER MATRIX BEST,per-matrix-best,cuSPARSE-SpMM-CSR,best,pre-plus-solve,"csr-alg1,csr-alg2,csr-alg3,csr-default",manual-selection,csr,CUSPARSE_SPMM_CSR_ALG1,library-preprocess,spmm.csr.fp32,fp32,RTX5090-SL3061,RTX 5090,,104800.0,a8b026d9-52e8-5636-b12f-26c4acef3e68,suitesparse_sample_100,Mallya/lhr14c,lhr14c,14270,14270,307858,32,row-major,N,N,1.0,0.0,20260922,main,pass,pass,0,0,19702912.0,1.157354,0.0355120003223,1.19286600032,0.0933797003223,554.8240544373791,16.517288609713468,210.99780714647193,0.529412265684522,0.01576077157415407,0.2013337854451068,cuSPARSE 12.5.8,CUDA,12080,13020,2026-09-22T16:07:30.141295+00:00,derived,csr-alg1,0,0,,,,5,20,4,true
3,RTX5090-SL3061-suitesparse_sample_100-fp32-n32-row-major-cuSPARSE-SpMM-CSR-pre-plus-solve,cuSPARSE-SpMM-CSR-best-pre-plus-solve,cuSPARSE CUDA 12.8 CSR PER MATRIX BEST,per-matrix-best,cuSPARSE-SpMM-CSR,best,pre-plus-solve,"csr-alg1,csr-alg2,csr-alg3,csr-default",manual-selection,csr,CUSPARSE_SPMM_CSR_ALG1,library-preprocess,spmm.csr.fp32,fp32,RTX5090-SL3061,RTX 5090,,104800.0,a8b026d9-52e8-5636-b12f-26c4acef3e68,suitesparse_sample_100,Mallya/lhr17c,lhr17c,17576,17576,381975,32,row-major,N,N,1.0,0.0,20260922,main,pass,pass,0,0,24446400.0,1.253815,0.0427951991558,1.29661019916,0.105485949156,571.2416458444452,18.854085843098744,231.75029656174354,0.5450779063401195,0.01799053992662094,0.221135779161969,cuSPARSE 12.5.8,CUDA,12080,13020,2026-09-22T16:07:39.061437+00:00,derived,csr-alg1,0,0,,,,5,20,4,true
3,RTX5090-SL3061-suitesparse_sample_100-fp32-n32-row-major-cuSPARSE-SpMM-CSR-pre-plus-solve,cuSPARSE-SpMM-CSR-best-pre-plus-solve,cuSPARSE CUDA 12.8 CSR PER MATRIX BEST,per-matrix-best,cuSPARSE-SpMM-CSR,best,pre-plus-solve,"csr-alg1,csr-alg2,csr-alg3,csr-default",manual-selection,csr,CUSPARSE_SPMM_CSR_ALG1,library-preprocess,spmm.csr.fp32,fp32,RTX5090-SL3061,RTX 5090,,104800.0,a8b026d9-52e8-5636-b12f-26c4acef3e68,suitesparse_sample_100,Meszaros/ch,ch,3700,8291,24102,32,row-major,N,N,1.0,0.0,20260922,main,pass,pass,0,0,1542528.0,1.311095,0.011545599997,1.3226406,0.077100349997,133.60310424757566,1.1662487904877563,20.006757427949683,0.12748387809883174,0.0011128328153509127,0.01909041739308176,cuSPARSE 12.5.8,CUDA,12080,13020,2026-09-22T16:07:08.653902+00:00,derived,csr-alg1,0,0,,,,5,20,4,true
3,RTX5090-SL3061-suitesparse_sample_100-fp32-n32-row-major-cuSPARSE-SpMM-CSR-pre-plus-solve,cuSPARSE-SpMM-CSR-best-pre-plus-solve,cuSPARSE CUDA 12.8 CSR PER MATRIX BEST,per-matrix-best,cuSPARSE-SpMM-CSR,best,pre-plus-solve,"csr-alg1,csr-alg2,csr-alg3,csr-default",manual-selection,csr,CUSPARSE_SPMM_CSR_ALG1,library-preprocess,spmm.csr.fp32,fp32,RTX5090-SL3061,RTX 5090,,104800.0,a8b026d9-52e8-5636-b12f-26c4acef3e68,suitesparse_sample_100,Meszaros/nemsafm,nemsafm,334,2348,2826,32,row-major,N,N,1.0,0.0,20260922,main,pass,pass,0,0,180864.0,1.197479,0.009828799963,1.20730779996,0.069702749963,18.401432594096228,0.1498076961036716,2.5947900204225407,0.0175586188874964,0.0001429462749080836,0.0024759446759757067,cuSPARSE 12.5.8,CUDA,12080,13020,2026-09-22T16:06:58.581283+00:00,derived,csr-alg1,0,0,,,,5,20,4,true
3,RTX5090-SL3061-suitesparse_sample_100-fp32-n32-row-major-cuSPARSE-SpMM-CSR-pre-plus-solve,cuSPARSE-SpMM-CSR-best-pre-plus-solve,cuSPARSE CUDA 12.8 CSR PER MATRIX BEST,per-matrix-best,cuSPARSE-SpMM-CSR,best,pre-plus-solve,"csr-alg1,csr-alg2,csr-alg3,csr-default",manual-selection,csr,CUSPARSE_SPMM_CSR_ALG2,library-preprocess,spmm.csr.fp32,fp32,RTX5090-SL3061,RTX 5090,,104800.0,a8b026d9-52e8-5636-b12f-26c4acef3e68,suitesparse_sample_100,Meszaros/p0033,p0033,15,48,113,32,row-major,N,N,1.0,0.0,20260922,main,pass,pass,0,0,7232.0,1.023023,0.0100735999644,1.03309659996,0.0612247499644,0.7179161397670956,0.007000313426914785,0.11812216471615072,0.0006850344845105873,6.679688384460672e-06,0.00011271198923296826,cuSPARSE 12.5.8,CUDA,12080,13020,2026-09-22T13:47:40.244760+00:00,derived,csr-alg2,0,0,,,,5,20,4,true
3,RTX5090-SL3061-suitesparse_sample_100-fp32-n32-row-major-cuSPARSE-SpMM-CSR-pre-plus-solve,cuSPARSE-SpMM-CSR-best-pre-plus-solve,cuSPARSE CUDA 12.8 CSR PER MATRIX BEST,per-matrix-best,cuSPARSE-SpMM-CSR,best,pre-plus-solve,"csr-alg1,csr-alg2,csr-alg3,csr-default",manual-selection,csr,CUSPARSE_SPMM_CSR_ALG2,library-preprocess,spmm.csr.fp32,fp32,RTX5090-SL3061,RTX 5090,,104800.0,a8b026d9-52e8-5636-b12f-26c4acef3e68,suitesparse_sample_100,Meszaros/ts-palko,ts-palko,22002,47235,1076903,32,row-major,N,N,1.0,0.0,20260922,main,pass,pass,0,0,68921792.0,1.801146,0.0533712029457,1.85451720295,0.143428502946,1291.3666583479712,37.16427752213103,480.5306517488274,1.232220093843484,0.035462096872262434,0.4585216142641482,cuSPARSE 12.5.8,CUDA,12080,13020,2026-09-22T17:21:49.634269+00:00,derived,csr-alg2,0,0,,,,5,20,4,true
3,RTX5090-SL3061-suitesparse_sample_100-fp32-n32-row-major-cuSPARSE-SpMM-CSR-pre-plus-solve,cuSPARSE-SpMM-CSR-best-pre-plus-solve,cuSPARSE CUDA 12.8 CSR PER MATRIX BEST,per-matrix-best,cuSPARSE-SpMM-CSR,best,pre-plus-solve,"csr-alg1,csr-alg2,csr-alg3,csr-default",manual-selection,csr,CUSPARSE_SPMM_CSR_ALG1,library-preprocess,spmm.csr.fp32,fp32,RTX5090-SL3061,RTX 5090,,104800.0,a8b026d9-52e8-5636-b12f-26c4acef3e68,suitesparse_sample_100,Mittelmann/pds-50,pds-50,83060,275814,590833,32,row-major,N,N,1.0,0.0,20260922,main,pass,pass,0,0,37813312.0,1.344042,0.0804831981659,1.42452519817,0.147685298166,469.8286457510725,26.54450201974415,256.0397850671459,0.448309776480031,0.025328723301282587,0.24431277201063537,cuSPARSE 12.5.8,CUDA,12080,13020,2026-09-22T16:07:52.864108+00:00,derived,csr-alg1,0,0,,,,5,20,4,true
3,RTX5090-SL3061-suitesparse_sample_100-fp32-n32-row-major-cuSPARSE-SpMM-CSR-pre-plus-solve,cuSPARSE-SpMM-CSR-best-pre-plus-solve,cuSPARSE CUDA 12.8 CSR PER MATRIX BEST,per-matrix-best,cuSPARSE-SpMM-CSR,best,pre-plus-solve,"csr-alg1,csr-alg2,csr-alg3,csr-default",manual-selection,csr,CUSPARSE_SPMM_CSR_ALG1,library-preprocess,spmm.csr.fp32,fp32,RTX5090-SL3061,RTX 5090,,104800.0,a8b026d9-52e8-5636-b12f-26c4acef3e68,suitesparse_sample_100,Mycielski/mycielskian6,mycielskian6,47,47,472,32,row-major,N,N,1.0,0.0,20260922,main,pass,pass,0,0,30208.0,1.090256,0.00994879975915,1.10020479976,0.0644615997591,3.036346165497746,0.027456706248318145,0.46862007944094747,0.002897276875474949,2.6199147183509678e-05,0.00044715656435204913,cuSPARSE 12.5.8,CUDA,12080,13020,2026-09-22T16:06:53.613753+00:00,derived,csr-alg1,0,0,,,,5,20,4,true
3,RTX5090-SL3061-suitesparse_sample_100-fp32-n32-row-major-cuSPARSE-SpMM-CSR-pre-plus-solve,cuSPARSE-SpMM-CSR-best-pre-plus-solve,cuSPARSE CUDA 12.8 CSR PER MATRIX BEST,per-matrix-best,cuSPARSE-SpMM-CSR,best,pre-plus-solve,"csr-alg1,csr-alg2,csr-alg3,csr-default",manual-selection,csr,CUSPARSE_SPMM_CSR_ALG1,library-preprocess,spmm.csr.fp32,fp32,RTX5090-SL3061,RTX 5090,,104800.0,a8b026d9-52e8-5636-b12f-26c4acef3e68,suitesparse_sample_100,Nasa/barth5,barth5,15606,15606,61484,32,row-major,N,N,1.0,0.0,20260922,main,pass,pass,0,0,3934976.0,1.394853,0.0141855999827,1.40903859998,0.0839282499827,277.39228547251344,2.792667283959328,46.88499999477066,0.26468729529819984,0.002664758858739817,0.0447375954148575,cuSPARSE 12.5.8,CUDA,12080,13020,2026-09-22T16:07:16.360916+00:00,derived,csr-alg1,0,0,,,,5,20,4,true
3,RTX5090-SL3061-suitesparse_sample_100-fp32-n32-row-major-cuSPARSE-SpMM-CSR-pre-plus-solve,cuSPARSE-SpMM-CSR-best-pre-plus-solve,cuSPARSE CUDA 12.8 CSR PER MATRIX BEST,per-matrix-best,cuSPARSE-SpMM-CSR,best,pre-plus-solve,"csr-alg1,csr-alg2,csr-alg3,csr-default",manual-selection,csr,CUSPARSE_SPMM_CSR_ALG2,library-preprocess,spmm.csr.fp32,fp32,RTX5090-SL3061,RTX 5090,,104800.0,a8b026d9-52e8-5636-b12f-26c4acef3e68,suitesparse_sample_100,Nemeth/nemeth03,nemeth03,9506,9506,394808,32,row-major,N,N,1.0,0.0,20260922,main,pass,pass,0,0,25267712.0,1.450892,0.0201616004109,1.47105360041,0.0927062004109,1253.2592395958545,17.176608651756528,272.55687201078655,1.1958580530494796,0.016389893751676075,0.26007335115533065,cuSPARSE 12.5.8,CUDA,12080,13020,2026-09-22T17:20:30.105783+00:00,derived,csr-alg2,0,0,,,,5,20,4,true
3,RTX5090-SL3061-suitesparse_sample_100-fp32-n32-row-major-cuSPARSE-SpMM-CSR-pre-plus-solve,cuSPARSE-SpMM-CSR-best-pre-plus-solve,cuSPARSE CUDA 12.8 CSR PER MATRIX BEST,per-matrix-best,cuSPARSE-SpMM-CSR,best,pre-plus-solve,"csr-alg1,csr-alg2,csr-alg3,csr-default",manual-selection,csr,CUSPARSE_SPMM_CSR_ALG1,library-preprocess,spmm.csr.fp32,fp32,RTX5090-SL3061,RTX 5090,,104800.0,a8b026d9-52e8-5636-b12f-26c4acef3e68,suitesparse_sample_100,Newman/as-22july06,as-22july06,22963,22963,96872,32,row-major,N,N,1.0,0.0,20260922,main,pass,pass,0,0,6199808.0,1.412672,0.0233904004097,1.43606240041,0.0940240004097,265.0577968485285,4.317227439580575,65.93856858871105,0.25291774508447373,0.004119491831660854,0.06291848147777772,cuSPARSE 12.5.8,CUDA,12080,13020,2026-09-22T16:07:19.211119+00:00,derived,csr-alg1,0,0,,,,5,20,4,true
3,RTX5090-SL3061-suitesparse_sample_100-fp32-n32-row-major-cuSPARSE-SpMM-CSR-pre-plus-solve,cuSPARSE-SpMM-CSR-best-pre-plus-solve,cuSPARSE CUDA 12.8 CSR PER MATRIX BEST,per-matrix-best,cuSPARSE-SpMM-CSR,best,pre-plus-solve,"csr-alg1,csr-alg2,csr-alg3,csr-default",manual-selection,csr,CUSPARSE_SPMM_CSR_ALG2,library-preprocess,spmm.csr.fp32,fp32,RTX5090-SL3061,RTX 5090,,104800.0,a8b026d9-52e8-5636-b12f-26c4acef3e68,suitesparse_sample_100,Norris/heart2,heart2,2339,2339,682797,32,row-major,N,N,1.0,0.0,20260922,main,pass,pass,0,0,43699008.0,1.586075,0.0293520003557,1.61542700036,0.108655750356,1488.7914782787159,27.051057082902304,402.17851201454545,1.4206025556094617,0.025812077369181587,0.3837581221512838,cuSPARSE 12.5.8,CUDA,12080,13020,2026-09-22T17:20:52.450432+00:00,derived,csr-alg2,0,0,,,,5,20,4,true
3,RTX5090-SL3061-suitesparse_sample_100-fp32-n32-row-major-cuSPARSE-SpMM-CSR-pre-plus-solve,cuSPARSE-SpMM-CSR-best-pre-plus-solve,cuSPARSE CUDA 12.8 CSR PER MATRIX BEST,per-matrix-best,cuSPARSE-SpMM-CSR,best,pre-plus-solve,"csr-alg1,csr-alg2,csr-alg3,csr-default",manual-selection,csr,CUSPARSE_SPMM_CSR_ALG1,library-preprocess,spmm.csr.fp32,fp32,RTX5090-SL3061,RTX 5090,,104800.0,a8b026d9-52e8-5636-b12f-26c4acef3e68,suitesparse_sample_100,Norris/torso3,torso3,259156,259156,4429042,32,row-major,N,N,1.0,0.0,20260922,main,pass,pass,0,0,283458688.0,1.59556,0.362567996979,1.95812799698,0.442345996979,781.8083514315744,144.76004042492386,640.8076255598103,0.7460003353354717,0.13812980956576704,0.6114576579769182,cuSPARSE 12.5.8,CUDA,12080,13020,2026-09-22T16:11:34.278560+00:00,derived,csr-alg1,0,0,,,,5,20,4,true
3,RTX5090-SL3061-suitesparse_sample_100-fp32-n32-row-major-cuSPARSE-SpMM-CSR-pre-plus-solve,cuSPARSE-SpMM-CSR-best-pre-plus-solve,cuSPARSE CUDA 12.8 CSR PER MATRIX BEST,per-matrix-best,cuSPARSE-SpMM-CSR,best,pre-plus-solve,"csr-alg1,csr-alg2,csr-alg3,csr-default",manual-selection,csr,CUSPARSE_SPMM_CSR_ALG1,library-preprocess,spmm.csr.fp32,fp32,RTX5090-SL3061,RTX 5090,,104800.0,a8b026d9-52e8-5636-b12f-26c4acef3e68,suitesparse_sample_100,Oberwolfach/t2dah,t2dah,11445,11445,176117,32,row-major,N,N,1.0,0.0,20260922,main,pass,pass,0,0,11271488.0,1.40504,0.0203695997596,1.42540959976,0.0906215997596,553.3485258927512,7.907543208561111,124.3797067134202,0.5280043185999536,0.0075453656570239605,0.11868292625326356,cuSPARSE 12.5.8,CUDA,12080,13020,2026-09-22T16:07:26.972011+00:00,derived,csr-alg1,0,0,,,,5,20,4,true
3,RTX5090-SL3061-suitesparse_sample_100-fp32-n32-row-major-cuSPARSE-SpMM-CSR-pre-plus-solve,cuSPARSE-SpMM-CSR-best-pre-plus-solve,cuSPARSE CUDA 12.8 CSR PER MATRIX BEST,per-matrix-best,cuSPARSE-SpMM-CSR,best,pre-plus-solve,"csr-alg1,csr-alg2,csr-alg3,csr-default",manual-selection,csr,CUSPARSE_SPMM_CSR_ALG3,library-preprocess,spmm.csr.fp32,fp32,RTX5090-SL3061,RTX 5090,,104800.0,a8b026d9-52e8-5636-b12f-26c4acef3e68,suitesparse_sample_100,POLYFLOW/invextr1_new,invextr1_new,30412,30412,1793881,32,row-major,N,N,1.0,0.0,20260922,main,pass,pass,0,0,114808384.0,1.88545,0.0296384006739,1.91508840067,0.123910900674,3873.6362755599666,59.94939134915856,926.5398231754604,3.696217820190808,0.057203617699578775,0.8841028847094087,cuSPARSE 12.5.8,CUDA,12080,13020,2026-09-22T19:22:20.321719+00:00,derived,csr-alg3,0,0,,,,5,20,4,true
3,RTX5090-SL3061-suitesparse_sample_100-fp32-n32-row-major-cuSPARSE-SpMM-CSR-pre-plus-solve,cuSPARSE-SpMM-CSR-best-pre-plus-solve,cuSPARSE CUDA 12.8 CSR PER MATRIX BEST,per-matrix-best,cuSPARSE-SpMM-CSR,best,pre-plus-solve,"csr-alg1,csr-alg2,csr-alg3,csr-default",manual-selection,csr,CUSPARSE_SPMM_CSR_ALG1,library-preprocess,spmm.csr.fp32,fp32,RTX5090-SL3061,RTX 5090,,104800.0,a8b026d9-52e8-5636-b12f-26c4acef3e68,suitesparse_sample_100,QY/case39,case39,40216,40216,1042160,32,row-major,N,N,1.0,0.0,20260922,main,pass,pass,0,0,66698240.0,1.501354,0.132736003399,1.6340900034,0.207803703399,502.4879331307522,40.816748074599964,320.96752323963136,0.47947321863621395,0.03894727869713737,0.3062667206485032,cuSPARSE 12.5.8,CUDA,12080,13020,2026-09-22T16:08:56.601334+00:00,derived,csr-alg1,0,0,,,,5,20,4,true
3,RTX5090-SL3061-suitesparse_sample_100-fp32-n32-row-major-cuSPARSE-SpMM-CSR-pre-plus-solve,cuSPARSE-SpMM-CSR-best-pre-plus-solve,cuSPARSE CUDA 12.8 CSR PER MATRIX BEST,per-matrix-best,cuSPARSE-SpMM-CSR,best,pre-plus-solve,"csr-alg1,csr-alg2,csr-alg3,csr-default",manual-selection,csr,CUSPARSE_SPMM_CSR_ALG2,library-preprocess,spmm.csr.fp32,fp32,RTX5090-SL3061,RTX 5090,,104800.0,a8b026d9-52e8-5636-b12f-26c4acef3e68,suitesparse_sample_100,Rajat/rajat02,rajat02,1960,1960,11187,32,row-major,N,N,1.0,0.0,20260922,main,pass,pass,0,0,715968.0,1.070273,0.0101952001452,1.08046820015,0.0637088501452,70.22598770040673,0.6626460639013746,11.238124661930394,0.0670095302484797,0.0006322958625013116,0.01072340139497175,cuSPARSE 12.5.8,CUDA,12080,13020,2026-09-22T17:19:53.842398+00:00,derived,csr-alg2,0,0,,,,5,20,4,true
3,RTX5090-SL3061-suitesparse_sample_100-fp32-n32-row-major-cuSPARSE-SpMM-CSR-pre-plus-solve,cuSPARSE-SpMM-CSR-best-pre-plus-solve,cuSPARSE CUDA 12.8 CSR PER MATRIX BEST,per-matrix-best,cuSPARSE-SpMM-CSR,best,pre-plus-solve,"csr-alg1,csr-alg2,csr-alg3,csr-default",manual-selection,csr,CUSPARSE_SPMM_CSR_ALG2,library-preprocess,spmm.csr.fp32,fp32,RTX5090-SL3061,RTX 5090,,104800.0,a8b026d9-52e8-5636-b12f-26c4acef3e68,suitesparse_sample_100,Rajat/rajat20,rajat20,86916,86916,605045,32,row-major,N,N,1.0,0.0,20260922,main,pass,pass,0,0,38722880.0,1.202723,0.0404127985239,1.24313579852,0.100548948524,958.1835808054574,31.149356366457347,385.114718437431,0.9142973099288715,0.02972266828860434,0.3674758763715945,cuSPARSE 12.5.8,CUDA,12080,13020,2026-09-22T17:20:45.494212+00:00,derived,csr-alg2,0,0,,,,5,20,4,true
3,RTX5090-SL3061-suitesparse_sample_100-fp32-n32-row-major-cuSPARSE-SpMM-CSR-pre-plus-solve,cuSPARSE-SpMM-CSR-best-pre-plus-solve,cuSPARSE CUDA 12.8 CSR PER MATRIX BEST,per-matrix-best,cuSPARSE-SpMM-CSR,best,pre-plus-solve,"csr-alg1,csr-alg2,csr-alg3,csr-default",manual-selection,csr,CUSPARSE_SPMM_CSR_ALG1,library-preprocess,spmm.csr.fp32,fp32,RTX5090-SL3061,RTX 5090,,104800.0,a8b026d9-52e8-5636-b12f-26c4acef3e68,suitesparse_sample_100,Rommes/zeros_nopss_13k,zeros_nopss_13k,13296,13296,48827,32,row-major,N,N,1.0,0.0,20260922,main,pass,pass,0,0,3124928.0,1.403612,0.0136976003647,1.41730960036,0.0838782003647,228.136893820704,2.2048308987720544,37.25554418684357,0.21768787578311447,0.0021038462774542505,0.035549183384392724,cuSPARSE 12.5.8,CUDA,12080,13020,2026-09-22T16:07:13.013700+00:00,derived,csr-alg1,0,0,,,,5,20,4,true
3,RTX5090-SL3061-suitesparse_sample_100-fp32-n32-row-major-cuSPARSE-SpMM-CSR-pre-plus-solve,cuSPARSE-SpMM-CSR-best-pre-plus-solve,cuSPARSE CUDA 12.8 CSR PER MATRIX BEST,per-matrix-best,cuSPARSE-SpMM-CSR,best,pre-plus-solve,"csr-alg1,csr-alg2,csr-alg3,csr-default",manual-selection,csr,CUSPARSE_SPMM_CSR_ALG1,library-preprocess,spmm.csr.fp32,fp32,RTX5090-SL3061,RTX 5090,,104800.0,a8b026d9-52e8-5636-b12f-26c4acef3e68,suitesparse_sample_100,Rothberg/gearbox,gearbox,153746,153746,9080404,32,row-major,N,N,1.0,0.0,20260922,main,pass,pass,0,0,581145856.0,1.537244,0.819174385071,2.35641838507,0.896036585071,709.4287450768257,246.6225266625292,648.5738034390095,0.6769358254549864,0.2353268384184439,0.61886813305249,cuSPARSE 12.5.8,CUDA,12080,13020,2026-09-22T16:13:57.334280+00:00,derived,csr-alg1,0,0,,,,5,20,4,true
3,RTX5090-SL3061-suitesparse_sample_100-fp32-n32-row-major-cuSPARSE-SpMM-CSR-pre-plus-solve,cuSPARSE-SpMM-CSR-best-pre-plus-solve,cuSPARSE CUDA 12.8 CSR PER MATRIX BEST,per-matrix-best,cuSPARSE-SpMM-CSR,best,pre-plus-solve,"csr-alg1,csr-alg2,csr-alg3,csr-default",manual-selection,csr,CUSPARSE_SPMM_CSR_ALG2,library-preprocess,spmm.csr.fp32,fp32,RTX5090-SL3061,RTX 5090,,104800.0,a8b026d9-52e8-5636-b12f-26c4acef3e68,suitesparse_sample_100,Sandia/adder_dcop_31,adder_dcop_31,1813,1813,11246,32,row-major,N,N,1.0,0.0,20260922,main,pass,pass,0,0,719744.0,1.307194,0.0118415996432,1.31903559964,0.0772012996432,60.78097737524091,0.5456592681777788,9.322951858665972,0.05799711581606957,0.0005206672406276515,0.008895946430024783,cuSPARSE 12.5.8,CUDA,12080,13020,2026-09-22T17:19:54.524364+00:00,derived,csr-alg2,0,0,,,,5,20,4,true
3,RTX5090-SL3061-suitesparse_sample_100-fp32-n32-row-major-cuSPARSE-SpMM-CSR-pre-plus-solve,cuSPARSE-SpMM-CSR-best-pre-plus-solve,cuSPARSE CUDA 12.8 CSR PER MATRIX BEST,per-matrix-best,cuSPARSE-SpMM-CSR,best,pre-plus-solve,"csr-alg1,csr-alg2,csr-alg3,csr-default",manual-selection,csr,CUSPARSE_SPMM_CSR_ALG1,library-preprocess,spmm.csr.fp32,fp32,RTX5090-SL3061,RTX 5090,,104800.0,a8b026d9-52e8-5636-b12f-26c4acef3e68,suitesparse_sample_100,Sandia/fpga_dcop_40,fpga_dcop_40,1220,1220,5892,32,row-major,N,N,1.0,0.0,20260922,main,pass,pass,0,0,377088.0,1.350079,0.0125839993358,1.36266299934,0.0800879493358,29.96567227457085,0.27672872910076884,4.708423715769164,0.02859319873527753,0.0002640541308213443,0.004492770721153783,cuSPARSE 12.5.8,CUDA,12080,13020,2026-09-22T16:07:01.449902+00:00,derived,csr-alg1,0,0,,,,5,20,4,true
3,RTX5090-SL3061-suitesparse_sample_100-fp32-n32-row-major-cuSPARSE-SpMM-CSR-pre-plus-solve,cuSPARSE-SpMM-CSR-best-pre-plus-solve,cuSPARSE CUDA 12.8 CSR PER MATRIX BEST,per-matrix-best,cuSPARSE-SpMM-CSR,best,pre-plus-solve,"csr-alg1,csr-alg2,csr-alg3,csr-default",manual-selection,csr,CUSPARSE_SPMM_CSR_ALG1,library-preprocess,spmm.csr.fp32,fp32,RTX5090-SL3061,RTX 5090,,104800.0,a8b026d9-52e8-5636-b12f-26c4acef3e68,suitesparse_sample_100,Schenk_AFE/af_4_k101,af_4_k101,503625,503625,17550675,32,row-major,N,N,1.0,0.0,20260922,main,pass,pass,0,0,1123243200.0,1.605599,1.56219043732,3.16778943732,1.64247038732,719.0180999487927,354.5826584200879,683.8742473968027,0.6860859732335809,0.3383422313168778,0.6525517627832087,cuSPARSE 12.5.8,CUDA,12080,13020,2026-09-22T16:21:52.788884+00:00,derived,csr-alg1,0,0,,,,5,20,4,true
3,RTX5090-SL3061-suitesparse_sample_100-fp32-n32-row-major-cuSPARSE-SpMM-CSR-pre-plus-solve,cuSPARSE-SpMM-CSR-best-pre-plus-solve,cuSPARSE CUDA 12.8 CSR PER MATRIX BEST,per-matrix-best,cuSPARSE-SpMM-CSR,best,pre-plus-solve,"csr-alg1,csr-alg2,csr-alg3,csr-default",manual-selection,csr,CUSPARSE_SPMM_CSR_ALG2,library-preprocess,spmm.csr.fp32,fp32,RTX5090-SL3061,RTX 5090,,104800.0,a8b026d9-52e8-5636-b12f-26c4acef3e68,suitesparse_sample_100,Schenk_IBMNA/c-29,c-29,5033,5033,43731,32,row-major,N,N,1.0,0.0,20260922,main,pass,pass,0,0,2798784.0,1.350645,0.0123503997922,1.36299539979,0.0798826497922,226.6148502955828,2.053406783640807,35.03619380779833,0.21623554417517446,0.0019593576179778695,0.03343148264102894,cuSPARSE 12.5.8,CUDA,12080,13020,2026-09-22T17:20:00.486132+00:00,derived,csr-alg2,0,0,,,,5,20,4,true
3,RTX5090-SL3061-suitesparse_sample_100-fp32-n32-row-major-cuSPARSE-SpMM-CSR-pre-plus-solve,cuSPARSE-SpMM-CSR-best-pre-plus-solve,cuSPARSE CUDA 12.8 CSR PER MATRIX BEST,per-matrix-best,cuSPARSE-SpMM-CSR,best,pre-plus-solve,"csr-alg1,csr-alg2,csr-alg3,csr-default",manual-selection,csr,CUSPARSE_SPMM_CSR_ALG2,library-preprocess,spmm.csr.fp32,fp32,RTX5090-SL3061,RTX 5090,,104800.0,a8b026d9-52e8-5636-b12f-26c4acef3e68,suitesparse_sample_100,Schenk_IBMNA/c-65,c-65,48066,48066,360528,32,row-major,N,N,1.0,0.0,20260922,main,pass,pass,0,0,23073792.0,1.502567,0.0262560009956,1.528823001,0.101384350996,878.8006979382246,15.092520183767173,227.58731276891388,0.838550284292199,0.014401259717335088,0.2171634663825514,cuSPARSE 12.5.8,CUDA,12080,13020,2026-09-22T17:20:25.497355+00:00,derived,csr-alg2,0,0,,,,5,20,4,true
3,RTX5090-SL3061-suitesparse_sample_100-fp32-n32-row-major-cuSPARSE-SpMM-CSR-pre-plus-solve,cuSPARSE-SpMM-CSR-best-pre-plus-solve,cuSPARSE CUDA 12.8 CSR PER MATRIX BEST,per-matrix-best,cuSPARSE-SpMM-CSR,best,pre-plus-solve,"csr-alg1,csr-alg2,csr-alg3,csr-default",manual-selection,csr,CUSPARSE_SPMM_CSR_ALG2,library-preprocess,spmm.csr.fp32,fp32,RTX5090-SL3061,RTX 5090,,104800.0,a8b026d9-52e8-5636-b12f-26c4acef3e68,suitesparse_sample_100,Schenk/nlpkkt120,nlpkkt120,3542400,3542400,96845792,32,row-major,N,N,1.0,0.0,20260922,main,pass,pass,0,0,6198130688.0,1.693367,4.00790061951,5.70126761951,4.09256896951,1546.4781381624612,1087.149578242865,1514.48411356696,1.475647078399295,1.0373564677889933,1.445118428976107,cuSPARSE 12.5.8,CUDA,12080,13020,2026-09-22T19:12:38.988148+00:00,derived,csr-alg2,0,0,,,,5,20,4,true
3,RTX5090-SL3061-suitesparse_sample_100-fp32-n32-row-major-cuSPARSE-SpMM-CSR-pre-plus-solve,cuSPARSE-SpMM-CSR-best-pre-plus-solve,cuSPARSE CUDA 12.8 CSR PER MATRIX BEST,per-matrix-best,cuSPARSE-SpMM-CSR,best,pre-plus-solve,"csr-alg1,csr-alg2,csr-alg3,csr-default",manual-selection,csr,CUSPARSE_SPMM_CSR_ALG2,library-preprocess,spmm.csr.fp32,fp32,RTX5090-SL3061,RTX 5090,,104800.0,a8b026d9-52e8-5636-b12f-26c4acef3e68,suitesparse_sample_100,SNAP/as-Skitter,as-Skitter,1696415,1696415,22190596,32,row-major,N,N,1.0,0.0,20260922,main,pass,pass,0,0,1420198144.0,1.83191,1.43057756424,3.26248756424,1.52217306424,992.7445945613483,435.31143522713677,933.0070130422952,0.9472753764898362,0.41537350689612285,0.8902738674067702,cuSPARSE 12.5.8,CUDA,12080,13020,2026-09-22T17:38:55.873786+00:00,derived,csr-alg2,0,0,,,,5,20,4,true
3,RTX5090-SL3061-suitesparse_sample_100-fp32-n32-row-major-cuSPARSE-SpMM-CSR-pre-plus-solve,cuSPARSE-SpMM-CSR-best-pre-plus-solve,cuSPARSE CUDA 12.8 CSR PER MATRIX BEST,per-matrix-best,cuSPARSE-SpMM-CSR,best,pre-plus-solve,"csr-alg1,csr-alg2,csr-alg3,csr-default",manual-selection,csr,CUSPARSE_SPMM_CSR_ALG1,library-preprocess,spmm.csr.fp32,fp32,RTX5090-SL3061,RTX 5090,,104800.0,a8b026d9-52e8-5636-b12f-26c4acef3e68,suitesparse_sample_100,SNAP/cit-HepPh,cit-HepPh,34546,34546,421578,32,row-major,N,N,1.0,0.0,20260922,main,pass,pass,0,0,26980992.0,1.26428,0.0510623991489,1.31534239915,0.114276399149,528.3925637987035,20.512523596468604,236.10292414639935,0.5041913776705186,0.019573018698920423,0.22528904975801464,cuSPARSE 12.5.8,CUDA,12080,13020,2026-09-22T16:07:44.237856+00:00,derived,csr-alg1,0,0,,,,5,20,4,true
3,RTX5090-SL3061-suitesparse_sample_100-fp32-n32-row-major-cuSPARSE-SpMM-CSR-pre-plus-solve,cuSPARSE-SpMM-CSR-best-pre-plus-solve,cuSPARSE CUDA 12.8 CSR PER MATRIX BEST,per-matrix-best,cuSPARSE-SpMM-CSR,best,pre-plus-solve,"csr-alg1,csr-alg2,csr-alg3,csr-default",manual-selection,csr,CUSPARSE_SPMM_CSR_ALG1,library-preprocess,spmm.csr.fp32,fp32,RTX5090-SL3061,RTX 5090,,104800.0,a8b026d9-52e8-5636-b12f-26c4acef3e68,suitesparse_sample_100,SNAP/com-DBLP,com-DBLP,317080,317080,2099732,32,row-major,N,N,1.0,0.0,20260922,main,pass,pass,0,0,134382848.0,1.414311,0.246747207642,1.66105820764,0.317462757642,544.6175026019872,80.90194996292671,423.30271745305754,0.519673189505713,0.07719651714019723,0.40391480673001673,cuSPARSE 12.5.8,CUDA,12080,13020,2026-09-22T16:09:42.519900+00:00,derived,csr-alg1,0,0,,,,5,20,4,true
3,RTX5090-SL3061-suitesparse_sample_100-fp32-n32-row-major-cuSPARSE-SpMM-CSR-pre-plus-solve,cuSPARSE-SpMM-CSR-best-pre-plus-solve,cuSPARSE CUDA 12.8 CSR PER MATRIX BEST,per-matrix-best,cuSPARSE-SpMM-CSR,best,pre-plus-solve,"csr-alg1,csr-alg2,csr-alg3,csr-default",manual-selection,csr,CUSPARSE_SPMM_CSR_ALG1,library-preprocess,spmm.csr.fp32,fp32,RTX5090-SL3061,RTX 5090,,104800.0,a8b026d9-52e8-5636-b12f-26c4acef3e68,suitesparse_sample_100,SNAP/p2p-Gnutella25,p2p-Gnutella25,22687,22687,54705,32,row-major,N,N,1.0,0.0,20260922,main,pass,pass,0,0,3501120.0,1.401037,0.0145487993956,1.4155857994,0.0846006493956,240.64666126737887,2.4732658391204256,41.38407949599132,0.22962467678185006,0.0023599864877103297,0.03948862547327416,cuSPARSE 12.5.8,CUDA,12080,13020,2026-09-22T16:07:14.249423+00:00,derived,csr-alg1,0,0,,,,5,20,4,true
3,RTX5090-SL3061-suitesparse_sample_100-fp32-n32-row-major-cuSPARSE-SpMM-CSR-pre-plus-solve,cuSPARSE-SpMM-CSR-best-pre-plus-solve,cuSPARSE CUDA 12.8 CSR PER MATRIX BEST,per-matrix-best,cuSPARSE-SpMM-CSR,best,pre-plus-solve,"csr-alg1,csr-alg2,csr-alg3,csr-default",manual-selection,csr,CUSPARSE_SPMM_CSR_ALG2,library-preprocess,spmm.csr.fp32,fp32,RTX5090-SL3061,RTX 5090,,104800.0,a8b026d9-52e8-5636-b12f-26c4acef3e68,suitesparse_sample_100,SNAP/soc-LiveJournal1,soc-LiveJournal1,4847571,4847571,68993773,32,row-major,N,N,1.0,0.0,20260922,main,pass,pass,0,0,4415601472.0,1.822244,4.1567905426,5.9790345426,4.2479027426,1062.2622012698573,738.5141264094225,1039.478005868222,1.0136089706773448,0.7046890519173878,0.9918683262101355,cuSPARSE 12.5.8,CUDA,12080,13020,2026-09-22T19:06:56.828355+00:00,derived,csr-alg2,0,0,,,,5,20,4,true
3,RTX5090-SL3061-suitesparse_sample_100-fp32-n32-row-major-cuSPARSE-SpMM-CSR-pre-plus-solve,cuSPARSE-SpMM-CSR-best-pre-plus-solve,cuSPARSE CUDA 12.8 CSR PER MATRIX BEST,per-matrix-best,cuSPARSE-SpMM-CSR,best,pre-plus-solve,"csr-alg1,csr-alg2,csr-alg3,csr-default",manual-selection,csr,CUSPARSE_SPMM_CSR_ALG2,library-preprocess,spmm.csr.fp32,fp32,RTX5090-SL3061,RTX 5090,,104800.0,a8b026d9-52e8-5636-b12f-26c4acef3e68,suitesparse_sample_100,SNAP/sx-stackoverflow,sx-stackoverflow,2601977,2601977,36233450,32,row-major,N,N,1.0,0.0,20260922,main,pass,pass,0,0,2318940800.0,2.171855,2.03864002228,4.21049502228,2.14723277228,1137.4940031867488,550.7525333076594,1079.9671232372607,1.0853950412087299,0.5255272264386064,1.030502980188226,cuSPARSE 12.5.8,CUDA,12080,13020,2026-09-22T18:41:38.315367+00:00,derived,csr-alg2,0,0,,,,5,20,4,true
3,RTX5090-SL3061-suitesparse_sample_100-fp32-n32-row-major-cuSPARSE-SpMM-CSR-pre-plus-solve,cuSPARSE-SpMM-CSR-best-pre-plus-solve,cuSPARSE CUDA 12.8 CSR PER MATRIX BEST,per-matrix-best,cuSPARSE-SpMM-CSR,best,pre-plus-solve,"csr-alg1,csr-alg2,csr-alg3,csr-default",manual-selection,csr,CUSPARSE_SPMM_CSR_ALG1,library-preprocess,spmm.csr.fp32,fp32,RTX5090-SL3061,RTX 5090,,104800.0,a8b026d9-52e8-5636-b12f-26c4acef3e68,suitesparse_sample_100,SNAP/web-Google,web-Google,916428,916428,5105039,32,row-major,N,N,1.0,0.0,20260922,main,pass,pass,0,0,326722496.0,2.29353,1.39201440811,3.68554440811,1.50669090811,234.7120073588934,88.6497243883565,216.84772519789226,0.22396183908291356,0.0845894316682791,0.2069157683185995,cuSPARSE 12.5.8,CUDA,12080,13020,2026-09-22T16:12:44.810204+00:00,derived,csr-alg1,0,0,,,,5,20,4,true
3,RTX5090-SL3061-suitesparse_sample_100-fp32-n32-row-major-cuSPARSE-SpMM-CSR-pre-plus-solve,cuSPARSE-SpMM-CSR-best-pre-plus-solve,cuSPARSE CUDA 12.8 CSR PER MATRIX BEST,per-matrix-best,cuSPARSE-SpMM-CSR,best,pre-plus-solve,"csr-alg1,csr-alg2,csr-alg3,csr-default",manual-selection,csr,CUSPARSE_SPMM_CSR_ALG2,library-preprocess,spmm.csr.fp32,fp32,RTX5090-SL3061,RTX 5090,,104800.0,a8b026d9-52e8-5636-b12f-26c4acef3e68,suitesparse_sample_100,TSOPF/TSOPF_FS_b39_c19,TSOPF_FS_b39_c19,76216,76216,1977600,32,row-major,N,N,1.0,0.0,20260922,main,pass,pass,0,0,126566400.0,1.977311,0.0854655981064,2.06277659811,0.184331148106,1480.904630684638,61.357298757395874,686.6251379675547,1.4130769376761814,0.05854704079904186,0.6551766583659873,cuSPARSE 12.5.8,CUDA,12080,13020,2026-09-22T17:22:17.210852+00:00,derived,csr-alg2,0,0,,,,5,20,4,true
3,RTX5090-SL3061-suitesparse_sample_100-fp32-n32-row-major-cuSPARSE-SpMM-CSR-pre-plus-solve,cuSPARSE-SpMM-CSR-best-pre-plus-solve,cuSPARSE CUDA 12.8 CSR PER MATRIX BEST,per-matrix-best,cuSPARSE-SpMM-CSR,best,pre-plus-solve,"csr-alg1,csr-alg2,csr-alg3,csr-default",manual-selection,csr,CUSPARSE_SPMM_CSR_ALG2,library-preprocess,spmm.csr.fp32,fp32,RTX5090-SL3061,RTX 5090,,104800.0,a8b026d9-52e8-5636-b12f-26c4acef3e68,suitesparse_sample_100,TSOPF/TSOPF_FS_b39_c30,TSOPF_FS_b39_c30,120216,120216,3121160,32,row-major,N,N,1.0,0.0,20260922,main,pass,pass,0,0,199754240.0,1.503047,0.136819195747,1.63986619575,0.211971545747,1459.986947806481,121.81130418914546,942.36346343588,1.3931173166092377,0.11623216048582581,0.8992017780876718,cuSPARSE 12.5.8,CUDA,12080,13020,2026-09-22T17:23:23.833364+00:00,derived,csr-alg2,0,0,,,,5,20,4,true
3,RTX5090-SL3061-suitesparse_sample_100-fp32-n32-row-major-cuSPARSE-SpMM-CSR-pre-plus-solve,cuSPARSE-SpMM-CSR-best-pre-plus-solve,cuSPARSE CUDA 12.8 CSR PER MATRIX BEST,per-matrix-best,cuSPARSE-SpMM-CSR,best,pre-plus-solve,"csr-alg1,csr-alg2,csr-alg3,csr-default",manual-selection,csr,CUSPARSE_SPMM_CSR_ALG1,library-preprocess,spmm.csr.fp32,fp32,RTX5090-SL3061,RTX 5090,,104800.0,a8b026d9-52e8-5636-b12f-26c4acef3e68,suitesparse_sample_100,UTEP/Dubcova2,Dubcova2,65025,65025,1030225,32,row-major,N,N,1.0,0.0,20260922,main,pass,pass,0,0,65934400.0,1.57879,0.0936415970325,1.67243159703,0.172581097033,704.1144330026355,39.42427308661836,382.04879406573934,0.6718649169872476,0.03761858118952134,0.36455037601692686,cuSPARSE 12.5.8,CUDA,12080,13020,2026-09-22T16:08:51.378032+00:00,derived,csr-alg1,0,0,,,,5,20,4,true
3,RTX5090-SL3061-suitesparse_sample_100-fp32-n32-row-major-cuSPARSE-SpMM-CSR-pre-plus-solve,cuSPARSE-SpMM-CSR-best-pre-plus-solve,cuSPARSE CUDA 12.8 CSR PER MATRIX BEST,per-matrix-best,cuSPARSE-SpMM-CSR,best,pre-plus-solve,"csr-alg1,csr-alg2,csr-alg3,csr-default",manual-selection,csr,CUSPARSE_SPMM_CSR_ALG2,library-preprocess,spmm.csr.fp32,fp32,RTX5090-SL3061,RTX 5090,,104800.0,a8b026d9-52e8-5636-b12f-26c4acef3e68,suitesparse_sample_100,vanHeukelum/cage14,cage14,1505785,1505785,27130349,32,row-major,N,N,1.0,0.0,20260922,main,pass,pass,0,0,1736342336.0,1.57197,1.60228633881,3.17425633881,1.68088483881,1083.6654435246337,547.0075982114726,1032.993037898576,1.0340319117601466,0.521953815087283,0.9856803796742136,cuSPARSE 12.5.8,CUDA,12080,13020,2026-09-22T18:30:30.795748+00:00,derived,csr-alg2,0,0,,,,5,20,4,true
3,RTX5090-SL3061-suitesparse_sample_100-fp32-n32-row-major-cuSPARSE-SpMM-CSR-pre-plus-solve,cuSPARSE-SpMM-CSR-best-pre-plus-solve,cuSPARSE CUDA 12.8 CSR PER MATRIX BEST,per-matrix-best,cuSPARSE-SpMM-CSR,best,pre-plus-solve,"csr-alg1,csr-alg2,csr-alg3,csr-default",manual-selection,csr,CUSPARSE_SPMM_CSR_ALG2,library-preprocess,spmm.csr.fp32,fp32,RTX5090-SL3061,RTX 5090,,104800.0,a8b026d9-52e8-5636-b12f-26c4acef3e68,suitesparse_sample_100,vanHeukelum/cage15,cage15,5154859,5154859,99199551,32,row-major,N,N,1.0,0.0,20260922,main,pass,pass,0,0,6348771264.0,1.563696,4.99317588806,6.55687188806,5.07136068806,1271.489610286228,968.2622098444612,1251.8871471610237,1.2132534449296069,0.9239143223706691,1.1945488045429615,cuSPARSE 12.5.8,CUDA,12080,13020,2026-09-22T19:19:57.675385+00:00,derived,csr-alg2,0,0,,,,5,20,4,true
3,RTX5090-SL3061-suitesparse_sample_100-fp32-n32-row-major-cuSPARSE-SpMM-CSR-pre-plus-solve,cuSPARSE-SpMM-CSR-best-pre-plus-solve,cuSPARSE CUDA 12.8 CSR PER MATRIX BEST,per-matrix-best,cuSPARSE-SpMM-CSR,best,pre-plus-solve,"csr-alg1,csr-alg2,csr-alg3,csr-default",manual-selection,csr,CUSPARSE_SPMM_CSR_ALG2,library-preprocess,spmm.csr.fp32,fp32,RTX5090-SL3061,RTX 5090,,104800.0,a8b026d9-52e8-5636-b12f-26c4acef3e68,suitesparse_sample_100,VDOL/freeFlyingRobot_14,freeFlyingRobot_14,5958,5958,43298,32,row-major,N,N,1.0,0.0,20260922,main,pass,pass,0,0,2771072.0,1.569283,0.0119648002088,1.58124780021,0.0904289502088,231.60202858731418,1.752459038761656,30.64363783502527,0.22099430208713183,0.0016721937392763894,0.02924011243800121,cuSPARSE 12.5.8,CUDA,12080,13020,2026-09-22T17:19:59.407017+00:00,derived,csr-alg2,0,0,,,,5,20,4,true
3,RTX5090-SL3061-suitesparse_sample_100-fp32-n32-row-major-cuSPARSE-SpMM-CSR-pre-plus-solve,cuSPARSE-SpMM-CSR-best-pre-plus-solve,cuSPARSE CUDA 12.8 CSR PER MATRIX BEST,per-matrix-best,cuSPARSE-SpMM-CSR,best,pre-plus-solve,"csr-alg1,csr-alg2,csr-alg3,csr-default",manual-selection,csr,CUSPARSE_SPMM_CSR_ALG1,library-preprocess,spmm.csr.fp32,fp32,RTX5090-SL3061,RTX 5090,,104800.0,a8b026d9-52e8-5636-b12f-26c4acef3e68,suitesparse_sample_100,VDOL/reorientation_1,reorientation_1,677,677,7326,32,row-major,N,N,1.0,0.0,20260922,main,pass,pass,0,0,468864.0,1.530801,0.0120719999075,1.54287299991,0.0886120499075,38.83896650038141,0.30389021003501265,5.291199114448158,0.03706008253853188,0.0002899715744608899,0.005048854116839846,cuSPARSE 12.5.8,CUDA,12080,13020,2026-09-22T16:07:03.920723+00:00,derived,csr-alg1,0,0,,,,5,20,4,true
3,RTX5090-SL3061-suitesparse_sample_100-fp32-n32-row-major-cuSPARSE-SpMM-CSR-pre-plus-solve,cuSPARSE-SpMM-CSR-best-pre-plus-solve,cuSPARSE CUDA 12.8 CSR PER MATRIX BEST,per-matrix-best,cuSPARSE-SpMM-CSR,best,pre-plus-solve,"csr-alg1,csr-alg2,csr-alg3,csr-default",manual-selection,csr,CUSPARSE_SPMM_CSR_ALG1,library-preprocess,spmm.csr.fp32,fp32,RTX5090-SL3061,RTX 5090,,104800.0,a8b026d9-52e8-5636-b12f-26c4acef3e68,suitesparse_sample_100,VDOL/spaceStation_13,spaceStation_13,1617,1617,23649,32,row-major,N,N,1.0,0.0,20260922,main,pass,pass,0,0,1513536.0,1.336055,0.0100511997938,1.34610619979,0.0768539497938,150.58262009015203,1.1243808254030179,19.693665765531037,0.14368570619289314,0.0010728824669876125,0.018791665806804424,cuSPARSE 12.5.8,CUDA,12080,13020,2026-09-22T16:07:07.857879+00:00,derived,csr-alg1,0,0,,,,5,20,4,true
3,RTX5090-SL3061-suitesparse_sample_100-fp32-n32-row-major-cuSPARSE-SpMM-CSR-pre-plus-solve,cuSPARSE-SpMM-CSR-best-pre-plus-solve,cuSPARSE CUDA 12.8 CSR PER MATRIX BEST,per-matrix-best,cuSPARSE-SpMM-CSR,best,pre-plus-solve,"csr-alg1,csr-alg2,csr-alg3,csr-default",manual-selection,csr,CUSPARSE_SPMM_CSR_ALG1,library-preprocess,spmm.csr.fp32,fp32,RTX5090-SL3061,RTX 5090,,104800.0,a8b026d9-52e8-5636-b12f-26c4acef3e68,suitesparse_sample_100,VLSI/mosfet2,mosfet2,46994,46994,1499460,32,row-major,N,N,1.0,0.0,20260922,main,pass,pass,0,0,95965440.0,1.015361,0.137265598774,1.15262659877,0.188033648774,699.1222917987022,83.25804740443036,510.36312184391033,0.6671014234720442,0.0794447017217847,0.4869877116831205,cuSPARSE 12.5.8,CUDA,12080,13020,2026-09-22T16:08:34.331357+00:00,derived,csr-alg1,0,0,,,,5,20,4,true
3,RTX5090-SL3061-suitesparse_sample_100-fp32-n32-row-major-cuSPARSE-SpMM-CSR-pre-plus-solve,cuSPARSE-SpMM-CSR-best-pre-plus-solve,cuSPARSE CUDA 12.8 CSR PER MATRIX BEST,per-matrix-best,cuSPARSE-SpMM-CSR,best,pre-plus-solve,"csr-alg1,csr-alg2,csr-alg3,csr-default",manual-selection,csr,CUSPARSE_SPMM_CSR_ALG2,library-preprocess,spmm.csr.fp32,fp32,RTX5090-SL3061,RTX 5090,,104800.0,a8b026d9-52e8-5636-b12f-26c4acef3e68,suitesparse_sample_100,Williams/cant,cant,62451,62451,4007383,32,row-major,N,N,1.0,0.0,20260922,main,pass,pass,0,0,256472512.0,1.336215,0.151140797138,1.48735579714,0.217951547138,1696.911203702507,172.43521186602743,1176.7409562713945,1.6191900798688046,0.16453741590269794,1.1228444239230864,cuSPARSE 12.5.8,CUDA,12080,13020,2026-09-22T17:23:54.316218+00:00,derived,csr-alg2,0,0,,,,5,20,4,true
3,RTX5090-SL3061-suitesparse_sample_100-fp32-n32-row-major-cuSPARSE-SpMM-CSR-pre-plus-solve,cuSPARSE-SpMM-CSR-best-pre-plus-solve,cuSPARSE CUDA 12.8 CSR PER MATRIX BEST,per-matrix-best,cuSPARSE-SpMM-CSR,best,pre-plus-solve,"csr-alg1,csr-alg2,csr-alg3,csr-default",manual-selection,csr,CUSPARSE_SPMM_CSR_ALG1,library-preprocess,spmm.csr.fp32,fp32,RTX5090-SL3061,RTX 5090,,104800.0,a8b026d9-52e8-5636-b12f-26c4acef3e68,suitesparse_sample_100,Williams/cop20k_A,cop20k_A,121192,121192,2624331,32,row-major,N,N,1.0,0.0,20260922,main,pass,pass,0,0,167957184.0,1.437741,0.225100803375,1.66284180338,0.296987853375,746.1420904846649,101.0061111397364,565.5355331584021,0.7119676435922375,0.09637987704173322,0.5396331423267197,cuSPARSE 12.5.8,CUDA,12080,13020,2026-09-22T16:10:20.109359+00:00,derived,csr-alg1,0,0,,,,5,20,4,true
3,RTX5090-SL3061-suitesparse_sample_100-fp32-n32-row-major-cuSPARSE-SpMM-CSR-pre-plus-solve,cuSPARSE-SpMM-CSR-best-pre-plus-solve,cuSPARSE CUDA 12.8 CSR PER MATRIX BEST,per-matrix-best,cuSPARSE-SpMM-CSR,best,pre-plus-solve,"csr-alg1,csr-alg2,csr-alg3,csr-default",manual-selection,csr,CUSPARSE_SPMM_CSR_ALG1,library-preprocess,spmm.csr.fp32,fp32,RTX5090-SL3061,RTX 5090,,104800.0,a8b026d9-52e8-5636-b12f-26c4acef3e68,suitesparse_sample_100,YCheng/psse1,psse1,14318,11028,57376,32,row-major,N,N,1.0,0.0,20260922,main,pass,pass,0,0,3672064.0,1.595361,0.0142000004649,1.60956100046,0.0939680504649,258.59604787173924,2.281407165649859,39.07779273734779,0.24675195407608705,0.0021769152343987202,0.03728797016922499,cuSPARSE 12.5.8,CUDA,12080,13020,2026-09-22T16:07:15.311311+00:00,derived,csr-alg1,0,0,,,,5,20,4,true
3,RTX5090-SL3061-suitesparse_sample_100-fp32-n32-row-major-cuSPARSE-SpMM-CSR-pre-plus-solve,cuSPARSE-SpMM-CSR-best-pre-plus-solve,cuSPARSE CUDA 12.8 CSR PER MATRIX BEST,per-matrix-best,cuSPARSE-SpMM-CSR,best,pre-plus-solve,"csr-alg1,csr-alg2,csr-alg3,csr-default",manual-selection,csr,CUSPARSE_SPMM_CSR_ALG1,library-preprocess,spmm.csr.fp32,fp32,RTX5090-SL3061,RTX 5090,,104800.0,a8b026d9-52e8-5636-b12f-26c4acef3e68,suitesparse_sample_100,Yoshiyasu/mesh_deform,mesh_deform,234023,9393,853829,32,row-major,N,N,1.0,0.0,20260922,main,pass,pass,0,0,54645056.0,1.154023,0.112295997143,1.26631899714,0.169997147143,486.61624091920106,43.152678056174366,321.4469002472912,0.46432847415954304,0.041176219519250344,0.3067241414573389,cuSPARSE 12.5.8,CUDA,12080,13020,2026-09-22T16:08:20.228096+00:00,derived,csr-alg1,0,0,,,,5,20,4,true
